1 7486 -0.00624320090669528
1 7485 -0.338996170348906
1 7492 0.117118049517671
1 7048 1.5279037286133
1 7213 0.218195176136302
1 7260 -1.38035721401158
1 7261 -0.0179549296307329
1 7262 0.143097670207022
1 6688 -1.22588291038776
1 7232 1.48547352999168
1 7267 -0.43318334902132
1 7256 0.125067829123083
1 6910 -0.261204762335097
1 7454 -0.0959800005320422
1 7173 0.635061941036412
1 7198 0.520733996160345
1 7199 2.84013352806687
1 7458 -0.154553492168567
1 7482 0.951996385696589
1 7459 -2.10664350759477
1 7115 0.956823285185322
1 7140 -1.08662834281067
1 7692 0.797756311890822
1 7209 0.339320630648771
1 7245 0.0921250499819806
1 7257 -0.187372577308281
1 7063 0.00756699710179494
1 7051 -0.03421137173315
1 7112 -0.323341514937709
1 7124 -1.6030503149065
1 7137 0.479815305274627
1 7043 -0.0981460754573606
1 7053 -1.00965546208362
1 7193 -2.15070669002648
1 7205 0.0760651536233366
1 7223 1.45370245397571
1 7050 -0.463029129000653
1 7596 -1.33333031890324
1 7476 0.0468399368527107
1 7157 0.215641911004274
1 7158 0.525790116645226
1 7108 -0.813698570685991
1 7185 0.0598429301172949
1 7133 -0.341881016916496
1 7109 2.15632749817256
1 7159 0.125496274402696
1 7134 -0.173508314313471
1 7172 -0.334158060343469
1 7472 0.0854842828921022
1 7095 1.03458240453854
1 7056 -0.192951236062527
1 7055 0.284427651857925
1 7215 -0.531739049455787
1 7227 -1.29191089983494
1 7216 -0.69297292256168
1 7228 -1.06110075188587
1 7252 -0.526521753016265
1 7587 -0.0151703480258902
1 7576 -0.24099872715265
1 7593 -0.505265089495708
1 7590 0.807221573236973
1 7206 0.673872855282099
1 7230 0.22524480614952
1 7046 -0.789654064820091
1 7045 0.335311230778274
1 6155 -0.0691074859155307
1 6722 -0.172258923249819
1 7194 -0.192047974760797
1 7142 -0.272283408051241
1 7118 0.693801757214658
1 7156 1.51745081540082
1 7131 0.941953301158271
1 7143 0.454255430239769
1 7687 -0.954083653265926
1 6663 0.432806446910607
1 7163 0.320821967805095
1 7201 -2.32301826075409
1 7125 2.11810780478325
1 7202 -1.48502777133665
1 7565 0.388006401661499
1 7575 -0.347562844705493
1 7574 -0.309767122869346
1 7560 -0.158691174907323
1 7455 -0.109574511266942
1 7542 -0.0175806637147264
1 6831 0.095342139276223
1 6866 0.160056044453055
1 6884 1.15399653873695
1 6860 0.157782796239673
1 6869 -0.216019550804981
1 6892 1.59461111932468
1 6857 -0.947042740423747
1 6833 -0.809646475955738
1 6900 -0.330153554377195
1 6886 -0.464079894719092
1 6851 0.117116753757652
1 6874 -1.07688807454218
1 6723 -0.16607488616747
1 6721 0.447236928339298
1 6729 1.49803849539728
1 6715 -0.189386311820357
1 6927 0.154382329530071
1 6986 0.45563153939246
1 6915 -0.333833771626473
1 6962 -0.761905520906538
1 6939 0.172607262333003
1 6713 -0.732084262282584
1 6725 0.768577222563072
1 6841 -0.116442826398071
1 6829 0.987741165486142
1 6888 -1.00124081319494
1 6719 -0.163770887677506
1 6718 0.75860775936071
1 6724 0.067982817867455
1 6777 0.519388076073952
1 6776 0.317173766909728
1 6834 0.591931664791929
1 6730 -0.0450155038403537
1 6717 -0.773675391887124
1 6779 1.05219570303805
1 6929 -0.495035875047482
1 6928 -0.532331698334644
1 6916 0.235408509453047
1 6909 -1.26995956169679
1 6957 -0.334257295976679
1 6979 -0.314532600059934
1 6945 0.28318041088152
1 6967 0.060927411219188
1 6933 0.402489853790314
1 6972 0.251454300221013
1 6938 0.166400816990737
1 6937 -0.265286326836342
1 6943 -0.483689685426036
1 6990 -0.225086492137828
1 6969 0.0176940764809643
1 6935 -0.538426645089572
1 6958 0.541335566233026
1 6911 -0.127259244132155
1 6981 0.13900554941182
1 7241 0.794520139237453
1 6971 -1.96155326164536
1 6982 -0.159860997322852
1 6948 -0.236269976914871
1 6936 -1.5008471521148
1 6930 0.0171044863737038
1 6838 1.19599194259061
1 6827 0.169517181822789
1 6837 -0.299048098328342
1 6898 -1.68593124433495
1 1649 -1.98068360296345
1 1554 0.330246164953273
1 1592 -2.74860830259854
1 1597 0.993484158265289
1 1598 -2.86880588259288
1 1604 2.58724192635557
1 1605 -2.4172129210083
1 1610 -2.19618482834561
1 1614 -0.0755203682591343
1 1617 1.18317016760648
1 1621 -0.144417109899763
1 1625 -1.25743315822018
1 1629 3.75244373193689
1 1632 -0.974897696258068
1 1642 -0.391427399822106
1 1648 0.692080252684804
1 1660 -0.0772271746969082
1 1666 0.3093928657721
1 1741 0.205071860910394
1 1746 1.19979808712702
1 1664 0.281855553041562
1 1820 2.13405770567766
1 1834 -0.0972613370542291
1 1835 -0.505893862344863
1 1803 -0.968829024189532
1 1876 -0.00424862707817297
1 1877 1.8514005817628
1 1880 -0.433884514566844
1 1882 1.26347565553662
1 1883 -0.794136603405207
1 1884 1.89714351999262
1 1887 0.211876092469595
1 1825 0.578530450971584
1 1890 -0.337083849783212
1 1891 -0.215154828223481
1 1899 0.592805142629042
1 1960 1.06702823600438
1 1981 0.20857159038178
1 2064 -0.0852186660775338
1 2066 0.0119441782885417
1 2067 0.889198818970584
1 2068 0.590917275062452
1 2069 0.249172808731207
1 2070 0.917621773498539
1 2071 0.847579996150738
1 2072 0.196252580217751
1 2073 0.126931310958783
1 2075 0.19048587937646
1 2076 -0.317306608413242
1 2096 0.82362089167471
1 2099 0.649340151546568
1 2110 -3.61891933997813
1 2115 1.1317890125766
1 2120 0.107491746553848
1 2123 2.75335539649549
1 2126 -0.229884098790222
1 2133 -2.40091134458061
1 2135 1.15261080309256
1 2138 -1.2023082567483
1 2141 0.197768131462738
1 2142 2.4033368581716
1 2143 -0.449016104622293
1 2146 -1.55764037139899
1 2154 -1.08589141743114
1 2159 0.423734079183561
1 2163 -0.105248010685039
1 2164 -2.70966765704209
1 2167 0.300549843877963
1 2168 -1.04011712872021
1 2169 0.00808494156104445
1 2170 0.497280065330429
1 2171 0.603775392019614
1 2173 2.64718800792664
1 2174 0.16402746979366
1 2175 -0.20515619867723
1 2176 0.646987222193957
1 2177 -0.100060073544189
1 2178 0.179436238424318
1 2180 -3.32903338678497
1 2214 -0.254562379764633
1 2245 0.160092728577065
1 2252 0.346481634831235
1 2260 0.419235506784769
1 2275 0.956721617742062
1 2276 0.638027827574263
1 2278 -0.0689590470566657
1 2282 0.982882304019739
1 2285 -2.99622336933838
1 2287 -1.49201095866271
1 2292 0.421138651211123
1 2296 -2.77163788775995
1 2300 2.57103288909497
1 2303 0.723788267246114
1 2312 -0.120541850992282
1 2219 4.50015427281446
1 2321 1.24663346963129
1 2323 0.42537554877367
1 2218 -2.17964047515954
1 2337 -0.34737820221082
1 2236 0.693452333346272
1 2339 0.501948868921218
1 2340 0.108133739071405
1 2341 0.0489636181135129
1 2342 -0.026409841476085
1 2343 0.96468560008293
1 2344 0.947116001129975
1 2239 0.126676840830839
1 2349 -0.715222050858458
1 2350 0.795426170027866
1 2351 -0.707284189392333
1 2353 0.00252314523679568
1 2355 -0.821586738187591
1 2356 2.59975920666841
1 2359 -1.02130423970342
1 2361 0.768272311776073
1 2362 -1.57331019850049
1 2363 -0.124887405018665
1 2364 0.0334379853216168
1 2365 0.901933956663505
1 2366 0.0628513517885295
1 2223 -0.029010652897609
1 2368 0.118799136720092
1 2369 -0.00241198978237094
1 2370 -1.17018149100582
1 2371 -0.946640728465553
1 2372 -0.812530030225304
1 2373 0.681686997780948
1 2374 -0.561261148871807
1 2375 1.62394226227891
1 2377 0.494927348098622
1 2378 0.585880386315819
1 2379 0.15552721621631
1 2409 -0.00439469388659575
1 2417 -0.322392432302667
1 2421 0.149556562573443
1 2431 -0.676174570899647
1 2443 -2.32984965462606
1 2447 0.195721143529013
1 2459 1.80710741214504
1 2460 0.085888779924129
1 2462 0.4772709890062
1 2465 -0.16223917165641
1 2475 -0.536911590785399
1 2479 0.140221734588798
1 2488 1.73054187059897
1 2494 0.15089705516305
1 2505 -0.763928562354787
1 2517 0.904641306400521
1 2523 0.0343085763488631
1 2532 -2.06830170230734
1 2534 -0.141181778421014
1 2536 -0.233236549612039
1 2393 -0.421181674589064
1 2540 1.10757271014865
1 2545 0.0795494426453018
1 2549 -1.48360149727036
1 2401 -0.290423017572607
1 2571 0.111645706023427
1 2572 0.762827977425593
1 2601 -0.0805412315964738
1 2606 0.460302237829372
1 2607 -0.551932013213204
1 2610 -0.137237019302056
1 2611 -0.906053453107745
1 2612 -0.809551023604537
1 2614 0.98176922872571
1 2617 0.108063030361016
1 2623 -0.727780031297375
1 2624 -1.10378770232988
1 2627 0.576502349592867
1 2631 -0.621171209680945
1 2632 -2.38116179315183
1 2637 1.56700538013112
1 2640 -1.0281268035423
1 2641 1.17019070881107
1 2644 -0.189097131536556
1 2653 0.371367006593118
1 2661 -0.516722211576521
1 2666 0.70058399213093
1 2668 0.30217560853951
1 2673 0.164302456101737
1 2681 1.37011069419904
1 2683 0.735594169910954
1 2597 0.00329024885342985
1 2685 -1.39417594779503
1 2688 0.20638718211508
1 2695 -1.03353908980823
1 2697 -0.212948678975863
1 2698 0.0973709182311921
1 2699 -0.520250742451245
1 2703 -0.385296476015849
1 2706 0.0442056260698062
1 2707 0.234593708860771
1 2792 0.887099868842256
1 2795 0.510472551000551
1 2799 -0.615970124421207
1 2800 0.184717866839785
1 2804 -1.48389878672842
1 2812 0.390703914667332
1 2817 0.511407888048832
1 2819 -0.349042919830516
1 2829 -0.0682718019094786
1 2830 0.663698933086403
1 2834 -0.00290465614615698
1 2841 0.0683713859428205
1 2842 0.821523965301016
1 2843 2.74823023556777
1 2850 -0.192662347332956
1 2852 -5.29621596240551
1 2853 -0.313525321742478
1 2856 -0.394829172346967
1 2858 2.71836341281011
1 2860 -0.0538166524063204
1 2861 0.314107645788511
1 2868 0.264633360877783
1 2871 0.0437264638900719
1 2873 -0.119071345690728
1 2880 -0.529750114990193
1 2884 0.151710100401218
1 2892 -0.0951944542147155
1 2898 0.76149575885816
1 2899 0.0649640182086699
1 2901 -4.7928220710198
1 2903 0.0207202698443254
1 2906 -0.56277587195278
1 2908 0.313679850818321
1 2921 1.18886438436405
1 2927 -0.100770423609873
1 2931 -0.130005737193915
1 2933 2.21388273519335
1 2941 0.266647822587833
1 2942 0.424027466483594
1 2784 -0.161020999705604
1 2787 0.0649585656660631
1 2963 -0.0547540702536011
1 2964 -0.1032813800031
1 3002 -0.658410198579952
1 3009 -0.136708269438401
1 3027 0.642838866914502
1 3033 0.171428292836566
1 3048 -1.27449192611714
1 3061 0.613416799895646
1 3076 -0.402140864196767
1 3088 -1.49091463011666
1 3100 -1.5840565167629
1 3111 -0.0342427411675921
1 3116 -3.71190473880542
1 3121 0.430623623976653
1 3123 -0.301413320296311
1 3129 -0.477753682369602
1 3198 -1.14759367659964
1 3199 -0.222037951015452
1 3201 0.115821459291109
1 3202 0.0730043537541889
1 3203 0.318436793849656
1 3209 0.739827378432584
1 3214 -1.06848051495314
1 3221 -0.786537602746066
1 3222 0.0594981519973032
1 3224 -0.119350497822542
1 3227 -1.46488065788743
1 3232 -1.39986690987205
1 3236 -0.260359488276421
1 3237 -0.924631385081355
1 3239 0.584161727010141
1 3248 -0.864599703047546
1 3250 0.0786539243161886
1 3252 -2.17683002528034
1 3253 -2.00915240939697
1 3255 -0.104605600960981
1 3259 0.131323190536058
1 3260 -0.241351410107765
1 3263 1.71992338900424
1 3265 -0.915464484839572
1 3267 -1.90892275515883
1 3268 -0.085911984848282
1 3270 -0.0998794933365872
1 3273 -0.127793096577315
1 3275 -0.482737534371092
1 3276 -0.577790932298591
1 3278 -5.23685327346703
1 3279 0.208074838093223
1 3280 0.0776248188066688
1 3281 -1.31513769039715
1 3282 0.0799568786133804
1 3285 -0.00104195900983465
1 3286 0.12099512855235
1 3287 -1.88107940970611
1 3289 -0.854872075350078
1 3290 -0.937912360826317
1 3291 0.0304777583977308
1 3292 -1.68345863585147
1 3295 -0.536536190401392
1 3296 0.266517320463336
1 3300 -0.713059464772201
1 3301 0.87268691970749
1 3303 0.0888404202219633
1 3306 -0.166724837179751
1 3307 -0.213517744976016
1 3308 -1.79043818868968
1 3310 0.849808994312497
1 3314 0.17470297308445
1 3316 0.134737002015347
1 3318 -0.361718022160588
1 3319 1.04850630650479
1 3320 0.846205936170293
1 3326 -0.188515356273351
1 3328 0.865507448092167
1 3330 0.710907775560464
1 3440 1.02019236321424
1 3445 -0.579982402545269
1 3468 0.184048628277907
1 3469 -0.248045404216863
1 3471 -0.101423798681267
1 3473 0.460367213076566
1 3538 0.110258272209653
1 3552 0.282417655970605
1 3559 -0.36482919555923
1 3563 0.0834195143099237
1 3567 0.141198834164906
1 3571 0.100480069618456
1 3577 1.49923621326856
1 3423 -1.35472627714323
1 3581 -2.3995067697236
1 3592 0.0885989667238884
1 3593 -0.0712477669727605
1 3604 -2.32773220404984
1 3607 0.408062435778838
1 3611 -0.672113714905777
1 3636 -0.188464800413726
1 3641 -0.309906347649911
1 3651 -0.0067958836357036
1 3658 0.99616455864097
1 3659 0.348034264460329
1 3662 -0.497185591995157
1 3681 1.16048086588091
1 3692 -0.839063705498252
1 3700 -0.106729431582219
1 3704 0.500270362164848
1 3711 -1.65242171900271
1 3725 0.690384132614994
1 3734 0.642420713610846
1 3738 -0.28537063611009
1 3748 -0.139243460360689
1 3759 0.569784005728501
1 3762 -0.865685956834933
1 3782 -0.250408555378035
1 3796 -0.166245390778011
1 3885 -0.46083810817828
1 3945 -2.27667035182448
1 4004 -0.0404402942777068
1 4008 0.340148269741647
1 4104 2.2788645465981
1 4155 0.382165488819813
1 4157 -0.64218741357945
1 4158 0.949602068293956
1 4159 0.260555365787638
1 4161 -1.06870613177719
1 4162 -1.41999803006891
1 4164 0.642824039316935
1 4168 -0.534864581640278
1 4169 -0.553870475265619
1 4170 1.44054076838866
1 4172 -2.15074897064966
1 4173 0.21423111763697
1 4175 -3.03219904849735
1 4176 0.891850570807605
1 4177 3.1968466205814
1 4179 0.268941400832659
1 4184 0.769016021723715
1 4186 -1.94815612797029
1 4187 -0.976150168242853
1 4190 0.278001281280666
1 4193 -0.119002774925504
1 4195 -0.102601206620875
1 4196 -0.696639680444491
1 4200 1.8224702076906
1 4205 -2.00246851608473
1 4206 -0.00795148432517105
1 4209 0.226324944433998
1 4210 4.0061013210543
1 4212 0.920040044781146
1 4217 0.242447146385035
1 4218 1.72300758162615
1 4226 0.725122073169445
1 4227 1.02663685880698
1 4229 0.457669817053556
1 4230 -0.472574295646695
1 4232 -0.0488069124937454
1 4234 -0.78307168962121
1 4238 0.0338455561435005
1 4240 0.470307779326006
1 4241 0.832724415586824
1 4242 0.675355269320235
1 4243 0.0796697696844149
1 4244 -0.526215018206273
1 4250 -0.014590104257266
1 4251 -0.750317238446144
1 4255 -0.110054135793376
1 4256 0.283126536298894
1 4257 2.31143681691643
1 4258 -0.00969376758041562
1 4259 -0.93874548635641
1 4260 0.610840866629587
1 4262 0.248913524499443
1 4266 1.59032010259079
1 4309 -2.19329940444594
1 4310 -2.64195257976863
1 4313 -0.0244226881373777
1 4314 -1.00875595038663
1 4317 0.151177967055659
1 4322 -0.600134236639775
1 4335 0.393878013461116
1 4343 0.293572849243816
1 4345 -2.51827645915677
1 4346 -1.39552928711289
1 4353 -2.59295630537093
1 4359 0.010367946983627
1 4378 0.08788400549372
1 4385 0.683246861999606
1 4386 -0.0519150475971315
1 4395 0.088831498260976
1 4396 0.299434298616688
1 4398 0.568145337707872
1 4404 0.24575201426093
1 4407 -0.427886061869815
1 4410 -0.0380142196165512
1 4416 3.06039460055771
1 4418 0.102827481996258
1 4420 -0.230285336906146
1 4432 0.532252570963896
1 4440 1.45078140872998
1 4454 -0.0257276628229701
1 4456 0.27067594158812
1 4460 0.143151146333778
1 4461 0.708190630951798
1 4465 -0.00482528703560684
1 4466 -0.479884753918829
1 4467 -0.155776437765958
1 4468 -0.0870803516882595
1 4472 -0.511698451266085
1 4473 0.158388405041293
1 4517 0.654477367360158
1 4529 0.774311304246467
1 4543 1.01365673662016
1 4562 0.504000763273675
1 4575 -0.321554202018877
1 4598 0.344116072426104
1 4628 -0.236926283142573
1 4631 -0.094352254877317
1 4635 1.47557545785048
1 4636 0.0886272846441957
1 4688 1.55307040631678
1 5059 -4.39168350829519
1 5060 -2.23096595395417
1 5061 -0.935428056663284
1 5067 -0.806820841154945
1 5069 0.151242151950632
1 5075 -1.22757254941209
1 5076 0.521805136384181
1 5077 0.493834223040096
1 5080 -0.496303466468504
1 5084 0.25068537247144
1 5085 -0.504717440357467
1 5086 0.502337661295468
1 5087 1.63129891137399
1 5096 1.38407078016749
1 5097 -0.168112567429873
1 5100 -0.188000425781221
1 5103 -0.956785779376778
1 5105 0.205279139769686
1 5108 -3.19812278936141
1 5111 -0.152707640142253
1 5113 0.594314640701413
1 5114 -0.720893873070906
1 5119 -0.970378983165268
1 5120 -0.363363161468499
1 5122 -3.50370366575879
1 5124 -0.768433184812636
1 5125 -0.76372668404656
1 5127 -1.34159633816463
1 5128 0.0903021266263977
1 5129 0.763155965151782
1 5130 0.102329646882647
1 5132 0.0728126516734307
1 5133 1.32943170357288
1 5135 -1.60202552511863
1 5137 0.0738769363508602
1 5141 -0.0126344858506883
1 5142 0.759728048046185
1 5144 -0.523870026033334
1 5146 -0.228448346145527
1 5150 0.0429984894534101
1 5152 0.387002055776815
1 5153 -1.52136723396131
1 5156 -2.00930752491382
1 5157 -3.70982931941546
1 5158 0.926844802978394
1 5226 0.523272383303443
1 5276 -0.310649553435574
1 5232 -0.0802716139312167
1 5234 -3.35668149303442
1 5235 -0.323054110892404
1 5242 -0.645185830520148
1 5247 -1.2313189060981
1 5248 -0.732907103430694
1 5250 -0.045361107039966
1 5312 1.51756153726103
1 5326 0.144124305446898
1 5403 0.11371021815458
1 5407 3.28109869506443
1 5420 0.57691429142892
1 5421 0.204127651034185
1 5422 0.905065323013289
1 5426 1.15012747112385
1 5427 0.17632690233761
1 5430 0.0549629281235108
1 5431 0.77489866841233
1 5433 0.273695115842294
1 5439 0.927133210962713
1 5442 0.243237936646434
1 5443 -0.539977806137742
1 5444 0.0462002191608093
1 5447 -0.211893464515455
1 5456 -0.457003937083485
1 5458 -1.77639310725529
1 5459 0.789669352771668
1 5466 -0.275578173651266
1 5468 -0.360259954808299
1 5469 0.694991046179119
1 5476 -1.67227563283508
1 5480 1.19369181021356
1 5483 -0.400397143629434
1 5484 -2.3992837475912
1 5485 0.0689677703251661
1 5486 0.297885236446926
1 5490 -0.0833850137546801
1 5491 -0.723010803469691
1 5495 -0.0856739262099739
1 5496 0.422750043578489
1 5501 0.0682891617321928
1 5505 0.53436917357358
1 5506 -0.0243255248768435
1 5510 0.21552683527072
1 5513 0.461758647532889
1 5514 -0.51222263776593
1 5515 -0.418520317742555
1 5516 -1.85046372850924
1 5520 0.212375943394647
1 5525 0.247257898136965
1 5526 0.0957489986429493
1 5528 0.144425265543974
1 5530 -0.872539194459256
1 5531 0.0332240247036343
1 5535 -0.78920152220397
1 5542 0.0242492266840451
1 5543 0.826021309531214
1 5544 -2.71780012309816
1 5547 -1.07365806737368
1 5555 0.406235548303295
1 5556 0.538225790651012
1 5562 0.315131465855906
1 5593 1.85682941149473
1 5594 0.0217423517354121
1 5636 0.271653958195583
1 5662 0.00392634999500388
1 5616 -0.237087661132065
1 5705 -0.194498306411518
1 5741 0.104408002390127
1 5751 -0.242877352714189
1 5759 -0.185898246422582
1 5762 5.89539933997818
1 5768 0.337716986562754
1 5891 -1.33610844710284
1 5917 -1.36085049480043
1 5596 3.27046947236497
1 5589 -0.578694048178868
1 6082 0.837943656325848
1 6084 0.2705911842083
1 6086 -0.790796843557807
1 6089 0.999387286784192
1 6099 0.264548655901507
1 6100 0.921509297345125
1 6116 0.307865527843998
1 6118 -0.112291155575406
1 6124 -0.0500723747027422
1 6125 -0.0553278472937038
1 6127 0.173491309286457
1 6136 0.817113014800886
1 6145 0.540431611663134
1 6147 0.356761447512497
1 6150 0.271481012953566
1 6151 0.383590547300457
1 6159 0.258107548823276
1 6164 0.663224629969605
1 6168 -0.199343382328779
1 6171 0.857754171176609
1 6176 0.17311267988174
1 6186 -1.30532387168335
1 6189 -0.250475307781883
1 6193 0.255517376876952
1 6195 3.40173369217183
1 6196 -0.0464246135677821
1 6302 -0.0637318989407021
1 6331 1.80829542218825
1 6332 0.212338499711552
1 6333 0.1874276589879
1 6338 -0.236239625208711
1 6342 0.421990920172021
1 6345 0.608772787458008
1 6348 -0.130925676993446
1 6354 -0.0148734522021456
1 6362 -0.91545163987746
1 6369 0.299642848866945
1 6406 0.359477765255284
1 6408 -0.0182319476744605
1 6409 0.851739616411294
1 6414 0.385571482037108
1 6425 0.803389473222865
1 6435 0.182143084037211
1 6441 -0.432410214142717
1 6451 -0.466571149374936
1 6452 0.66141307316128
1 6455 0.143463000985018
1 6463 -0.301717699511066
1 6479 0.0648655769117243
1 6486 0.826306811440055
1 6528 -0.305198717552628
1 6536 -1.65781259200372
1 6565 0.546656272143807
1 6567 -1.55051585375837
1 6577 0.116490999916562
1 6585 0.798801095150466
1 6591 -0.936463531817168
1 6593 -0.203363270184208
1 6605 -0.223240788853552
1 6608 -0.00865220055557359
1 6609 -1.39834986407933
1 6615 0.0576952418625979
1 6616 0.404136533220093
1 6617 -0.0116117946494541
1 6625 -0.371834761874965
1 6644 0.143390662774316
1 6646 -0.577818774167776
1 6654 -0.795616120952213
1 6666 -0.392531371640402
1 6674 -1.45951288234819
1 6675 -0.349227022267854
1 6678 0.0193117458351206
1 6679 0.12170112700901
1 6680 0.100687797999235
1 6682 -0.0128136207192426
1 6683 0.528146857707036
1 6685 -2.07226141550677
1 6689 -1.34976218791968
1 6690 0.113529564737257
1 6691 0.34931593947141
1 6692 -3.16864127636154
1 6695 -1.64550802680424
1 6697 0.271524251755636
1 6770 -0.432863861421434
1 7336 0.988413741269241
1 7339 2.05066394394234
1 7039 0.224040273611678
1 7698 -0.696963902579149
1 7700 1.95761948089047
1 8240 0.0505348078339303
1 8258 -0.291447471304032
1 8265 -0.364906390248848
1 8304 -0.0504294496687976
1 8312 -0.133459933920652
1 8327 -0.439760593879564
1 8358 -0.0897341245924075
1 8362 0.764793457541032
1 8365 -3.7831567722132
1 8467 0.538057557386736
1 3564 -0.0848117674309195
1 3589 0.139330498809005
1 4051 -0.431156736791162
1 4068 -0.420905213466249
1 4103 0.915441613174117
1 4120 0.597201380626174
1 4131 -0.129271572107555
1 4153 -0.219975301094678
1 4156 -0.532784338660505
1 4166 -0.0416583801403618
1 4216 -0.117144834019996
1 4220 -1.49390303245822
1 4223 -0.000279171154100292
1 4261 -2.3872842058077
1 4316 -0.0296533191756489
1 4318 0.109758352606917
1 4361 0.530412685784971
1 4399 2.11859112519743
1 4459 0.187429365694877
1 4470 -0.16293717257831
1 4734 -0.380700162119382
1 5063 -0.00728805182133385
1 5066 3.4015297247646
1 5089 0.546439741432255
1 5102 -0.363555772038467
1 5107 -0.113861109559101
1 5121 0.231591311550829
1 5147 0.102972552993378
1 5246 -2.50748178294128
1 5455 -0.0385324303976233
1 5467 2.95118766036103
1 5552 0.229735242529287
1 5561 -0.789290578801825
1 6411 -0.132274444488085
1 6459 1.09007076531179
1 6583 0.64898354356621
1 6599 -0.00505111869613017
1 6620 0.0605587638156209
1 6633 -0.549407881521709
1 6694 -0.950504338821228
1 6726 -0.0476279563146633
1 6859 0.937955443123428
1 6867 0.606669701418966
1 6868 0.276405029647364
1 6907 1.43592628500154
1 6920 1.98513671688181
1 8710 -0.0825926100814911
1 8712 0.588704038661248
1 8714 0.0337873755822358
1 8715 0.378199386655439
1 8716 -0.681647353614153
1 8717 0.63273871345902
1 8729 -0.0778393906875948
1 8787 -1.29079978278791
1 8718 3.32168949273108
1 8730 -0.356169536852004
1 8800 0.545204168285487
1 8731 0.000871400318043669
1 8720 0.770844881905631
1 8766 0.419415061789579
1 8790 0.138687473566688
1 8721 -0.511220178785914
1 8733 -0.383072374733127
1 8744 -0.258975585766517
1 8756 -0.371275427241969
1 8734 0.14800240596135
1 8780 0.343007780703177
1 8804 -0.935193561834915
1 8758 -0.366961546170541
1 8805 -0.662591027415047
1 8724 -0.627401600468048
1 8735 -0.193771589408224
1 8759 -0.586600892888754
1 8782 0.461827446642822
1 8794 0.596037669215343
1 8725 0.860090215504151
1 8760 -0.406989358695398
1 8783 1.09403586697357
1 8807 0.188251453754223
1 8749 0.47377237117406
1 8750 1.30188247080333
1 8762 -0.939536016613204
1 8809 -0.561161653519704
1 8798 0.563645437976878
1 8811 -0.429410600374092
1 2162 0.333947101499187
1 8812 0.145337396062179
1 1663 0.19279970108155
1 1769 1.20241338328314
1 1784 -0.803314873345203
1 2966 2.52268307794307
1 3443 0.270289962864084
1 3881 0.235269118042865
1 2297 0.779369987185397
1 1662 -0.670364067837554
1 2262 -0.300188406438597
1 2645 0.0624915263500654
1 3488 -0.0123006066476812
1 3954 0.199321909578899
1 2651 -0.780165521849142
1 3490 -0.000811584472051171
1 3573 -1.1429219512501
1 3968 -0.0423453055549032
1 2265 -0.157350301877955
1 2352 -0.266647015232391
1 2658 -0.117705828654527
1 3509 0.535269195477156
1 2270 -2.24333026264578
1 2354 0.510272282130984
1 1885 0.312598492378333
1 2271 1.06930330179853
1 2358 0.236663512382484
1 2686 -0.113178923582244
1 5595 1.08341495652206
1 2172 -0.326225785255719
1 2279 -2.76653450717725
1 5604 -0.463093938207834
1 2248 0.0243141620587579
1 2280 -0.691240738580348
1 3533 0.61072496533977
1 5606 2.09390155818191
1 3442 0.202012245863585
1 8965 -1.77418451213501
1 5648 1.01001413216151
1 5652 0.227781708795405
1 7144 -0.22432738583241
1 5622 1.71262905526785
1 5626 -0.640713042451623
1 5631 -0.298293676265189
1 8510 -1.82644075924094
1 5632 0.775009027087869
1 8974 0.103281757876324
1 6701 -3.09174103481135
1 8508 0.0196320359976786
1 9023 -0.141720392913193
1 9012 0.180926196123735
1 9036 0.0481535458185599
1 9060 0.806591727739406
1 8992 -0.970733459150068
1 9016 1.38339867647227
1 9063 0.168531502519585
1 9029 0.380322453705607
1 9030 -0.375235798188138
1 8997 -1.61121456940438
1 9022 1.11943890947239
1 9093 -0.566729926196241
1 9119 0.869854922189257
1 9074 0.0866790264993504
1 9075 -0.461518171755692
1 9086 0.562883631557536
1 9110 -0.98171169258724
1 9146 0.548746440372483
1 9125 1.99031001371753
1 9126 0.839533156406532
1 9139 1.24555199076511
1 8506 0.588660377957609
1 9165 -0.0653934614225342
1 9239 -0.375478148162017
1 10753 -0.21073839594024
1 9166 0.79647826114585
1 9207 -0.0662735710931841
1 9257 0.078160699254525
1 9213 -0.70547491938639
1 9169 -0.546923586033339
1 9214 1.21748481784036
1 9244 0.401136049991663
1 9208 1.19938922569938
1 9246 0.40178972836568
1 9247 1.47271212235304
1 9206 1.03403111209366
1 9211 0.0795743098900772
1 9212 0.814347697697357
1 9775 -0.0685138677085604
1 9764 -2.97274222073695
1 9800 -0.436523971098161
1 9778 0.268639960274925
1 9768 -1.96965763257819
1 9757 -3.17134320178201
1 9769 -0.171096344980992
1 9793 2.22503081911128
1 9805 -0.367271565601627
1 9817 -0.951953392242743
1 9759 0.16572410148266
1 9795 0.269059143479424
1 9819 1.90263865261532
1 9784 -0.42387561400497
1 9797 -1.10920857549723
1 9809 0.16276702498601
1 9822 -0.42891806237246
1 9834 0.0971504306424009
1 9836 0.469932682417145
1 9871 -1.60963013206634
1 9849 0.123445579245818
1 9838 0.752887381738361
1 9897 0.151556073704008
1 9827 0.130841960810051
1 9839 -1.41773976118499
1 9840 -2.60098721164955
1 9841 -0.248501152693308
1 9843 -0.282236767922522
1 9866 -0.182634508864616
1 9833 0.879227448645755
1 9845 0.00206070499524458
1 9904 -0.249450583619624
1 10131 1.39025041930665
1 10126 1.65530738222056
1 9216 -0.112618792451599
1 10125 0.387298252232597
1 2165 0.315908396265234
1 5460 0.157282721661531
1 3317 -0.446625052754328
1 3414 -0.329534600157444
1 3420 -0.235598992957757
1 2360 -0.26562250594751
1 3428 1.05134536893252
1 5597 -1.24571181346577
1 2376 0.132879445529133
1 3431 -0.286625544207103
1 2476 0.0191247017185816
1 3447 0.582936660257701
1 1821 3.85638463601688
1 2659 0.7433763799744
1 3609 -0.576366438420763
1 6588 0.635436225052835
1 1878 -1.68577426378954
1 3771 -0.332659191423474
1 2807 0.535996581281466
1 5094 -0.438083185334698
1 10190 0.373992103258701
1 10202 1.91088553418464
1 10237 -0.00424291706838176
1 10180 -0.882449217894437
1 10191 1.61607739743378
1 10205 -0.36002269557207
1 10220 0.0677696501661806
1 10231 -1.07278965854321
1 10243 0.596435271855796
1 10255 0.30079684180365
1 10303 0.709598224559585
1 10258 0.249060962419691
1 10293 -0.00373029099445432
1 10307 1.03365003759427
1 10296 1.35202007485002
1 10345 0.785422930969816
1 10347 0.0210298298365892
1 10289 0.512876544841262
1 10348 -1.93227579410957
1 10349 -1.18403090530342
1 10351 0.0699623480692644
1 9083 -0.283014188862917
1 10438 -0.193606453594899
1 10443 -0.589258552998568
1 10515 1.48393963619318
1 10527 0.185290376475043
1 10529 2.04855574699576
1 10518 -0.142351118902923
1 10530 -0.614653920760389
1 10525 -1.20400686356044
1 10586 0.0989739959745037
1 10552 -0.475865087400152
1 10575 1.51825354174137
1 10613 0.488445785848455
1 10626 0.675037155102004
1 10628 -0.419381592057064
1 10567 -0.133930257800477
1 10603 -1.42932716188626
1 10618 -0.973967595993528
1 10594 0.490810718284218
1 10630 -0.575312826047437
1 10549 -0.309569726089833
1 10632 0.603631240428413
1 10622 0.895317305942754
1 11075 0.736213154008183
1 10647 -0.361857161643726
1 10659 0.139161474877668
1 10661 -0.984831011308117
1 10642 0.254871672458137
1 11092 0.552091642291799
1 11107 1.42502364997554
1 11202 0.727137273646406
1 11384 -1.5616239325975
1 11386 1.64133513028052
1 11508 -3.00848730627854
1 11563 -2.24091078100753
1 11568 0.869431659434753
1 11571 1.79135827707246
1 11575 -2.55665136215237
1 11602 0.868283914777692
1 11606 -1.09341857215711
1 11608 -0.833397412203141
1 11619 -1.64257611778464
1 11620 1.73231662457921
1 11621 -0.239055594549427
1 11804 -1.12043554948279
1 11806 -0.717514916069902
1 11825 1.95551598565444
