1 7486 -0.121530893038651
1 7485 -0.152645877396672
1 7492 0.33729163914284
1 7048 0.118874434779347
1 7213 0.171627659812357
1 7260 -2.95938435924385
1 7261 0.218472364982619
1 7262 0.171210627149607
1 6688 -0.608145448336199
1 7232 0.586999944528204
1 7267 -0.0421609369752067
1 7256 1.07840021984739
1 6910 -0.132030370104175
1 7454 0.199971985247989
1 7173 0.11152495022418
1 7198 -0.0610045409973926
1 7199 0.579303949409653
1 7458 -0.188043520617678
1 7482 0.375965492424815
1 7459 -0.0876488935736006
1 7115 0.115042203499137
1 7140 0.0235178342985982
1 7692 0.994091218923234
1 7209 -1.32066423502053
1 7245 0.178153382636545
1 7257 0.0638998490054892
1 7063 0.0102136981012985
1 7051 0.132233801737755
1 7112 -0.629484842039883
1 7124 -1.43460665752565
1 7137 -0.941264318343364
1 7043 -0.173150548568549
1 7053 -0.562104312325681
1 7193 -1.01854696170249
1 7205 0.191946873606575
1 7223 0.610815727039284
1 7050 -0.15555374553304
1 7596 -1.11352916286312
1 7476 -0.0929989871756529
1 7157 -0.0224345675770063
1 7158 -1.54846195668649
1 7108 -0.30288180174483
1 7185 0.228143950578633
1 7133 -0.153360516802758
1 7109 0.778312768742566
1 7159 -0.411145111717192
1 7134 0.178581998100629
1 7172 0.0372005353528303
1 7472 0.0596217418832495
1 7095 0.817025798332001
1 7056 -0.441916436256289
1 7055 0.00558374495003378
1 7215 0.240019688070738
1 7227 -0.793083345201159
1 7216 -0.685201291333293
1 7228 -0.619736107073237
1 7252 -0.0232004790215514
1 7587 0.297389934745738
1 7576 -0.0302269097017869
1 7593 -0.278972903931259
1 7590 0.254004612494729
1 7206 -0.171005308824096
1 7230 -0.0493221691078287
1 7046 -0.760364682807616
1 7045 0.157695832831802
1 6155 -0.1234326635262
1 6722 0.313226122977433
1 7194 0.21126926770166
1 7142 -0.015123472176902
1 7118 0.711408345246964
1 7156 0.298415348806746
1 7131 0.486244222869532
1 7143 -0.176531279964898
1 7687 0.176344966481516
1 6663 0.410128031973495
1 7163 0.397119623754822
1 7201 -0.630918085895146
1 7125 -1.57066849959845
1 7202 -0.661863389854684
1 7565 0.447954949886721
1 7575 0.153567768084821
1 7574 -0.185705820054756
1 7560 0.00362358568202876
1 7455 -0.448905301442657
1 7542 0.0951343766283879
1 6831 -0.31575742404907
1 6866 0.0289130274230374
1 6884 0.580970714907618
1 6860 -0.00850553555251032
1 6869 0.339138993247117
1 6892 -0.0698545707112448
1 6857 -0.0433751297806122
1 6833 -0.190936643122175
1 6900 -0.336541348599406
1 6886 -0.20261993044535
1 6851 0.0184505960737849
1 6874 -0.0910643656614016
1 6723 0.0547768184552339
1 6721 0.638035289416425
1 6729 0.422527475284088
1 6715 -0.749098831811246
1 6927 -0.062030768462273
1 6986 0.0301830083315773
1 6915 -2.55683645113645
1 6962 -0.0206328752077081
1 6939 -0.24909163454677
1 6713 -1.06323150959198
1 6725 0.206555273281542
1 6841 -0.477155603175731
1 6829 -0.0852404244339411
1 6888 0.230798109338114
1 6719 -0.0835105538536531
1 6718 -0.113630731920519
1 6724 -0.0543504302431887
1 6777 0.271823020179299
1 6776 -0.144480032016358
1 6834 -0.319626559400457
1 6730 0.444341839186908
1 6717 0.234751339201669
1 6779 0.02229814238488
1 6929 -0.151898858910278
1 6928 -0.312430460335463
1 6916 0.339072957063914
1 6909 -0.635592057638672
1 6957 -0.0825313537908728
1 6979 -0.137010733277833
1 6945 0.0797979099723623
1 6967 0.105400773414145
1 6933 -0.407820997101492
1 6972 -0.213934455261221
1 6938 -0.0284338439060054
1 6937 -0.23570235907389
1 6943 -0.376423592360304
1 6990 0.0141816864990915
1 6969 -0.00069367236269251
1 6935 -1.0367107636423
1 6958 -0.325961911075446
1 6911 0.342163329196534
1 6981 -0.573868102842457
1 7241 0.177520497674398
1 6971 -0.648162934322649
1 6982 0.119049071178651
1 6948 0.0160716361496017
1 6936 -0.762361763177739
1 6930 -0.00948363928223861
1 6838 0.570046022911068
1 6827 -0.114428002646347
1 6837 -0.370643854279738
1 6898 -1.01062166645541
1 1649 -0.247779732732619
1 425 -0.0306331996280562
1 577 0.319168055761625
1 904 0.113446159253026
1 905 0.0608553174229733
1 1072 -0.255493466670925
1 1073 0.319070828688525
1 1077 0.226312230459353
1 1079 -0.311411849289357
1 1082 0.289430889156518
1 1083 -0.482635905977991
1 1089 -0.441039100470698
1 1090 0.525239620708474
1 1097 0.243496532422931
1 1098 0.096152564608745
1 1101 0.334950338229822
1 1102 -0.929782121692536
1 1109 0.0271579500521
1 1203 0.860549478537401
1 1223 0.087889933943913
1 1242 0.0868274206410042
1 1244 -0.145781798663498
1 1246 0.179006282769723
1 1251 -0.12619991202196
1 1252 0.140095815245051
1 1255 -0.0527917800119617
1 1258 -0.168402297528022
1 1259 -0.068870026149618
1 1262 -0.0698436329711729
1 1263 0.0624078452876464
1 1288 -0.148650747983839
1 1289 -1.17619693655897
1 1554 0.276799629288521
1 1592 -0.931937291008055
1 1597 0.0614796367123382
1 1598 -2.22914489430323
1 1604 0.474323870260982
1 1605 -1.05897919858743
1 1610 -1.51699108102584
1 1614 1.62446867297422
1 1617 -0.676530223330079
1 1621 -0.596009206237923
1 1625 -0.347409294282912
1 1629 0.0207387816513815
1 1632 -0.940216899564231
1 1642 -1.85810592047403
1 1648 -2.63790361890396
1 1660 0.385922487820851
1 1666 -0.194042360572876
1 1741 -0.24055373376502
1 1746 -3.34080134378555
1 1664 -0.0141700289522462
1 1820 3.31176352215666
1 1834 -0.0648000782768327
1 1835 0.980666099624068
1 1803 -1.02996876355302
1 1876 0.0384319090505052
1 1877 0.471431992049817
1 1880 0.194457835967867
1 1882 0.124621712675248
1 1883 -3.19259009932661
1 1884 2.82346599842845
1 1887 -0.0894395479968004
1 1825 0.450363882229317
1 1890 -0.812012355007361
1 1891 0.299142187798687
1 1899 0.745438596437092
1 1960 0.915800028172526
1 1981 -0.324767905300206
1 2064 0.20101742520769
1 2066 -0.0737747373512683
1 2067 -0.317434707128724
1 2068 0.648367848560341
1 2069 -0.0756623635001128
1 2070 1.06178698846733
1 2071 -0.263766537962838
1 2072 -0.0892436345721059
1 2073 0.219944646713934
1 2075 0.0815818476939469
1 2076 -0.137621866755675
1 2096 0.412575332427399
1 2099 0.26873685613743
1 2110 -2.025359894802
1 2115 0.306038134715109
1 2120 -0.105248174821494
1 2123 0.785223761831098
1 2126 0.122666581138307
1 2133 -0.966465868735501
1 2135 0.324416348193701
1 2138 0.578516229341933
1 2141 0.139280251760621
1 2142 2.13701886169073
1 2143 -0.757359794752691
1 2146 0.936165819445762
1 2149 4.07280631081263
1 2154 -0.282747899595755
1 2159 0.594765567976877
1 2163 -0.105679239314858
1 2164 -0.203386575399298
1 2167 -0.0976480606727872
1 2168 -0.11633893752578
1 2169 -0.0773717614596501
1 2170 0.117676512874935
1 2171 0.273648964180772
1 2173 0.242895974580481
1 2174 0.18584135324379
1 2175 -1.02973368076389
1 2176 0.179548665436686
1 2177 -0.152233567159333
1 2178 0.229988244635346
1 2180 -1.50497783920611
1 2214 -0.215004695094253
1 2245 0.152529023249851
1 2252 -0.0431219494834458
1 2260 -0.19660885593824
1 2275 -0.0117832997306024
1 2276 1.06270443384012
1 2278 -0.229559537253845
1 2282 0.162903341019447
1 2285 -2.75899782589688
1 2287 0.231923390784613
1 2292 -0.0402146278080027
1 2296 -0.905586803327717
1 2300 0.648508754553358
1 2303 1.24866472985841
1 2312 2.57992211615905
1 2219 0.324849671431867
1 2321 -0.0237150930236378
1 2323 0.355592312570175
1 2218 -1.02398446126486
1 2337 0.5609002342499
1 2236 -0.177089922462637
1 2339 0.162525304930922
1 2340 0.269501566304761
1 2341 0.0183604737016769
1 2342 -0.00409715361300345
1 2343 0.320428113315813
1 2344 1.44681644061358
1 2239 1.49294811463975
1 2349 0.292690197793522
1 2350 -0.238460701617145
1 2351 -1.14288052216507
1 2353 -0.0655262287374464
1 2355 -0.0634626562672326
1 2356 0.638504049300826
1 2359 0.767639255544558
1 2361 0.172847898083736
1 2362 0.338203515380194
1 2363 -0.300737261903006
1 2364 0.34411293088487
1 2365 -0.0822564625691307
1 2366 -0.073096419852997
1 2223 0.122198418361318
1 2368 0.0950408743824604
1 2369 0.128708969438954
1 2370 -1.35216602718497
1 2371 -0.386274317920005
1 2372 0.394897478004694
1 2373 0.171686366839296
1 2374 0.503692146160565
1 2375 0.16998937576697
1 2377 0.079080008228195
1 2378 0.264331876369498
1 2379 -0.0537132134534981
1 2409 0.0242968911769908
1 2417 0.00202392143009848
1 2421 -0.147678540843719
1 2431 -0.199332034327675
1 2443 -1.53668771194101
1 2447 -0.334791815416793
1 2459 1.07175432504836
1 2460 0.0708844587075948
1 2462 -0.489124225554647
1 2465 -0.0857453501662313
1 2475 0.245000945069505
1 2479 0.128866687271987
1 2487 0.556422498055145
1 2488 -0.0519311962327542
1 2494 0.782608441309957
1 2505 -0.0502524199449557
1 2517 -1.0487142673668
1 2520 0.271953705866949
1 2523 -0.486530742564881
1 2532 -1.13362022141587
1 2534 -0.084951724559334
1 2536 0.136553944961281
1 2393 -0.825728882755275
1 2540 0.449847353068566
1 2545 0.173893750480305
1 2549 -0.768613832401758
1 2569 0.639356209515718
1 2401 -0.174684019594198
1 2571 -0.164986766517313
1 2572 0.233213968456717
1 2601 -0.699778331356737
1 2605 -1.96113696804467
1 2606 0.189072180059956
1 2607 -0.243953610877637
1 2610 -1.31551885774303
1 2611 0.386452530001064
1 2612 -0.463904016956414
1 2614 0.168797943520907
1 2617 0.100653756631131
1 2623 -0.253929756406821
1 2624 -0.433822960283697
1 2627 0.318638190449562
1 2631 -0.231292037140279
1 2632 0.74671498505959
1 2635 -1.27284429624786
1 2637 -0.263539889799207
1 2640 -0.00350506801686592
1 2641 0.0332342628900726
1 2644 0.495753485310336
1 2648 -1.24372978230442
1 2650 0.391523075149969
1 2653 0.358235135061157
1 2661 0.211823823630143
1 2666 0.501729952384194
1 2668 0.0259105766171714
1 2671 -0.779721559411509
1 2673 0.0273953040084279
1 2674 -1.87651469142
1 2677 -1.55602639466351
1 2681 -0.745610474234677
1 2683 0.462372571477523
1 2597 -0.0858421743745015
1 2685 0.107574960213636
1 2600 -0.81645895605141
1 2688 -0.251581230774454
1 2695 -0.342256323944529
1 2697 -0.228855582942936
1 2698 -0.153599725870296
1 2699 -0.29792696569972
1 2700 -2.37192671425949
1 2703 -0.0828642438770402
1 2704 -0.484860767982827
1 2706 0.00523871189804094
1 2707 -0.0727280553818759
1 2792 -0.166064372288815
1 2795 0.823925573274934
1 2799 -0.100432462282762
1 2800 0.080651566977
1 2804 -0.410842628887352
1 2812 0.176485332484989
1 2817 1.37351135618434
1 2819 -0.166020569705534
1 2829 0.0721411515840513
1 2830 0.115973425826682
1 2834 0.0433542473427949
1 2841 0.101700426342424
1 2842 0.307924024086155
1 2843 -0.147475124041904
1 2850 0.12253809358176
1 2852 -4.62904188503145
1 2853 -0.241896216288011
1 2856 0.329619901787941
1 2858 2.3710577051508
1 2860 0.0921982454464972
1 2861 0.210783247489738
1 2868 0.185066117642408
1 2871 0.375618001341736
1 2873 -0.217893091538096
1 2880 0.181568710450948
1 2884 -0.469330872286104
1 2892 -0.0969938303611135
1 2898 -0.0952947912034983
1 2899 0.270040789479641
1 2901 -2.56275264471661
1 2903 -0.366110232735457
1 2906 0.00938453126141603
1 2908 -0.0463749884060372
1 2921 -0.28164428315565
1 2927 -0.109254079576649
1 2931 -0.187676452931841
1 2933 2.33952789724116
1 2941 0.210954317175253
1 2942 0.263897631638673
1 2784 -0.110318084950421
1 2787 0.0941092546501707
1 2963 0.252363677007451
1 2964 -0.262323226008609
1 3002 -0.184978581641008
1 3009 -0.152446622810908
1 3027 0.433353136777036
1 3033 -0.351896638496974
1 3048 0.221898934109287
1 3061 1.54854706847645
1 3076 -0.0931283387576665
1 3088 -1.0194592402969
1 3100 -1.48423006743566
1 3111 0.0800057678120663
1 3116 -0.507105894329293
1 3121 0.487834288756427
1 3123 0.0532990385324084
1 3129 0.177204276050645
1 3198 -0.462890284340983
1 3199 -0.768669529711154
1 3201 0.100513978834758
1 3202 0.203562621877969
1 3203 -0.0673356976401222
1 3209 0.0477442759860954
1 3214 -0.355822053178445
1 3221 0.233492945288287
1 3222 0.408973963769508
1 3224 -0.220682286133757
1 3227 -1.05547359613098
1 3232 -0.529738714924601
1 3236 -0.138586971214391
1 3237 0.0643511777681827
1 3239 -0.255446604598678
1 3248 -0.427868680454656
1 3250 0.0769967352810305
1 3252 -0.761860783902073
1 3253 -1.5760754713187
1 3255 -0.00861397260321357
1 3259 0.116804425790435
1 3260 0.164982563287427
1 3263 0.798856279463209
1 3265 -0.262481768090469
1 3267 -2.20415813960724
1 3268 0.05282234767889
1 3270 -0.773587916556341
1 3273 0.0354357324261464
1 3275 0.0166508523038811
1 3276 -0.769272583535319
1 3278 -1.99614558165673
1 3279 0.00638546236833802
1 3280 0.185277520881468
1 3281 -0.172981674313352
1 3282 0.0927435392688194
1 3285 0.222954433774891
1 3286 0.40002119909946
1 3287 -0.6437722290454
1 3289 -0.201493255498084
1 3290 -0.0271723154475296
1 3291 0.0445740084804156
1 3292 0.949192866533011
1 3295 -1.62027577984151
1 3296 -0.136055642879072
1 3300 -0.141007287567375
1 3301 0.0434293613089611
1 3303 -0.00206022816202545
1 3306 0.0394430014864661
1 3307 -0.325311576802341
1 3308 -3.01836353395666
1 3310 -3.18692496252307
1 3314 -0.0944241298114044
1 3316 -0.0379662052823093
1 3318 0.505308572508511
1 3319 0.141505120416841
1 3320 2.49661266177434
1 3326 -0.0522493723867923
1 3328 -0.0455763267030367
1 3330 0.504848427449613
1 3440 0.29638117472844
1 3445 -0.188439569174497
1 3468 0.0682798841838679
1 3469 0.173870532649227
1 3471 0.0367842480400338
1 3473 -0.185987384203983
1 3538 -0.0283132243094262
1 3552 0.030633321238672
1 3559 -0.0628303225322832
1 3563 -0.0461676271893133
1 3567 -0.0348961759125523
1 3571 0.427995595065391
1 3577 -0.124505078651463
1 3423 0.93008232762671
1 3581 -1.0670410875509
1 3592 -0.329559259002856
1 3593 1.01610485668601
1 3604 -0.546465624874632
1 3607 -0.0674853152586898
1 3611 -0.716543109935898
1 3636 -0.0136789344269959
1 3641 0.0717589568825701
1 3651 0.909664438686736
1 3658 1.05335455658772
1 3659 0.302848188073439
1 3662 -0.25301366923751
1 3681 1.31657176128768
1 3692 -0.0900346259856306
1 3700 0.115669508716896
1 3704 -0.438782242633099
1 3711 -0.467607180286224
1 3725 0.299730977660327
1 3734 0.624422379982821
1 3738 -0.0383416887505033
1 3748 0.0176218543717717
1 3759 -0.114904726037343
1 3762 -0.0773375225731468
1 3782 0.0161546936677297
1 3796 0.248570808135907
1 3885 -0.13434109587973
1 3945 0.537062925002669
1 4004 0.216840312280644
1 4008 -0.325063124896877
1 4104 0.703798291254238
1 4155 0.3210735305791
1 4157 -0.314974023226712
1 4158 -1.06194498015335
1 4159 0.110099059756553
1 4161 -0.476362608990373
1 4162 -0.609345484340345
1 4164 -0.3011433885438
1 4168 -1.38708692067155
1 4169 0.266863057266781
1 4170 0.314471430707345
1 4172 -2.89651301830105
1 4173 0.523227780633185
1 4175 -2.59270593534535
1 4176 -0.30204804689587
1 4177 -0.376306036452043
1 4179 0.254331536813702
1 4184 -0.00468014133897417
1 4186 -2.69671200084145
1 4187 -0.421561812325564
1 4190 0.0724461417639179
1 4193 0.0200522787981231
1 4195 -0.0170212991724554
1 4196 -1.66903068105866
1 4200 -0.0972068100472647
1 4205 -0.800296869515094
1 4206 0.224495995141443
1 4209 -1.33124409358617
1 4210 0.207650712252494
1 4212 -0.316664977173705
1 4217 0.340193285622788
1 4218 -0.100092937331983
1 4226 0.810685660646309
1 4227 0.348783504126612
1 4229 -1.46325157967186
1 4230 -0.689988397244285
1 4232 -1.16591148887221
1 4234 -2.14618845727877
1 4238 -0.365396209601734
1 4240 -0.569091147700036
1 4241 0.329788863370166
1 4242 0.0190561114631116
1 4243 -0.403778870641847
1 4244 0.0971236483571474
1 4250 -0.871806074376764
1 4251 -0.825172728476229
1 4255 0.297487539188168
1 4256 0.0256948445251091
1 4257 0.93706220811498
1 4258 0.160702347678059
1 4259 -0.179948429701279
1 4260 -2.12738054071324
1 4262 1.6795160263204
1 4266 0.750608385624449
1 4309 -0.637808227967007
1 4310 -0.830913525282178
1 4313 -0.131424654571997
1 4314 -0.876699382553156
1 4317 0.663687970927562
1 4322 -0.363088147848117
1 4335 -0.0970603912363536
1 4343 0.300982658483527
1 4345 -0.779576763059721
1 4346 -0.308032380672104
1 4353 -1.75561638221116
1 4359 -0.0335431933361475
1 4378 0.235459168481214
1 4385 0.139118874098289
1 4386 -0.0654780485884755
1 4395 0.0423682382900779
1 4396 0.0446478076970092
1 4398 0.479322970882814
1 4404 0.0670529009312677
1 4407 -0.106561246651929
1 4410 -0.0028425935158447
1 4416 0.883793648544458
1 4418 0.245685084419444
1 4420 -0.0844869413451397
1 4432 0.0818971125202571
1 4440 0.116292466825521
1 4454 0.252974935276342
1 4456 -0.0643949881521797
1 4460 0.576640605234498
1 4461 1.10849912848397
1 4465 0.201879978518887
1 4466 0.334951196700729
1 4467 -0.201476961036362
1 4468 -0.223589131390721
1 4472 -0.716529047309391
1 4473 0.153666039682447
1 4517 -0.211675734885873
1 4529 0.155913424640888
1 4543 -1.36324205093139
1 4562 0.0728180277789884
1 4575 -0.0844120836295605
1 4598 0.506672026413808
1 4628 0.033532901600287
1 4631 -0.127613057293856
1 4635 0.493430208846423
1 4636 0.274248989832699
1 4688 -0.392905918716231
1 5059 -0.780348450570326
1 5060 0.137972614327413
1 5061 -0.821323206703799
1 5067 -0.656411841459732
1 5069 0.387439052048478
1 5075 -0.184777776863971
1 5076 -0.316018561082849
1 5077 -2.36119165609119
1 5080 -0.828404943301379
1 5084 -0.0846093271876865
1 5085 1.38606858985816
1 5086 0.505015056399611
1 5087 -0.329946022857818
1 5096 0.698561005594648
1 5097 -0.339238576471985
1 5100 0.209047570152629
1 5103 -0.350350585055875
1 5105 -0.803800571850701
1 5108 -0.941111556798038
1 5111 0.0345762830164169
1 5113 -1.54981462844608
1 5114 -0.0101770449334175
1 5119 -0.406643443746772
1 5122 -0.825204924999667
1 5124 -1.16871664591412
1 5125 -0.244674688942409
1 5127 -0.726863920346921
1 5129 -2.47600567717869
1 5130 0.00490425918097988
1 5132 0.976281103333502
1 5133 0.571720414486695
1 5135 -1.21548972521686
1 5137 0.112102604199531
1 5141 -0.0127066597549202
1 5142 -0.907603589472224
1 5144 -0.154953381960447
1 5146 1.19627630972329
1 5150 -0.114658415804882
1 5152 -0.0301253378265187
1 5153 0.155339600227663
1 5156 -1.13361327031259
1 5157 -1.58802006374826
1 5158 0.0751338628529048
1 5226 0.0480601056942511
1 5276 -0.129406923890595
1 5232 -0.163183345894931
1 5234 -1.83768274375554
1 5235 -0.397500793074101
1 5242 -0.423463505065903
1 5247 -1.59283859721539
1 5248 -0.491271911857258
1 5250 0.0631690573651419
1 5312 0.721470859394074
1 5326 -0.0147877092246667
1 5403 -0.732499047046918
1 5407 1.79255296676229
1 5420 1.99284859876643
1 5421 -0.0815664020086171
1 5422 1.12454079191097
1 5426 1.29726178083461
1 5427 -0.21407542663643
1 5430 0.12109479117904
1 5431 0.291705065923543
1 5433 0.020929439755939
1 5439 0.111320267731826
1 5442 0.430466416305062
1 5443 -0.052725457032385
1 5444 0.0804117753210955
1 5447 0.235897865486026
1 5456 0.449538504855258
1 5458 -1.27705913348903
1 5459 0.271385995879395
1 5466 -0.165785181321101
1 5468 -0.112915563119529
1 5469 -0.169697728607909
1 5476 0.281652517119195
1 5480 2.14281327478695
1 5483 -0.81647602595584
1 5484 -2.16910624733617
1 5485 -0.3120064173235
1 5486 0.25733817575419
1 5490 0.00177654891732496
1 5491 -0.0829513368200618
1 5495 0.224987101436562
1 5496 0.558918312096269
1 5501 -0.0278983946772343
1 5505 -0.0480621831075414
1 5506 -0.197210024664771
1 5510 0.109780134118297
1 5513 0.878298639599635
1 5514 -0.837265208038541
1 5515 -0.643323729426362
1 5516 -2.34128422280365
1 5520 0.139232744369932
1 5525 -0.0641804099931821
1 5526 0.185612509297626
1 5528 0.00320641863980203
1 5530 -0.157480521787726
1 5531 -0.0259495770541593
1 5535 -0.0176285517194869
1 5542 -0.0646105649804083
1 5543 0.040235353168832
1 5544 -0.878681997415217
1 5547 -0.147929805819811
1 5555 0.0945677013096549
1 5556 1.89031788429328
1 5562 -0.139964961928431
1 5593 0.246410990435667
1 5594 0.292974574906609
1 5636 0.172586617423094
1 5662 0.0785625207393487
1 5616 -0.496545022480378
1 5705 -1.46772602133565
1 5741 -0.164558929704255
1 5751 0.0481779284467005
1 5759 0.658550074212311
1 5762 1.05672016907041
1 5768 0.596156762869145
1 5891 -0.389645909627678
1 5917 0.149622626636674
1 5596 0.598579870329004
1 5589 -0.267312828757355
1 6082 0.96078039943643
1 6084 -0.343833841142018
1 6086 0.11213767881913
1 6089 0.654000970332369
1 6099 0.0979248656292384
1 6100 0.475078303515788
1 6116 0.190594837434546
1 6118 0.175861492254601
1 6124 -0.329305405687399
1 6125 0.219677617631007
1 6127 0.0509830302086864
1 6136 0.131397825806215
1 6145 0.546374435654743
1 6147 0.186885697493917
1 6150 0.0959932409881588
1 6151 0.1418690501565
1 6159 -0.11654523488516
1 6164 0.0341961258263233
1 6168 -0.122915632552242
1 6171 0.596099238215452
1 6176 0.166367549759217
1 6186 -0.367477761235143
1 6189 -0.0158130323753348
1 6193 -0.0619049569524629
1 6195 -0.618280289120928
1 6196 -0.127578344345133
1 6302 -0.216062505895797
1 6331 0.245470731267766
1 6332 0.215704328299269
1 6333 -0.490840926930262
1 6338 0.147961023703548
1 6342 -1.09784681603762
1 6345 -0.185209687053861
1 6348 -0.132069631847267
1 6354 0.325625250406631
1 6362 0.0842410376289777
1 6369 -0.730895107800549
1 6406 0.0742165968710532
1 6408 -0.193728098240385
1 6409 -0.863516471899327
1 6414 -0.292897536901034
1 6425 0.576681691134997
1 6435 0.0434479517269057
1 6441 -0.273249959431231
1 6451 0.0877381389976231
1 6452 0.111949608738868
1 6455 0.399321473747795
1 6463 -0.117731884189316
1 6479 0.0922053243499142
1 6486 0.883493232864232
1 6528 -1.1976281789195
1 6536 -1.10590988373594
1 6565 0.405915642799631
1 6567 -1.52406150526337
1 6577 0.56512239819936
1 6585 0.0150092053148256
1 6591 -0.797112381173404
1 6593 -0.144140071655096
1 6605 -0.125616247385706
1 6608 0.323731474143299
1 6609 -0.690890067031868
1 6615 -0.2107896597641
1 6616 0.365107209447524
1 6617 0.0335718900838565
1 6625 -0.187795710715932
1 6644 0.0225945932114769
1 6646 0.145305564308667
1 6654 -0.471567928434187
1 6666 -0.370234537405533
1 6674 -0.281370119133602
1 6675 -0.470136157822015
1 6678 0.173870543459904
1 6679 0.0104976552451042
1 6680 0.111693302321866
1 6682 -0.228449711307796
1 6683 -0.328456670982792
1 6685 -1.47320239288235
1 6689 -1.31655905371279
1 6690 0.0850607398598321
1 6691 -0.0328340399951834
1 6692 -0.282898566258975
1 6695 -1.85841877224558
1 6697 0.787373571339931
1 6770 -0.304160591170085
1 7336 0.901261650589088
1 7339 -0.290919726222953
1 7039 0.611553381243969
1 7698 -0.0448317963001728
1 7700 0.254687988423179
1 8240 -0.256220599223878
1 8258 -0.167749565585257
1 8265 0.739849781341611
1 8304 1.63095407934247
1 8312 -0.184939205472655
1 8327 -0.106222546573625
1 8358 0.0276210653099387
1 8362 -0.811085985018149
1 8365 -2.2622655893877
1 8467 0.0545055767293672
1 3564 -0.123892377136475
1 3589 0.0235435574974918
1 4051 -0.142171086103551
1 4068 0.771255645426541
1 4103 0.715924710097743
1 4120 -0.505731821968944
1 4131 -0.255130448120788
1 4153 -0.558996859088747
1 4156 0.0555151471370223
1 4166 -0.0115243980689463
1 4216 -0.343202387282517
1 4220 -0.634712943142794
1 4223 0.318140255834003
1 4261 -1.01952793754705
1 4316 -0.106891289284791
1 4318 0.0854844546544129
1 4361 0.131032404872408
1 4399 0.261361765133342
1 4459 0.077560750504991
1 4470 -0.66530045161978
1 4734 0.0512834639507839
1 5063 -0.296256389059783
1 5066 0.275075752819326
1 5089 0.399394299873965
1 5102 -0.897989024769782
1 5107 -0.211287611232581
1 5121 -0.0557531354660512
1 5147 -1.34167159159592
1 5455 0.0817143889055494
1 5467 1.19474518809348
1 5552 0.00110677442937757
1 5561 -0.091736106910222
1 6411 0.217380346003922
1 6459 0.133910149147894
1 6583 0.0961154315628381
1 6599 0.136054166910146
1 6620 0.901036743219084
1 6633 0.696895422879326
1 6694 -0.707124906625685
1 6726 -0.0294023658867584
1 6859 1.0031870021208
1 6867 0.501392119504771
1 6868 -0.493499393179233
1 6907 -0.184804566018972
1 6920 -0.45064473440975
1 8710 -0.1584073598959
1 8712 0.618950486995622
1 8714 -0.150066626200404
1 8715 0.946982949280901
1 8716 -0.401007246360344
1 8717 0.348067897872252
1 8729 -0.0448811254122568
1 8787 -0.803991734143143
1 8718 1.05475452500931
1 8730 -0.164677334393964
1 8800 0.01680494046715
1 8731 -0.0544936029382859
1 8720 0.795595397253983
1 8766 0.314220686775702
1 8790 0.0529690668224625
1 8721 -0.183065136822696
1 8733 0.364126365749485
1 8744 -0.0111267915419395
1 8756 -0.140684002649062
1 8734 -0.305008318568804
1 8780 0.0516436521776071
1 8804 -0.503727908859982
1 8758 -0.240974791925124
1 8805 -0.9182344168402
1 8724 -3.06245868624467
1 8735 0.614051045382844
1 8759 0.0925443933089731
1 8782 0.211408817575605
1 8794 0.210129760133275
1 8725 -0.0826159848707633
1 8760 -0.316201243227731
1 8783 0.927998180537909
1 8807 -0.422190157449285
1 8749 -0.0690723212641859
1 8750 0.897038371099057
1 8762 0.183960230365038
1 8809 -0.226856683874786
1 8798 -0.106545401564295
1 8811 -0.305695271672076
1 2162 0.157579226540927
1 8812 0.045206346302732
1 1663 0.189006163582521
1 1769 -0.0640900065831254
1 1784 -0.219686486001856
1 1201 0.415357567167584
1 2966 0.739019554867397
1 3443 0.313234551946
1 3881 0.682919437782672
1 2297 0.409404966402073
1 1662 -0.288065475580613
1 2262 0.0194313198465714
1 2645 -0.134991634472906
1 3488 0.00190430840159372
1 3954 -0.00700563378779329
1 2651 -0.0693643627744081
1 3490 0.0603206665848528
1 3573 -2.37550882646619
1 3968 0.0981241682033502
1 2265 -0.719783509386431
1 2352 0.167130534853649
1 2658 0.0418468654436541
1 3509 1.1120691132585
1 2270 0.272225752471527
1 2354 0.558754306502044
1 1885 0.273848836432416
1 2271 0.716481315230546
1 2358 -0.066765461548244
1 2686 -0.0643457216582579
1 5595 2.03523633210633
1 2172 -0.053934689839916
1 2279 0.35558773608556
1 5604 -0.112994696802755
1 2248 0.782051148775624
1 2280 -0.510432366640647
1 3533 0.719393486984425
1 5606 0.239341430504798
1 3442 1.97681281002411
1 8965 -0.646654641980678
1 5648 0.786840790721502
1 5652 0.254590207987461
1 7144 -0.406217739740665
1 5622 -0.293122163086199
1 5626 -0.45674338482351
1 5631 0.273775591305402
1 8510 0.609482695522843
1 5632 0.712855714525556
1 8974 0.359690957459303
1 6701 -0.58039359062051
1 8508 0.158955542955226
1 9023 -0.0139308369635494
1 9012 -0.356426975103624
1 9036 -0.605305363013224
1 9060 0.73450642603202
1 8992 0.580671022895551
1 9016 0.647850629568746
1 9063 0.137362245080799
1 9029 0.0502317595038567
1 9030 -0.413613757227796
1 8997 0.368132067996775
1 9022 0.930558561453338
1 9093 -0.387108789573803
1 9119 0.0836812461387559
1 9074 0.235865987543517
1 9075 -0.800209128590334
1 9086 0.499284211229065
1 9110 -0.045287402925112
1 9146 -0.848093160403373
1 9125 1.03134241400524
1 9126 -0.342091121165829
1 9139 1.00008082750901
1 8506 0.418092177556419
1 9165 0.140683846559948
1 9239 -0.458141150909356
1 10753 0.554986824208903
1 9166 0.405946586816793
1 9207 -0.062842350109932
1 9257 0.922321803673974
1 9213 -1.58844950388304
1 9169 -0.296355463798313
1 9214 0.32513400978695
1 9244 0.675315348743414
1 9208 0.135968717199148
1 9246 0.409742378880521
1 9247 1.31191176535853
1 9206 -3.01490310569672
1 9211 0.048362319041054
1 9212 0.406647059702621
1 9775 0.4786135705147
1 9764 -0.171727593360483
1 9800 -0.689894181215251
1 9778 -0.55451144948012
1 9768 -1.68805555999075
1 9757 -0.103278163450181
1 9769 -0.108647008634678
1 9793 1.04407845851583
1 9805 0.187868189046161
1 9817 -0.0707765874894264
1 9759 0.273708938174559
1 9795 -0.297460486517143
1 9819 0.146602902060371
1 9784 -0.520385965339903
1 9797 -0.357097124276883
1 9809 -1.5726529038716
1 9822 -0.273411500718856
1 9834 0.494889335189253
1 9836 0.274575568818191
1 9871 -0.102752909878998
1 9849 0.491049523941999
1 9838 0.129064762241693
1 9897 -0.00816117774864633
1 9827 0.0234996255355107
1 9839 -0.743967270258278
1 9840 -2.2501856108781
1 9841 0.695509769032718
1 9843 0.358805517294505
1 9866 -0.024890270523704
1 9833 0.220878788422204
1 9845 1.13909798183614
1 9904 -0.534324242194617
1 10131 0.137057165851596
1 10126 1.74150257050335
1 9216 0.36312127603178
1 10125 0.623070621309534
1 2165 0.0200471243026374
1 5460 -0.38495483453795
1 3317 0.425514057524445
1 3414 -0.142145619606083
1 3420 0.0788352017665422
1 1094 -0.131306686357379
1 2360 -0.170148063696976
1 3428 0.0237945158967552
1 5597 -0.416592441735941
1 2376 0.122567899858025
1 3431 0.484254652721894
1 2476 0.0149921545757188
1 3447 0.164588978802229
1 1821 0.22758636180342
1 2659 0.107786410855153
1 3609 0.618722662478579
1 6588 0.100002794492312
1 1878 -0.85148149693724
1 2680 -1.87146185155575
1 3771 0.0724401818009817
1 2807 0.409273429971226
1 5094 -0.165341238098287
1 10190 -0.0125051871847279
1 10202 0.73803465613296
1 10237 -0.20571384593126
1 10180 -0.0566245179843428
1 10191 0.615087547549896
1 10205 0.658030358173747
1 10220 -0.178074752074842
1 10231 -0.242703119172385
1 10243 -0.31107978830144
1 10255 0.113089895575476
1 10303 0.0482718104449174
1 10258 0.23806761615054
1 10293 -0.142840737067216
1 10307 -2.40120199325088
1 10296 1.48424046790066
1 10345 1.8382923262207
1 10347 0.161447854377879
1 10289 0.0642765940832533
1 10348 0.0970197226312379
1 10349 -0.581947889261524
1 10351 -0.121712940156596
1 9083 -0.216883737236598
1 10438 0.363771638444072
1 10443 -0.620758832632267
1 10515 0.402646218012023
1 10527 0.171216494316159
1 10529 0.285702180925963
1 10518 -0.380599001062542
1 10530 0.0387264173047157
1 10525 -0.953250884740264
1 10586 -0.802861925602475
1 10552 -0.854227828683737
1 10575 0.40504318825614
1 10613 1.10259822613588
1 10626 0.444651857452488
1 10628 0.0923770043785836
1 10567 -0.448954048489661
1 10603 -0.310622314268876
1 10618 0.188627204430251
1 10594 0.071477281874138
1 10630 -0.407285434957434
1 10549 0.308687840368439
1 10632 -0.330469797240113
1 10622 0.227180406604663
1 11075 -0.000846011941456837
1 10647 -0.698378512287526
1 10659 -0.161284992474414
1 10661 -0.950843983836453
1 10642 0.523257313385287
1 11092 2.90474390996367
1 11107 0.332861601801621
1 11384 -0.915938656727874
1 11386 -0.650345883112919
1 11806 -0.149994871620827
