1 45 509 3
1 49 509 6
1 83 509 2
1 178 509 2
1 107 509 2
1 127 509 2
1 50 509 2
1 158 509 2
1 215 509 2
1 198 509 5
1 106 509 2
1 105 509 2
1 313 211 2
1 325 211 3
1 323 211 2
1 302 211 2
1 308 211 4
1 315 211 2
1 411 331 3
1 464 331 2
1 412 331 3
1 377 331 5
1 375 331 7
1 493 331 4
1 415 331 3
1 402 331 3
1 350 331 5
1 519 331 4
1 450 331 3
1 483 331 3
1 490 331 4
1 378 331 4
1 371 331 8
1 409 331 4
1 526 331 4
1 380 331 4
1 413 331 3
1 520 331 3
1 357 331 4
1 410 331 4
1 485 331 4
1 536 331 3
1 503 331 4
1 359 331 3
1 748 457 6
1 646 457 2
1 660 457 2
1 762 457 4
1 758 457 4
1 713 457 2
1 635 457 2
1 715 457 5
1 770 457 2
1 771 457 2
1 643 457 9
1 725 457 4
1 686 457 2
1 645 457 2
1 694 457 2
1 657 457 6
1 661 457 2
1 703 457 2
1 662 457 2
1 724 457 4
1 637 457 4
1 638 457 2
1 763 457 2
1 665 457 2
1 691 457 3
1 722 457 5
1 743 457 2
1 1049 211 2
1 1028 211 6
1 1043 211 6
1 1041 211 2
1 1025 211 2
1 1035 211 2
1 1021 211 5
1 1031 211 3
1 1019 211 2
1 1022 211 2
1 1046 211 5
1 1016 211 2
1 1017 211 7
1 1048 211 2
1 1039 211 2
1 1032 211 6
1 1020 211 6
1 1034 211 5
1 1023 211 2
1 1100 290 4
1 1161 290 2
1 1147 290 6
1 1169 290 6
1 1170 290 7
1 1178 290 7
1 1174 290 4
1 1124 290 7
1 1127 290 3
1 1192 290 2
1 1112 290 3
1 1173 290 3
1 1108 290 3
1 1218 290 3
1 1172 290 2
1 1099 290 3
1 1111 290 3
1 1110 290 3
1 1189 290 10
1 1205 290 3
1 1123 290 7
1 1201 290 6
1 1193 290 3
1 1126 290 2
1 1107 290 7
1 1191 290 2
1 1180 290 7
1 1153 290 6
1 1507 414 2
1 1291 414 4
1 1425 414 5
1 1487 414 4
1 1334 414 2
1 1270 414 4
1 1326 414 7
1 1471 414 2
1 1502 414 4
1 1486 414 2
1 1514 414 2
1 1265 414 2
1 1295 414 9
1 1383 414 3
1 1515 414 8
1 1292 414 4
1 1367 414 5
1 1366 414 5
1 1427 414 7
1 1290 414 2
1 1269 414 3
1 1365 414 4
1 1542 414 8
1 1346 414 2
1 1336 414 6
1 1320 414 2
1 1444 414 2
1 1322 414 2
1 1532 414 3
1 1443 414 2
1 1419 414 2
1 1473 414 7
1 1268 414 2
1 1347 414 2
1 1361 414 2
1 1424 414 4
1 1323 414 3
1 1447 414 7
1 1371 414 8
1 1428 414 8
1 1386 414 7
1 1384 414 3
1 1501 414 2
1 1445 414 2
1 1373 414 8
1 1340 414 2
1 1362 414 2
1 1381 414 2
1 1335 414 2
1 1276 414 9
1 1390 414 4
1 1423 414 4
1 1271 414 7
1 1382 414 2
1 1293 414 4
1 1272 414 8
1 1363 414 3
1 1495 414 2
1 1364 414 4
1 1333 414 2
1 1420 414 2
1 1540 414 4
1 1422 414 3
1 1368 414 8
1 1321 414 2
1 1296 414 11
1 1385 414 4
1 1472 414 3
1 1294 414 8
1 1543 414 2
1 1446 414 3
1 1541 414 7
1 1267 414 2
1 1482 414 4
1 1421 414 2
1 1324 414 4
1 1266 414 2
1 1329 414 7
1 1658 321 3
1 1760 321 8
1 1673 321 2
1 1806 321 2
1 1611 321 3
1 1755 321 3
1 1803 321 2
1 1702 321 10
1 1818 321 2
1 1787 321 6
1 1678 321 8
1 1672 321 2
1 1614 321 9
1 1785 321 2
1 1763 321 8
1 1813 321 2
1 1701 321 9
1 1718 321 5
1 1747 321 2
1 1814 321 2
1 1645 321 4
1 1770 321 7
1 1610 321 2
1 1663 321 3
1 1621 321 4
1 1690 321 2
1 1642 321 2
1 1807 321 9
1 1740 321 2
1 1777 321 2
1 1689 321 2
1 1695 321 3
1 1800 321 2
1 1786 321 5
1 1774 321 4
1 1789 321 2
1 1657 321 2
1 1664 321 6
1 1698 321 5
1 1804 321 9
1 1643 321 3
1 1620 321 3
1 1641 321 2
1 1639 321 2
1 1780 321 3
1 1795 321 2
1 1676 321 4
1 1699 321 6
1 1817 321 2
1 1766 321 3
1 1644 321 4
1 1764 321 2
1 1714 321 3
1 1741 321 2
1 1693 321 2
1 1765 321 2
1 1612 321 9
1 1744 321 2
1 1721 321 12
1 1613 321 9
1 1761 321 2
1 1742 321 2
1 1784 321 2
1 1743 321 2
1 1703 321 5
1 1820 321 2
1 1675 321 2
1 1753 321 3
1 1696 321 4
1 1622 321 5
1 1788 321 2
1 1700 321 8
1 1659 321 4
1 1715 321 3
1 1745 321 2
1 1674 321 2
1 1647 321 8
1 1720 321 6
1 1812 321 3
1 1751 321 3
1 1759 321 8
1 1716 321 4
1 1717 321 4
1 1778 321 2
1 1704 321 3
1 1640 321 2
1 1638 321 2
1 1746 321 2
1 1691 321 2
1 1719 321 5
1 1651 321 2
1 1796 321 2
1 1692 321 2
1 1754 321 3
1 1779 321 2
1 1749 321 2
1 1748 321 2
1 1752 321 3
1 1694 321 3
1 1819 321 2
1 1646 321 5
1 1697 321 4
1 1713 321 2
1 1756 321 5
1 1750 321 2
1 1767 321 8
1 1757 321 5
1 1974 443 3
1 1876 443 6
1 1847 443 11
1 1879 443 4
1 1855 443 13
1 2088 443 3
1 2048 443 4
1 1960 443 4
1 1982 443 2
1 1839 443 3
1 1923 443 8
1 2011 443 3
1 2061 443 2
1 1941 443 5
1 1835 443 4
1 1980 443 2
1 2000 443 3
1 2060 443 3
1 1989 443 3
1 2095 443 2
1 1882 443 3
1 2052 443 4
1 1859 443 4
1 2043 443 7
1 1964 443 2
1 2064 443 4
1 1862 443 2
1 1850 443 3
1 1979 443 9
1 2010 443 3
1 2042 443 4
1 1996 443 3
1 2047 443 3
1 1880 443 4
1 2007 443 2
1 2066 443 3
1 2091 443 3
1 2082 443 2
1 1883 443 3
1 1972 443 5
1 2056 443 3
1 1837 443 9
1 1857 443 6
1 1916 443 9
1 1888 443 2
1 1918 443 4
1 1890 443 2
1 2017 443 3
1 1948 443 3
1 1856 443 6
1 1858 443 5
1 2087 443 3
1 1849 443 4
1 2089 443 4
1 1851 443 3
1 1940 443 4
1 2003 443 9
1 1954 443 3
1 1848 443 5
1 2081 443 6
1 1887 443 3
1 2053 443 5
1 1928 443 3
1 1962 443 4
1 1878 443 4
1 2050 443 3
1 1875 443 6
1 1874 443 9
1 1877 443 4
1 1889 443 2
1 1993 443 4
1 2097 443 4
1 1885 443 3
1 1891 443 2
1 2031 443 2
1 2024 443 9
1 2059 443 10
1 1861 443 2
1 2029 443 2
1 1860 443 3
1 1838 443 3
1 2079 443 2
1 2025 443 3
1 2030 443 2
1 2045 443 3
1 1840 443 2
1 2041 443 3
1 2065 443 2
1 1976 443 3
1 1852 443 3
1 1886 443 3
1 1988 443 6
1 1927 443 3
1 1998 443 5
1 2049 443 6
1 1853 443 3
1 2002 443 3
1 1919 443 3
1 1926 443 6
1 1938 443 3
1 1995 443 4
1 1881 443 3
1 1884 443 3
1 2145 435 7
1 2146 435 6
1 2279 435 2
1 2200 435 4
1 2121 435 5
1 2119 435 4
1 2238 435 10
1 2195 435 2
1 2153 435 3
1 2204 435 5
1 2147 435 8
1 2327 435 4
1 2209 435 8
1 2273 435 10
1 2283 435 5
1 2144 435 4
1 2267 435 4
1 2248 435 5
1 2292 435 4
1 2234 435 2
1 2247 435 2
1 2142 435 4
1 2187 435 7
1 2231 435 2
1 2268 435 5
1 2149 435 5
1 2297 435 2
1 2322 435 2
1 2184 435 3
1 2198 435 3
1 2290 435 3
1 2188 435 8
1 2230 435 2
1 2205 435 6
1 13462 435 2
1 2291 435 4
1 2206 435 6
1 2207 435 7
1 2113 435 8
1 2311 435 3
1 2319 435 4
1 2185 435 4
1 2202 435 4
1 2324 435 4
1 2270 435 2
1 2140 435 3
1 2293 435 3
1 2120 435 4
1 2166 435 4
1 2266 435 2
1 2182 435 2
1 2316 435 2
1 2243 435 5
1 2312 435 4
1 2160 435 4
1 2111 435 7
1 2236 435 4
1 2285 435 7
1 2189 435 5
1 2177 435 5
1 2159 435 2
1 2254 435 2
1 2235 435 3
1 2298 435 2
1 2174 435 4
1 2208 435 7
1 2301 435 3
1 2278 435 2
1 2242 435 4
1 2158 435 2
1 2197 435 2
1 2307 435 10
1 2281 435 4
1 2141 435 3
1 2110 435 4
1 2286 435 4
1 2302 435 2
1 2305 435 4
1 2246 435 2
1 2138 435 2
1 2172 435 4
1 2272 435 4
1 2109 435 3
1 2233 435 2
1 2284 435 7
1 2294 435 2
1 2280 435 3
1 2323 435 6
1 2137 435 2
1 2170 435 4
1 2183 435 2
1 2318 435 3
1 2175 435 5
1 2122 435 6
1 2201 435 4
1 2321 435 10
1 2255 435 2
1 2107 435 3
1 2295 435 2
1 2136 435 2
1 2303 435 5
1 2317 435 2
1 2253 435 2
1 2271 435 4
1 2300 435 2
1 2232 435 2
1 2282 435 4
1 2186 435 5
1 2306 435 7
1 2173 435 4
1 2176 435 5
1 2139 435 2
1 2148 435 7
1 2203 435 5
1 2239 435 4
1 2152 435 3
1 2112 435 7
1 2199 435 3
1 2391 357 5
1 2365 357 3
1 2480 357 6
1 2483 357 5
1 2377 357 3
1 2503 357 11
1 2343 357 3
1 2496 357 2
1 2489 357 5
1 2504 357 8
1 2387 357 8
1 2382 357 6
1 2490 357 5
1 2435 357 9
1 2447 357 5
1 2500 357 4
1 2514 357 9
1 2474 357 11
1 2345 357 3
1 2487 357 3
1 2367 357 7
1 2530 357 4
1 2546 357 3
1 2404 357 3
1 2348 357 3
1 2392 357 4
1 2379 357 2
1 2432 357 3
1 2437 357 9
1 2451 357 2
1 2350 357 4
1 2537 357 3
1 2527 357 5
1 2455 357 12
1 2488 357 3
1 2429 357 2
1 2362 357 2
1 2512 357 5
1 2419 357 2
1 2502 357 5
1 2497 357 2
1 2491 357 5
1 2349 357 4
1 2510 357 7
1 2369 357 6
1 2412 357 7
1 2360 357 2
1 2544 357 5
1 2389 357 7
1 2465 357 5
1 2428 357 5
1 2347 357 3
1 2493 357 2
1 2351 357 5
1 2376 357 11
1 2516 357 2
1 2545 357 4
1 2443 357 2
1 2450 357 2
1 2520 357 4
1 2469 357 2
1 2361 357 2
1 2457 357 3
1 2534 357 2
1 2452 357 2
1 2423 357 5
1 2499 357 5
1 2364 357 5
1 2481 357 2
1 2508 357 6
1 2346 357 3
1 2482 357 3
1 2543 357 2
1 2406 357 5
1 2464 357 4
1 2408 357 6
1 2539 357 2
1 2393 357 4
1 2373 357 5
1 2444 357 3
1 2363 357 6
1 2449 357 9
1 2528 357 4
1 2400 357 6
1 2495 357 2
1 2359 357 2
1 2549 357 4
1 2540 357 5
1 2368 357 3
1 2439 357 2
1 2398 357 2
1 2438 357 2
1 2547 357 3
1 2420 357 4
1 2466 357 5
1 2479 357 3
1 2448 357 5
1 2374 357 2
1 2430 357 3
1 2372 357 4
1 2413 357 3
1 2519 357 4
1 2467 357 2
1 2460 357 7
1 2378 357 8
1 2344 357 3
1 2399 357 2
1 2352 357 5
1 2390 357 2
1 2513 357 2
1 2509 357 5
1 2446 357 3
1 2371 357 4
1 2353 357 5
1 2424 357 2
1 2517 357 5
1 2710 575 4
1 2660 575 3
1 2800 575 4
1 2888 575 12
1 2655 575 3
1 2903 575 3
1 2891 575 8
1 2554 575 5
1 2848 575 6
1 2755 575 4
1 2608 575 4
1 2856 575 4
1 2831 575 4
1 2759 575 5
1 2861 575 6
1 2760 575 5
1 2879 575 7
1 2870 575 3
1 2612 575 4
1 2823 575 6
1 2826 575 6
1 2610 575 4
1 2782 575 3
1 2611 575 4
1 2628 575 6
1 2764 575 6
1 2570 575 3
1 2762 575 6
1 2900 575 3
1 2679 575 3
1 2904 575 3
1 2862 575 7
1 2765 575 6
1 2552 575 4
1 2859 575 6
1 2895 575 13
1 2622 575 5
1 2885 575 13
1 2656 575 3
1 2869 575 3
1 2555 575 5
1 2810 575 4
1 2877 575 8
1 2892 575 9
1 2844 575 8
1 2781 575 3
1 2873 575 6
1 2624 575 6
1 2857 575 4
1 2860 575 6
1 2626 575 6
1 2697 575 9
1 2824 575 6
1 2623 575 6
1 2686 575 2
1 2654 575 3
1 2569 575 3
1 2785 575 7
1 2784 575 3
1 2754 575 4
1 2822 575 6
1 2659 575 3
1 2758 575 4
1 2551 575 4
1 2718 575 6
1 2732 575 7
1 2621 575 5
1 2763 575 6
1 2803 575 8
1 2733 575 5
1 2783 575 3
1 2872 575 6
1 2609 575 4
1 2653 575 3
1 2779 575 2
1 2594 575 7
1 2876 575 4
1 2890 575 7
1 2766 575 6
1 2691 575 7
1 2875 575 5
1 2708 575 5
1 2753 575 4
1 2778 575 2
1 2619 575 5
1 2553 575 4
1 2652 575 2
1 2590 575 8
1 2616 575 4
1 2757 575 4
1 2727 575 9
1 2761 575 5
1 2868 575 3
1 2599 575 5
1 2596 575 7
1 2752 575 4
1 2883 575 3
1 2649 575 2
1 2713 575 7
1 2740 575 4
1 2802 575 4
1 2858 575 4
1 2845 575 12
1 2567 575 3
1 2565 575 2
1 2751 575 6
1 2568 575 3
1 2613 575 4
1 2805 575 7
1 2651 575 2
1 2604 575 5
1 2618 575 5
1 2884 575 4
1 2658 575 3
1 2603 575 6
1 2574 575 5
1 2871 575 7
1 2887 575 5
1 2902 575 3
1 2830 575 5
1 2657 575 3
1 2614 575 4
1 2919 575 4
1 2726 575 7
1 2874 575 4
1 2556 575 6
1 2566 575 3
1 2682 575 3
1 2576 575 5
1 2627 575 6
1 2650 575 2
1 2625 575 6
1 2814 575 9
1 2780 575 3
1 2617 575 4
1 2886 575 3
1 2615 575 4
1 2787 575 7
1 2620 575 5
1 2967 542 10
1 3180 542 6
1 3176 542 7
1 3197 542 2
1 3148 542 8
1 3155 542 4
1 2972 542 9
1 3050 542 2
1 2985 542 7
1 2983 542 7
1 3061 542 2
1 3247 542 2
1 3018 542 5
1 3001 542 6
1 3253 542 2
1 2993 542 7
1 3239 542 8
1 2973 542 9
1 2981 542 8
1 3152 542 7
1 3000 542 6
1 3016 542 5
1 3008 542 5
1 3052 542 2
1 3173 542 9
1 3250 542 2
1 3045 542 2
1 2998 542 6
1 3004 542 5
1 3006 542 5
1 3248 542 2
1 2994 542 6
1 3044 542 2
1 3043 542 2
1 2978 542 8
1 3040 542 2
1 3047 542 2
1 3065 542 2
1 3175 542 7
1 3003 542 5
1 3058 542 2
1 3029 542 4
1 3178 542 7
1 3199 542 2
1 2966 542 10
1 3010 542 5
1 3200 542 2
1 3054 542 2
1 2997 542 6
1 3192 542 4
1 3193 542 3
1 3037 542 3
1 3174 542 8
1 3059 542 2
1 3055 542 2
1 3064 542 2
1 3188 542 4
1 3245 542 3
1 3184 542 5
1 3041 542 2
1 3241 542 5
1 2964 542 14
1 3042 542 2
1 3177 542 7
1 2990 542 7
1 3154 542 4
1 2977 542 8
1 2979 542 8
1 3015 542 5
1 2971 542 9
1 2965 542 11
1 3156 542 4
1 3198 542 2
1 2974 542 8
1 3246 542 2
1 3028 542 4
1 2984 542 7
1 2986 542 7
1 3027 542 4
1 3249 542 2
1 3157 542 2
1 3030 542 4
1 3151 542 8
1 3025 542 4
1 3034 542 4
1 2988 542 7
1 3243 542 4
1 3036 542 4
1 2975 542 8
1 2970 542 10
1 3013 542 5
1 3187 542 4
1 3238 542 2
1 3153 542 5
1 3023 542 4
1 3009 542 5
1 3251 542 2
1 3060 542 2
1 3182 542 5
1 3194 542 3
1 3032 542 4
1 3046 542 2
1 3195 542 3
1 3021 542 4
1 3252 542 2
1 3005 542 5
1 3183 542 5
1 3057 542 2
1 3179 542 7
1 3007 542 5
1 2987 542 7
1 2969 542 10
1 3012 542 5
1 2999 542 6
1 2968 542 10
1 3186 542 4
1 2989 542 7
1 2992 542 7
1 2996 542 6
1 3002 542 6
1 3244 542 3
1 2991 542 7
1 3190 542 4
1 3035 542 4
1 3191 542 4
1 3017 542 5
1 3038 542 3
1 3159 542 2
1 3062 542 2
1 3020 542 4
1 3019 542 5
1 3022 542 4
1 3051 542 2
1 3053 542 2
1 3049 542 2
1 3026 542 4
1 3181 542 6
1 2980 542 8
1 2976 542 8
1 2982 542 7
1 2995 542 6
1 3014 542 5
1 3158 542 2
1 3033 542 4
1 3063 542 2
1 3056 542 2
1 3196 542 3
1 3189 542 4
1 3011 542 5
1 3039 542 3
1 3185 542 4
1 3240 542 5
1 3024 542 4
1 3031 542 4
1 3048 542 2
1 3541 591 4
1 3542 591 5
1 3430 591 5
1 3435 591 8
1 3518 591 9
1 3513 591 8
1 3361 591 6
1 3553 591 8
1 3342 591 3
1 3379 591 10
1 3370 591 8
1 3359 591 6
1 3436 591 8
1 3337 591 2
1 3431 591 5
1 3338 591 3
1 3352 591 5
1 3332 591 2
1 3378 591 10
1 3490 591 2
1 3516 591 8
1 3502 591 5
1 3364 591 7
1 3356 591 6
1 3365 591 7
1 3353 591 5
1 3499 591 5
1 3515 591 8
1 3509 591 6
1 3437 591 15
1 3371 591 8
1 3429 591 5
1 3340 591 3
1 3330 591 2
1 3362 591 7
1 3422 591 3
1 3511 591 7
1 3343 591 3
1 3341 591 3
1 3363 591 7
1 3548 591 6
1 3427 591 5
1 3546 591 6
1 3333 591 2
1 3498 591 4
1 3420 591 3
1 3428 591 5
1 3412 591 3
1 3367 591 7
1 3376 591 9
1 3348 591 5
1 3377 591 10
1 3508 591 6
1 3551 591 7
1 3549 591 7
1 3375 591 9
1 3519 591 10
1 3336 591 2
1 3416 591 3
1 3424 591 4
1 3491 591 2
1 3346 591 3
1 3492 591 3
1 3537 591 2
1 3345 591 3
1 3339 591 3
1 3366 591 7
1 3554 591 8
1 3411 591 3
1 3426 591 5
1 3538 591 2
1 3414 591 3
1 3558 591 3
1 3369 591 8
1 3506 591 6
1 3413 591 3
1 3517 591 8
1 3331 591 2
1 3545 591 5
1 3434 591 7
1 3514 591 8
1 3344 591 3
1 3536 591 2
1 3347 591 4
1 3544 591 5
1 3423 591 3
1 3415 591 3
1 3372 591 8
1 3489 591 2
1 3409 591 2
1 3552 591 8
1 3495 591 3
1 3503 591 5
1 3556 591 2
1 3425 591 4
1 3374 591 9
1 3358 591 6
1 3418 591 3
1 3350 591 5
1 3487 591 2
1 3543 591 5
1 3500 591 5
1 3507 591 6
1 3488 591 2
1 3496 591 4
1 3368 591 8
1 3360 591 6
1 3408 591 2
1 3355 591 6
1 3557 591 2
1 3504 591 5
1 3432 591 5
1 3540 591 2
1 3354 591 6
1 3351 591 5
1 3494 591 3
1 3512 591 8
1 3349 591 5
1 3510 591 7
1 3547 591 6
1 3417 591 3
1 3334 591 2
1 3493 591 3
1 3497 591 4
1 3357 591 6
1 3335 591 2
1 3419 591 3
1 3539 591 2
1 3550 591 7
1 3505 591 5
1 3373 591 9
1 3433 591 7
1 3410 591 3
1 3421 591 3
1 3821 325 4
1 3887 325 4
1 3841 325 6
1 3758 325 9
1 3879 325 2
1 3725 325 3
1 3819 325 4
1 3723 325 3
1 3843 325 6
1 3721 325 2
1 3901 325 8
1 3895 325 6
1 3793 325 3
1 3889 325 4
1 3752 325 7
1 3881 325 2
1 3898 325 7
1 3900 325 8
1 3825 325 7
1 3745 325 6
1 3726 325 3
1 3817 325 3
1 3755 325 9
1 3880 325 2
1 3740 325 4
1 3888 325 4
1 3720 325 2
1 3746 325 6
1 3741 325 4
1 3892 325 4
1 3722 325 3
1 3749 325 6
1 3759 325 9
1 3882 325 3
1 3797 325 11
1 3788 325 2
1 3760 325 10
1 3789 325 3
1 3743 325 5
1 3732 325 4
1 3747 325 6
1 3842 325 6
1 3894 325 5
1 3893 325 5
1 3838 325 4
1 3826 325 9
1 3839 325 4
1 3850 325 6
1 3878 325 2
1 3731 325 4
1 3737 325 4
1 3724 325 3
1 3884 325 3
1 3751 325 7
1 3847 325 3
1 3739 325 4
1 3744 325 5
1 3738 325 4
1 3736 325 4
1 3753 325 7
1 3786 325 2
1 3820 325 4
1 3733 325 4
1 3795 325 4
1 3785 325 2
1 3727 325 3
1 3891 325 4
1 3897 325 7
1 3837 325 3
1 3790 325 3
1 3754 325 7
1 3796 325 5
1 3757 325 9
1 3818 325 4
1 3730 325 4
1 3742 325 4
1 3822 325 6
1 3883 325 3
1 3836 325 3
1 3734 325 4
1 3840 325 5
1 3849 325 4
1 3848 325 3
1 3899 325 7
1 3748 325 6
1 3824 325 6
1 3756 325 9
1 3823 325 6
1 3729 325 4
1 3787 325 2
1 3890 325 4
1 3816 325 2
1 3750 325 6
1 3735 325 4
1 3794 325 4
1 3886 325 4
1 3885 325 3
1 3728 325 4
1 3791 325 3
1 3844 325 7
1 3792 325 3
1 4086 461 5
1 4146 461 2
1 4026 461 7
1 4028 461 7
1 4131 461 4
1 4029 461 7
1 4102 461 5
1 4012 461 4
1 4031 461 8
1 4024 461 5
1 4035 461 10
1 4030 461 7
1 4015 461 4
1 4092 461 9
1 4133 461 5
1 4077 461 4
1 4090 461 9
1 4085 461 5
1 4021 461 5
1 4018 461 5
1 4022 461 5
1 4126 461 3
1 4099 461 5
1 4132 461 4
1 4100 461 5
1 4011 461 3
1 4019 461 5
1 4078 461 4
1 4083 461 5
1 4017 461 5
1 4082 461 5
1 4074 461 3
1 4127 461 3
1 4101 461 5
1 4087 461 5
1 4027 461 7
1 4010 461 2
1 4139 461 10
1 4079 461 5
1 4091 461 9
1 4020 461 5
1 4016 461 5
1 4075 461 3
1 4033 461 10
1 4080 461 5
1 4076 461 3
1 4023 461 5
1 4081 461 5
1 4034 461 10
1 4073 461 3
1 4148 461 4
1 4138 461 9
1 4136 461 7
1 4135 461 5
1 4128 461 4
1 4013 461 4
1 4084 461 5
1 4094 461 10
1 4072 461 2
1 4134 461 5
1 4014 461 4
1 4098 461 4
1 4071 461 2
1 4130 461 4
1 4032 461 8
1 4129 461 4
1 4093 461 10
1 4088 461 7
1 4147 461 3
1 4137 461 7
1 4089 461 8
1 4025 461 6
1 4540 651 2
1 4623 651 11
1 4554 651 6
1 4612 651 5
1 4414 651 6
1 4403 651 3
1 4624 651 11
1 4530 651 2
1 4618 651 6
1 4477 651 9
1 4465 651 2
1 4391 651 2
1 4602 651 2
1 4609 651 4
1 4425 651 11
1 4546 651 5
1 4575 651 8
1 4604 651 2
1 4533 651 2
1 4400 651 2
1 4553 651 6
1 4611 651 5
1 4549 651 6
1 4614 651 7
1 4534 651 2
1 4416 651 6
1 4607 651 2
1 4562 651 8
1 4621 651 8
1 4406 651 4
1 4402 651 3
1 4565 651 11
1 4422 651 10
1 4557 651 8
1 4574 651 6
1 4545 651 4
1 4420 651 9
1 4536 651 2
1 4622 651 8
1 4464 651 2
1 4471 651 5
1 4404 651 4
1 4552 651 6
1 4476 651 9
1 4421 651 9
1 4470 651 4
1 4385 651 2
1 4535 651 2
1 4606 651 2
1 4472 651 5
1 4426 651 15
1 4608 651 3
1 4413 651 6
1 4563 651 9
1 4559 651 8
1 4478 651 11
1 4392 651 2
1 4463 651 2
1 4467 651 2
1 4394 651 2
1 4395 651 2
1 4560 651 8
1 4389 651 2
1 4407 651 5
1 4547 651 5
1 4415 651 6
1 4537 651 2
1 4424 651 11
1 4384 651 2
1 4555 651 6
1 4419 651 9
1 4556 651 6
1 4564 651 11
1 4558 651 8
1 4468 651 2
1 4405 651 4
1 4550 651 6
1 4390 651 2
1 4474 651 6
1 4393 651 2
1 4529 651 2
1 4473 651 6
1 4617 651 6
1 4462 651 2
1 4615 651 7
1 4543 651 2
1 4531 651 2
1 4401 651 2
1 4469 651 2
1 4397 651 2
1 7006 651 5
1 4388 651 2
1 4538 651 2
1 4386 651 2
1 4576 651 9
1 4381 651 2
1 4616 651 6
1 4387 651 2
1 4561 651 8
1 4382 651 2
1 4601 651 2
1 4613 651 5
1 4620 651 8
1 4628 651 4
1 4532 651 2
1 4630 651 6
1 4610 651 4
1 4412 651 6
1 7007 651 8
1 4605 651 2
1 4528 651 2
1 4410 651 5
1 4408 651 5
1 4603 651 2
1 4466 651 2
1 4417 651 6
1 4539 651 2
1 4544 651 4
1 4423 651 11
1 4398 651 2
1 4629 651 6
1 4619 651 6
1 4396 651 2
1 4383 651 2
1 4409 651 5
1 4411 651 6
1 4418 651 8
1 4551 651 6
1 4541 651 2
1 4542 651 2
1 7095 335 3
1 7239 335 2
1 7151 335 3
1 7097 335 3
1 7274 335 11
1 7168 335 9
1 7109 335 6
1 7118 335 7
1 7265 335 8
1 7248 335 3
1 7098 335 3
1 7245 335 3
1 7191 335 9
1 7096 335 3
1 7165 335 2
1 7134 335 2
1 7253 335 3
1 7139 335 6
1 7157 335 7
1 7235 335 2
1 7172 335 6
1 7176 335 2
1 7102 335 5
1 7189 335 7
1 7257 335 5
1 7156 335 10
1 7115 335 7
1 7170 335 4
1 7150 335 7
1 7192 335 9
1 7075 335 2
1 7233 335 2
1 7251 335 3
1 7181 335 6
1 7101 335 5
1 7258 335 5
1 7180 335 3
1 7256 335 6
1 7104 335 5
1 7178 335 3
1 7182 335 6
1 7155 335 2
1 7136 335 2
1 7186 335 7
1 7240 335 2
1 7252 335 3
1 7272 335 7
1 7160 335 10
1 7122 335 9
1 7231 335 2
1 7113 335 7
1 7074 335 2
1 7175 335 7
1 7260 335 5
1 7232 335 2
1 7051 335 2
1 7237 335 2
1 7117 335 7
1 7124 335 10
1 7093 335 3
1 7241 335 2
1 7246 335 3
1 7193 335 10
1 7052 335 2
1 7194 335 12
1 7249 335 3
1 7243 335 2
1 7164 335 3
1 7179 335 3
1 7162 335 7
1 7268 335 7
1 7130 335 10
1 7183 335 6
1 7105 335 5
1 7261 335 5
1 7244 335 3
1 7050 335 2
1 7190 335 8
1 7184 335 5
1 7198 335 2
1 7088 335 2
1 7236 335 2
1 7187 335 7
1 7107 335 6
1 7167 335 6
1 7116 335 7
1 7112 335 7
1 7273 335 7
1 7100 335 4
1 7161 335 7
1 7255 335 4
1 7110 335 6
1 7171 335 6
1 7242 335 2
1 7269 335 7
1 7073 335 2
1 7264 335 6
1 7055 335 2
1 7169 335 12
1 7123 335 10
1 7057 335 2
1 7196 335 2
1 7094 335 3
1 7247 335 3
1 7153 335 2
1 7099 335 3
1 7263 335 6
1 7121 335 9
1 7234 335 2
1 7163 335 3
1 7154 335 7
1 7125 335 12
1 7114 335 7
1 7053 335 2
1 7119 335 7
1 7120 335 7
1 7108 335 6
1 7089 335 2
1 7091 335 2
1 7056 335 2
1 7059 335 2
1 7254 335 4
1 7271 335 7
1 7087 335 2
1 7188 335 7
1 7054 335 2
1 7266 335 7
1 7138 335 5
1 7106 335 6
1 7270 335 7
1 7092 335 2
1 7111 335 6
1 7174 335 9
1 7238 335 2
1 7259 335 5
1 7159 335 2
1 7185 335 7
1 7173 335 2
1 7768 494 11
1 7561 494 3
1 7567 494 4
1 7756 494 4
1 7625 494 4
1 7585 494 8
1 7616 494 3
1 7704 494 6
1 7576 494 7
1 7766 494 10
1 7587 494 8
1 7554 494 3
1 7690 494 3
1 7590 494 8
1 7621 494 8
1 7710 494 9
1 7594 494 10
1 7691 494 3
1 7597 494 13
1 7687 494 3
1 7572 494 6
1 7580 494 7
1 7613 494 3
1 7702 494 4
1 7754 494 4
1 7747 494 3
1 7566 494 4
1 7688 494 3
1 7619 494 4
1 7548 494 2
1 7623 494 13
1 7582 494 8
1 7564 494 3
1 7551 494 3
1 7708 494 8
1 7760 494 6
1 7746 494 3
1 7565 494 4
1 7763 494 7
1 7573 494 6
1 7711 494 10
1 7693 494 3
1 7578 494 7
1 7751 494 4
1 7581 494 8
1 7695 494 3
1 7709 494 8
1 7749 494 3
1 7685 494 2
1 7589 494 8
1 7579 494 7
1 7697 494 4
1 7762 494 7
1 7769 494 13
1 7596 494 11
1 7556 494 3
1 7622 494 8
1 7552 494 3
1 7584 494 8
1 7705 494 6
1 7692 494 3
1 7698 494 4
1 7759 494 5
1 7586 494 8
1 7614 494 3
1 7765 494 9
1 7689 494 3
1 7559 494 3
1 7557 494 3
1 7595 494 11
1 7588 494 8
1 7577 494 7
1 7703 494 5
1 7748 494 3
1 7755 494 4
1 7550 494 2
1 7569 494 5
1 7592 494 10
1 7571 494 5
1 7575 494 7
1 7764 494 8
1 7684 494 2
1 7583 494 8
1 7750 494 4
1 7549 494 2
1 7558 494 3
1 7560 494 3
1 7563 494 3
1 7591 494 10
1 7555 494 3
1 7753 494 4
1 7707 494 7
1 7620 494 6
1 7700 494 4
1 7562 494 3
1 7617 494 3
1 7701 494 4
1 7706 494 6
1 7758 494 5
1 7699 494 4
1 7757 494 5
1 7761 494 7
1 7694 494 3
1 7593 494 10
1 7686 494 3
1 8211 671 2
1 8257 671 12
1 8103 671 2
1 8295 671 2
1 8235 671 5
1 8185 671 11
1 8256 671 9
1 8178 671 9
1 8301 671 6
1 8289 671 2
1 8132 671 4
1 8183 671 11
1 8219 671 2
1 8241 671 9
1 8167 671 8
1 8152 671 5
1 8293 671 2
1 8174 671 9
1 8179 671 9
1 8160 671 8
1 8236 671 6
1 8228 671 4
1 8124 671 2
1 8169 671 9
1 8159 671 7
1 8140 671 4
1 8168 671 9
1 8143 671 4
1 8173 671 9
1 8238 671 7
1 8154 671 6
1 8300 671 5
1 8251 671 2
1 8210 671 2
1 8133 671 4
1 8129 671 3
1 8170 671 9
1 8302 671 7
1 8177 671 9
1 8310 671 4
1 8237 671 7
1 8148 671 5
1 8102 671 2
1 8227 671 4
1 8175 671 9
1 8134 671 4
1 8123 671 2
1 8291 671 2
1 8254 671 8
1 8112 671 2
1 8182 671 11
1 8108 671 2
1 8144 671 4
1 8105 671 2
1 8233 671 5
1 8240 671 9
1 8150 671 5
1 8146 671 4
1 8186 671 11
1 8215 671 2
1 8131 671 4
1 8116 671 2
1 8107 671 2
1 8126 671 3
1 8147 671 4
1 8165 671 8
1 8100 671 2
1 8125 671 2
1 8120 671 2
1 8297 671 4
1 8164 671 8
1 8109 671 2
1 8151 671 5
1 8149 671 5
1 8158 671 7
1 8304 671 7
1 8176 671 9
1 8239 671 8
1 8110 671 2
1 8128 671 3
1 8171 671 9
1 8212 671 2
1 8298 671 5
1 8117 671 2
1 8163 671 8
1 8136 671 4
1 8145 671 4
1 8161 671 8
1 8234 671 5
1 8137 671 4
1 8253 671 7
1 8157 671 7
1 8130 671 4
1 8138 671 4
1 8104 671 2
1 8232 671 5
1 8190 671 12
1 8122 671 2
1 8127 671 3
1 8111 671 2
1 8115 671 2
1 8099 671 2
1 8162 671 8
1 8229 671 4
1 8184 671 11
1 8180 671 10
1 8290 671 2
1 8187 671 11
1 8172 671 9
1 8213 671 2
1 8296 671 3
1 8141 671 4
1 8292 671 2
1 8153 671 5
1 8142 671 4
1 8299 671 5
1 8216 671 2
1 8119 671 2
1 8155 671 7
1 8223 671 2
1 8113 671 2
1 8221 671 2
1 8098 671 2
1 8294 671 2
1 8106 671 2
1 8188 671 11
1 8139 671 4
1 8135 671 4
1 8252 671 4
1 8166 671 8
1 8214 671 2
1 8220 671 2
1 8222 671 2
1 8114 671 2
1 8225 671 2
1 8255 671 9
1 8224 671 2
1 8983 405 5
1 8985 405 8
1 8969 405 10
1 8963 405 9
1 8998 405 2
1 8997 405 2
1 8961 405 9
1 8955 405 6
1 8945 405 5
1 9005 405 6
1 8944 405 5
1 9007 405 8
1 9003 405 5
1 8906 405 2
1 9004 405 5
1 8951 405 5
1 8965 405 9
1 8999 405 2
1 8957 405 6
1 8914 405 2
1 8984 405 6
1 8972 405 12
1 8904 405 2
1 8958 405 7
1 8932 405 3
1 8929 405 3
1 8926 405 2
1 8938 405 3
1 8942 405 4
1 8943 405 4
1 8967 405 10
1 9001 405 3
1 8959 405 8
1 8952 405 5
1 8968 405 10
1 8919 405 2
1 8905 405 2
1 8966 405 10
1 8986 405 9
1 9006 405 6
1 8920 405 2
1 8950 405 5
1 8909 405 2
1 8970 405 10
1 8918 405 2
1 8980 405 2
1 9000 405 2
1 8954 405 6
1 8937 405 3
1 8982 405 4
1 9008 405 8
1 8922 405 2
1 8941 405 4
1 8934 405 3
1 8931 405 3
1 9002 405 3
1 8956 405 6
1 8924 405 2
1 8936 405 3
1 8933 405 3
1 8912 405 2
1 8946 405 5
1 8947 405 5
1 8971 405 12
1 9009 405 9
1 8915 405 2
1 8935 405 3
1 8908 405 2
1 8962 405 9
1 8917 405 2
1 8921 405 2
1 8939 405 3
1 8925 405 2
1 8910 405 2
1 8953 405 5
1 8960 405 9
1 8913 405 2
1 8911 405 2
1 8903 405 2
1 8940 405 4
1 8930 405 3
1 8928 405 2
1 8916 405 2
1 8948 405 5
1 8907 405 2
1 8923 405 2
1 8949 405 5
1 8981 405 3
1 8927 405 2
1 9190 467 10
1 9175 467 2
1 9139 467 6
1 9142 467 7
1 9184 467 4
1 9199 467 3
1 9246 467 10
1 9200 467 3
1 9126 467 4
1 9242 467 6
1 9149 467 11
1 9228 467 3
1 9140 467 6
1 9188 467 7
1 9123 467 3
1 9231 467 3
1 9141 467 6
1 9240 467 5
1 9111 467 2
1 9230 467 3
1 9241 467 6
1 9198 467 3
1 9227 467 3
1 9124 467 4
1 9244 467 8
1 9145 467 10
1 9183 467 4
1 9113 467 3
1 9237 467 4
1 9143 467 10
1 9117 467 3
1 9118 467 3
1 9128 467 4
1 9120 467 3
1 9144 467 10
1 9114 467 3
1 9119 467 3
1 9178 467 3
1 9196 467 3
1 9127 467 4
1 9229 467 3
1 9146 467 11
1 9185 467 4
1 9181 467 3
1 9182 467 4
1 9186 467 6
1 9147 467 11
1 9197 467 3
1 9243 467 6
1 9174 467 2
1 9138 467 6
1 9239 467 5
1 9236 467 4
1 9137 467 6
1 9115 467 3
1 9235 467 3
1 9148 467 11
1 9150 467 13
1 9112 467 3
1 9135 467 6
1 9116 467 3
1 9179 467 3
1 9131 467 5
1 9121 467 3
1 9187 467 6
1 9189 467 8
1 9238 467 4
1 9136 467 6
1 9201 467 3
1 9125 467 4
1 9122 467 3
1 9133 467 6
1 9130 467 4
1 9233 467 3
1 9234 467 3
1 9232 467 3
1 9132 467 5
1 9202 467 4
1 9245 467 10
1 9129 467 4
1 9180 467 3
1 9633 447 4
1 9679 447 12
1 9616 447 4
1 9754 447 4
1 9666 447 7
1 9803 447 4
1 9759 447 4
1 9609 447 2
1 9651 447 5
1 9662 447 6
1 9652 447 5
1 9800 447 2
1 9602 447 2
1 9672 447 7
1 9669 447 7
1 9765 447 4
1 9601 447 2
1 9778 447 10
1 9753 447 3
1 9678 447 11
1 9667 447 7
1 9748 447 2
1 9772 447 5
1 9779 447 11
1 9675 447 8
1 9598 447 2
1 9802 447 4
1 9804 447 4
1 9654 447 5
1 9768 447 5
1 9596 447 2
1 9617 447 4
1 9663 447 6
1 9636 447 4
1 9595 447 2
1 9635 447 4
1 9806 447 4
1 9661 447 6
1 9639 447 4
1 9630 447 4
1 9769 447 5
1 9653 447 5
1 9624 447 4
1 9811 447 7
1 9668 447 7
1 9621 447 4
1 9677 447 8
1 9670 447 7
1 9745 447 2
1 9610 447 3
1 9807 447 5
1 9764 447 4
1 9813 447 10
1 9643 447 5
1 9740 447 2
1 9773 447 7
1 9665 447 7
1 9645 447 5
1 9746 447 2
1 9758 447 4
1 9770 447 5
1 9656 447 5
1 9750 447 2
1 9642 447 4
1 9631 447 4
1 9659 447 5
1 9776 447 8
1 9749 447 2
1 9657 447 5
1 9755 447 4
1 9751 447 2
1 9638 447 4
1 9676 447 8
1 9611 447 3
1 9650 447 5
1 9761 447 4
1 9757 447 4
1 9637 447 4
1 9618 447 4
1 9660 447 5
1 9613 447 3
1 9623 447 4
1 9774 447 7
1 9810 447 7
1 9626 447 4
1 9614 447 4
1 9763 447 4
1 9812 447 7
1 9593 447 2
1 9644 447 5
1 9647 447 5
1 9658 447 5
1 9873 447 11
1 9606 447 2
1 9641 447 4
1 9612 447 3
1 9629 447 4
1 9809 447 7
1 9762 447 4
1 9752 447 3
1 9744 447 2
1 9664 447 6
1 9615 447 4
1 9632 447 4
1 9627 447 4
1 9801 447 2
1 9608 447 2
1 9817 447 7
1 9591 447 2
1 9592 447 2
1 9777 447 10
1 9655 447 5
1 9646 447 5
1 9620 447 4
1 9607 447 2
1 9681 447 12
1 9799 447 2
1 9649 447 5
1 9640 447 4
1 9634 447 4
1 9671 447 7
1 9619 447 4
1 9625 447 4
1 9808 447 5
1 9814 447 11
1 9594 447 2
1 9674 447 7
1 9628 447 4
1 9743 447 2
1 9766 447 4
1 9680 447 12
1 9673 447 7
1 9756 447 4
1 9622 447 4
1 9767 447 5
1 9599 447 2
1 9805 447 4
1 9775 447 7
1 9597 447 2
1 10043 567 3
1 10260 567 2
1 10145 567 5
1 10282 567 9
1 10078 567 7
1 10044 567 3
1 10258 567 2
1 10087 567 8
1 10080 567 8
1 10083 567 8
1 10148 567 6
1 10155 567 8
1 10198 567 3
1 10035 567 2
1 10151 567 6
1 10279 567 7
1 10262 567 2
1 10093 567 12
1 10084 567 8
1 10265 567 3
1 10270 567 5
1 10257 567 2
1 10042 567 3
1 10269 567 5
1 10199 567 6
1 10266 567 5
1 10277 567 6
1 10086 567 8
1 10149 567 6
1 10154 567 8
1 10140 567 5
1 10275 567 6
1 10090 567 9
1 10061 567 5
1 10137 567 4
1 10051 567 5
1 10152 567 6
1 10058 567 5
1 10091 567 11
1 10069 567 6
1 10280 567 8
1 10041 567 3
1 10050 567 5
1 10064 567 5
1 10139 567 5
1 10073 567 6
1 10268 567 5
1 10129 567 2
1 10036 567 2
1 10195 567 2
1 10045 567 3
1 10194 567 2
1 10070 567 6
1 10138 567 4
1 10033 567 2
1 10055 567 5
1 10071 567 6
1 10153 567 7
1 10200 567 5
1 10072 567 6
1 10038 567 2
1 10054 567 5
1 10271 567 5
1 10057 567 5
1 10263 567 3
1 10156 567 8
1 10062 567 5
1 10261 567 2
1 10082 567 8
1 10259 567 2
1 10274 567 6
1 10272 567 5
1 10040 567 2
1 10131 567 2
1 10143 567 5
1 10076 567 6
1 10081 567 8
1 10085 567 8
1 10146 567 5
1 10276 567 6
1 10079 567 7
1 10264 567 3
1 10032 567 2
1 10196 567 2
1 10063 567 5
1 10056 567 5
1 10092 567 12
1 10142 567 5
1 10273 567 5
1 10136 567 4
1 10037 567 2
1 10141 567 5
1 10052 567 5
1 10053 567 5
1 10067 567 5
1 10075 567 6
1 10158 567 13
1 10089 567 9
1 10281 567 8
1 10267 567 5
1 10130 567 2
1 10059 567 5
1 10047 567 3
1 10077 567 6
1 10135 567 3
1 10039 567 2
1 10134 567 3
1 10066 567 5
1 10147 567 5
1 10157 567 9
1 10133 567 3
1 10150 567 6
1 10132 567 2
1 10088 567 9
1 10074 567 6
1 10049 567 5
1 10048 567 4
1 10060 567 5
1 10197 567 3
1 10034 567 2
1 10548 617 6
1 10522 617 2
1 10745 617 10
1 10570 617 9
1 10565 617 8
1 10572 617 10
1 10564 617 8
1 10562 617 7
1 10557 617 6
1 10651 617 7
1 10737 617 6
1 10513 617 2
1 10741 617 6
1 10567 617 9
1 10629 617 2
1 10542 617 6
1 10571 617 9
1 10644 617 6
1 10654 617 9
1 10555 617 6
1 10736 617 6
1 10723 617 4
1 10560 617 7
1 10553 617 6
1 10532 617 3
1 10552 617 6
1 10568 617 9
1 10655 617 9
1 10742 617 7
1 10630 617 2
1 10628 617 2
1 10652 617 7
1 10445 617 7
1 10729 617 5
1 10446 617 9
1 10639 617 3
1 10731 617 6
1 10512 617 2
1 10728 617 5
1 10657 617 9
1 10569 617 9
1 10440 617 2
1 10658 617 10
1 10535 617 4
1 10659 617 10
1 10734 617 6
1 10722 617 3
1 10635 617 3
1 10515 617 2
1 10633 617 2
1 10531 617 3
1 10525 617 3
1 10520 617 2
1 10545 617 6
1 10442 617 6
1 10563 617 8
1 10656 617 9
1 10551 617 6
1 10660 617 11
1 10559 617 7
1 10541 617 5
1 10650 617 7
1 10641 617 4
1 10631 617 2
1 10724 617 4
1 10715 617 2
1 10510 617 2
1 10642 617 4
1 10744 617 7
1 10621 617 2
1 10649 617 6
1 10622 617 2
1 10721 617 3
1 10646 617 6
1 10632 617 2
1 10648 617 6
1 10717 617 2
1 10638 617 3
1 10544 617 6
1 10443 617 6
1 10530 617 3
1 10573 617 10
1 10566 617 9
1 10524 617 2
1 10645 617 6
1 10540 617 5
1 10550 617 6
1 10561 617 7
1 10627 617 2
1 10712 617 2
1 10732 617 6
1 10536 617 4
1 10514 617 2
1 10653 617 7
1 10713 617 2
1 10526 617 3
1 10739 617 6
1 10733 617 6
1 10516 617 2
1 10720 617 3
1 10719 617 2
1 10714 617 2
1 10743 617 7
1 10625 617 2
1 10574 617 10
1 10636 617 3
1 10738 617 6
1 10740 617 6
1 10546 617 6
1 10529 617 3
1 10727 617 4
1 10543 617 6
1 10725 617 4
1 10735 617 6
1 10626 617 2
1 10527 617 3
1 10539 617 4
1 10634 617 3
1 10528 617 3
1 10643 617 6
1 10624 617 2
1 10547 617 6
1 10549 617 6
1 10558 617 7
1 10726 617 4
1 10511 617 2
1 10647 617 6
1 10637 617 3
1 10441 617 2
1 10519 617 2
1 10537 617 4
1 10534 617 4
1 10623 617 2
1 10523 617 2
1 10521 617 2
1 10517 617 2
1 10533 617 3
1 10730 617 6
1 10518 617 2
1 10716 617 2
1 10718 617 2
1 10538 617 4
1 10640 617 3
1 10444 617 7
1 10556 617 6
1 11221 672 2
1 11043 672 2
1 10972 672 3
1 11056 672 4
1 11267 672 4
1 10968 672 2
1 11275 672 5
1 10975 672 6
1 11101 672 7
1 11100 672 5
1 11261 672 4
1 11247 672 3
1 11239 672 3
1 11270 672 4
1 10980 672 7
1 10984 672 11
1 11208 672 2
1 11326 672 4
1 11238 672 3
1 11058 672 5
1 11052 672 3
1 11060 672 7
1 11317 672 10
1 11098 672 4
1 11050 672 3
1 11273 672 5
1 11297 672 7
1 11295 672 7
1 11096 672 2
1 11199 672 2
1 11264 672 4
1 11210 672 2
1 10967 672 2
1 11307 672 8
1 11318 672 10
1 10974 672 5
1 11250 672 3
1 11256 672 3
1 11093 672 2
1 11201 672 2
1 11313 672 8
1 11213 672 2
1 11095 672 2
1 11241 672 3
1 11205 672 2
1 11046 672 2
1 11262 672 4
1 11248 672 3
1 11198 672 2
1 11276 672 5
1 11219 672 2
1 11203 672 2
1 11226 672 2
1 11055 672 3
1 11293 672 7
1 11268 672 4
1 11228 672 2
1 11229 672 2
1 11200 672 2
1 11231 672 2
1 11217 672 2
1 10978 672 7
1 11258 672 3
1 11300 672 7
1 11309 672 8
1 11292 672 7
1 11301 672 7
1 11271 672 4
1 11092 672 2
1 11303 672 7
1 11044 672 2
1 11218 672 2
1 10971 672 3
1 11278 672 5
1 11202 672 2
1 11222 672 2
1 11260 672 3
1 11224 672 2
1 11249 672 3
1 11039 672 2
1 11266 672 4
1 11097 672 3
1 11059 672 5
1 11298 672 7
1 11282 672 5
1 10983 672 10
1 11103 672 9
1 10976 672 7
1 11291 672 7
1 11246 672 3
1 11232 672 2
1 11240 672 3
1 11064 672 6
1 11319 672 10
1 11215 672 2
1 10982 672 7
1 11094 672 2
1 11254 672 3
1 11042 672 2
1 11281 672 5
1 11230 672 2
1 11048 672 2
1 11255 672 3
1 11320 672 10
1 11284 672 6
1 11286 672 6
1 11314 672 9
1 11204 672 2
1 11045 672 2
1 11259 672 3
1 11306 672 7
1 11049 672 3
1 11290 672 7
1 11263 672 4
1 11102 672 8
1 11211 672 2
1 11315 672 9
1 11265 672 4
1 11310 672 8
1 11299 672 7
1 11287 672 6
1 11274 672 5
1 11251 672 3
1 10981 672 7
1 11305 672 7
1 11235 672 3
1 11245 672 3
1 11242 672 3
1 11061 672 7
1 11316 672 9
1 11312 672 8
1 11206 672 2
1 10977 672 7
1 11296 672 7
1 11053 672 3
1 11062 672 7
1 11277 672 5
1 11225 672 2
1 11236 672 3
1 11311 672 8
1 11304 672 7
1 11233 672 3
1 10973 672 3
1 11057 672 4
1 11209 672 2
1 11302 672 7
1 11220 672 2
1 11099 672 4
1 11288 672 7
1 11234 672 3
1 11063 672 8
1 11257 672 3
1 11051 672 3
1 11244 672 3
1 11040 672 2
1 11285 672 6
1 11289 672 7
1 11280 672 5
1 11243 672 3
1 11308 672 8
1 11283 672 5
1 11253 672 3
1 11041 672 2
1 11065 672 10
1 11207 672 2
1 11054 672 3
1 10969 672 2
1 11252 672 3
1 10966 672 2
1 11294 672 7
1 10979 672 7
1 11227 672 2
1 11279 672 5
1 10970 672 3
1 11214 672 2
1 11691 649 4
1 11847 649 4
1 11685 649 4
1 11828 649 3
1 11774 649 4
1 11647 649 2
1 11851 649 6
1 11739 649 11
1 11824 649 2
1 11761 649 2
1 11723 649 8
1 11672 649 3
1 11687 649 4
1 11718 649 8
1 11737 649 9
1 11657 649 3
1 11699 649 5
1 11731 649 8
1 11818 649 2
1 11855 649 8
1 11650 649 2
1 11727 649 8
1 11832 649 3
1 11722 649 8
1 11741 649 12
1 11735 649 9
1 11717 649 8
1 11856 649 8
1 11833 649 3
1 11831 649 3
1 11659 649 3
1 11636 649 2
1 11730 649 8
1 11709 649 6
1 11738 649 10
1 11719 649 8
1 11760 649 2
1 11720 649 8
1 11696 649 4
1 11661 649 3
1 11841 649 4
1 11664 649 3
1 11707 649 6
1 11715 649 7
1 11637 649 2
1 11762 649 2
1 11667 649 3
1 11654 649 2
1 11642 649 2
1 11852 649 8
1 11771 649 3
1 11734 649 9
1 11777 649 4
1 11688 649 4
1 11684 649 4
1 11666 649 3
1 11780 649 5
1 11651 649 2
1 11677 649 3
1 11689 649 4
1 11674 649 3
1 11712 649 6
1 11768 649 3
1 11857 649 9
1 11658 649 3
1 11639 649 2
1 11779 649 4
1 11773 649 4
1 11830 649 3
1 11662 649 3
1 11640 649 2
1 11710 649 6
1 11638 649 2
1 11765 649 3
1 11729 649 8
1 11854 649 8
1 11660 649 3
1 11713 649 6
1 11681 649 4
1 11725 649 8
1 11701 649 5
1 11836 649 3
1 11822 649 2
1 11653 649 2
1 11702 649 5
1 11844 649 4
1 11670 649 3
1 11673 649 3
1 11668 649 3
1 11683 649 4
1 11825 649 2
1 11671 649 3
1 11690 649 4
1 11726 649 8
1 11767 649 3
1 11732 649 8
1 11840 649 4
1 11663 649 3
1 11781 649 5
1 11823 649 2
1 11837 649 3
1 11778 649 4
1 11721 649 8
1 11703 649 5
1 11679 649 4
1 11829 649 3
1 11845 649 4
1 11708 649 6
1 11643 649 2
1 11827 649 2
1 11843 649 4
1 11704 649 5
1 11697 649 4
1 11772 649 4
1 11766 649 3
1 11680 649 4
1 11700 649 5
1 11693 649 4
1 11655 649 2
1 11675 649 3
1 11692 649 4
1 11846 649 4
1 11698 649 4
1 11770 649 3
1 11733 649 9
1 11842 649 4
1 11706 649 6
1 11641 649 2
1 11686 649 4
1 11850 649 6
1 11665 649 3
1 11764 649 3
1 11834 649 3
1 11645 649 2
1 11838 649 4
1 11694 649 4
1 11839 649 4
1 11740 649 11
1 11716 649 8
1 11644 649 2
1 11835 649 3
1 11759 649 2
1 11769 649 3
1 11849 649 5
1 11819 649 2
1 11646 649 2
1 11820 649 2
1 11848 649 5
1 11853 649 8
1 11649 649 2
1 11763 649 2
1 11652 649 2
1 11821 649 2
1 11826 649 2
1 11669 649 3
1 11714 649 7
1 11775 649 4
1 11711 649 6
1 11676 649 3
1 11682 649 4
1 11728 649 8
1 11656 649 3
1 11695 649 4
1 12425 362 2
1 12479 362 9
1 12424 362 2
1 12549 362 4
1 12544 362 2
1 12457 362 4
1 12513 362 4
1 12481 362 9
1 12432 362 2
1 12530 362 9
1 12517 362 5
1 12474 362 7
1 12502 362 3
1 12470 362 6
1 12531 362 9
1 12446 362 3
1 12463 362 5
1 12431 362 2
1 12500 362 2
1 12519 362 5
1 12511 362 4
1 12547 362 3
1 12435 362 3
1 12450 362 4
1 12510 362 4
1 12468 362 5
1 12429 362 2
1 12533 362 13
1 12529 362 9
1 12528 362 9
1 12545 362 2
1 12552 362 6
1 12461 362 5
1 12466 362 5
1 12518 362 5
1 12444 362 3
1 12478 362 9
1 12449 362 4
1 12447 362 4
1 12454 362 4
1 12428 362 2
1 12458 362 5
1 12445 362 3
1 12471 362 6
1 12453 362 4
1 12532 362 12
1 12426 362 2
1 12515 362 4
1 12441 362 3
1 12523 362 6
1 12504 362 3
1 12501 362 2
1 12455 362 4
1 12438 362 3
1 12551 362 4
1 12465 362 5
1 12482 362 11
1 12550 362 4
1 12430 362 2
1 12524 362 7
1 12448 362 4
1 12472 362 6
1 12469 362 5
1 12507 362 4
1 12451 362 4
1 12506 362 4
1 12527 362 9
1 12521 362 5
1 12525 362 8
1 12548 362 3
1 12477 362 7
1 12509 362 4
1 12437 362 3
1 12473 362 6
1 12520 362 5
1 12427 362 2
1 12516 362 5
1 12464 362 5
1 12433 362 2
1 12476 362 7
1 12443 362 3
1 12522 362 5
1 12452 362 4
1 12508 362 4
1 12459 362 5
1 12505 362 4
1 12439 362 3
1 12440 362 3
1 12456 362 4
1 12480 362 9
1 12442 362 3
1 12546 362 3
1 12460 362 5
1 12436 362 3
1 12475 362 7
1 12434 362 3
1 12503 362 3
1 12828 545 2
1 12845 545 5
1 12786 545 5
1 12701 545 6
1 12703 545 6
1 12711 545 12
1 12789 545 6
1 12767 545 3
1 12688 545 4
1 12880 545 5
1 12678 545 3
1 12846 545 5
1 12851 545 6
1 12680 545 3
1 12708 545 10
1 12853 545 8
1 12777 545 5
1 12766 545 3
1 12768 545 3
1 12784 545 5
1 12710 545 10
1 12788 545 6
1 12783 545 5
1 12691 545 5
1 12796 545 7
1 12683 545 4
1 12844 545 5
1 12790 545 6
1 12700 545 6
1 12879 545 5
1 12772 545 4
1 12709 545 10
1 12774 545 4
1 12787 545 6
1 12797 545 7
1 12779 545 5
1 12795 545 6
1 12884 545 5
1 12793 545 6
1 12852 545 6
1 12706 545 10
1 12764 545 2
1 12682 545 4
1 12881 545 6
1 12698 545 6
1 12775 545 4
1 12781 545 5
1 12782 545 5
1 12776 545 4
1 12794 545 6
1 12882 545 7
1 12686 545 4
1 12702 545 6
1 12694 545 5
1 12765 545 3
1 12791 545 6
1 12676 545 3
1 12848 545 5
1 12684 545 4
1 12696 545 5
1 12773 545 4
1 12850 545 5
1 12699 545 6
1 12877 545 3
1 12771 545 4
1 12695 545 5
1 12878 545 4
1 12687 545 4
1 12681 545 4
1 12674 545 2
1 12770 545 3
1 12690 545 4
1 12778 545 5
1 12849 545 5
1 12842 545 3
1 12762 545 2
1 12799 545 10
1 12697 545 5
1 12792 545 6
1 12707 545 10
1 12705 545 7
1 12769 545 3
1 12827 545 2
1 12692 545 5
1 12675 545 3
1 12843 545 4
1 12677 545 3
1 12798 545 8
1 12800 545 13
1 12763 545 2
1 12847 545 5
1 12673 545 2
1 12854 545 10
1 12693 545 5
1 12704 545 7
1 12785 545 5
1 12679 545 3
1 12685 545 4
1 13407 482 7
1 13393 482 4
1 13541 482 4
1 13549 482 5
1 13556 482 6
1 13561 482 7
1 13566 482 7
1 13303 482 2
1 13542 482 4
1 13310 482 3
1 13499 482 5
1 13553 482 6
1 13313 482 4
1 13403 482 6
1 13343 482 7
1 13294 482 2
1 13316 482 4
1 13437 482 2
1 13540 482 4
1 13330 482 6
1 13352 482 11
1 13452 482 6
1 13500 482 6
1 13448 482 4
1 13453 482 6
1 13570 482 11
1 13445 482 2
1 13297 482 2
1 13319 482 4
1 13305 482 2
1 13406 482 7
1 13442 482 2
1 13552 482 6
1 13492 482 2
1 13459 482 11
1 13349 482 9
1 13404 482 6
1 13387 482 2
1 13498 482 5
1 13398 482 5
1 13401 482 5
1 13339 482 6
1 13392 482 4
1 13346 482 7
1 13337 482 6
1 13489 482 2
1 13386 482 2
1 13409 482 11
1 13443 482 2
1 13405 482 6
1 13439 482 15
1 13554 482 6
1 13555 482 6
1 13562 482 7
1 13354 482 13
1 13565 482 7
1 13322 482 5
1 13446 482 3
1 13458 482 7
1 13545 482 5
1 13569 482 8
1 13495 482 4
1 13655 482 8
1 13351 482 11
1 13306 482 2
1 13321 482 5
1 13389 482 3
1 13537 482 2
1 13491 482 2
1 13550 482 6
1 13395 482 4
1 13455 482 6
1 13332 482 6
1 13564 482 7
1 13384 482 2
1 13538 482 2
1 13496 482 4
1 13345 482 7
1 13335 482 6
1 13539 482 3
1 13501 482 6
1 13300 482 2
1 13544 482 5
1 13388 482 2
1 13301 482 2
1 13396 482 4
1 13331 482 6
1 13323 482 5
1 13490 482 2
1 13314 482 4
1 13350 482 11
1 13558 482 6
1 13408 482 7
1 13567 482 7
1 13444 482 2
1 13334 482 6
1 13328 482 5
1 13449 482 5
1 13338 482 6
1 13547 482 5
1 13318 482 4
1 13353 482 11
1 13342 482 7
1 13502 482 7
1 13543 482 4
1 13344 482 7
1 13456 482 7
1 13309 482 3
1 13557 482 6
1 13497 482 5
1 13326 482 5
1 13457 482 7
1 13400 482 5
1 13333 482 6
1 13298 482 2
1 13329 482 6
1 13447 482 4
1 13536 482 2
1 13402 482 6
1 13347 482 8
1 13391 482 4
1 13494 482 3
1 13307 482 2
1 13454 482 6
1 13340 482 6
1 13559 482 6
1 13312 482 4
1 13320 482 5
1 13568 482 8
1 13560 482 6
1 13336 482 6
1 13348 482 8
1 13451 482 5
1 13399 482 5
1 13302 482 2
1 13295 482 2
1 13441 482 2
1 13311 482 4
1 13397 482 5
1 13493 482 2
1 13304 482 2
1 13317 482 4
1 13394 482 4
1 13324 482 5
1 13551 482 6
1 13390 482 3
1 13327 482 5
1 13548 482 5
1 13325 482 5
1 13535 482 2
1 13563 482 7
1 13341 482 6
1 13308 482 3
1 13315 482 4
1 14109 513 6
1 14008 513 2
1 14029 513 4
1 14060 513 7
1 14047 513 6
1 14071 513 12
1 14031 513 4
1 14069 513 9
1 14020 513 3
1 14180 513 8
1 14041 513 5
1 14011 513 2
1 14169 513 3
1 14173 513 6
1 14024 513 3
1 14117 513 8
1 14177 513 6
1 14139 513 6
1 14036 513 5
1 14138 513 3
1 14046 513 6
1 14116 513 8
1 14038 513 5
1 14035 513 4
1 14051 513 7
1 14136 513 2
1 14056 513 7
1 14066 513 8
1 14063 513 8
1 14172 513 5
1 14072 513 12
1 14055 513 7
1 14102 513 3
1 14115 513 8
1 14106 513 4
1 14181 513 12
1 14030 513 4
1 14009 513 2
1 14182 513 12
1 14184 513 3
1 14013 513 2
1 14034 513 4
1 14110 513 6
1 14118 513 10
1 14059 513 7
1 14170 513 3
1 14099 513 2
1 14178 513 7
1 14033 513 4
1 14174 513 6
1 14108 513 6
1 14074 513 14
1 14028 513 4
1 14017 513 3
1 14027 513 3
1 14012 513 2
1 14064 513 8
1 14179 513 7
1 14032 513 4
1 14040 513 5
1 14112 513 7
1 14171 513 4
1 14065 513 8
1 14042 513 5
1 14111 513 7
1 14015 513 3
1 14176 513 6
1 14137 513 2
1 14044 513 5
1 14114 513 8
1 14070 513 9
1 14037 513 5
1 14098 513 2
1 14045 513 6
1 14062 513 8
1 14105 513 3
1 14104 513 3
1 14054 513 7
1 14101 513 3
1 14026 513 3
1 14135 513 2
1 14168 513 3
1 14113 513 7
1 14043 513 5
1 14068 513 8
1 14167 513 2
1 14053 513 7
1 14025 513 3
1 14057 513 7
1 14058 513 7
1 14048 513 6
1 14022 513 3
1 14016 513 3
1 14140 513 6
1 14107 513 6
1 14067 513 8
1 14100 513 3
1 14073 513 12
1 14103 513 3
1 14049 513 6
1 14010 513 2
1 14050 513 6
1 14039 513 5
1 14021 513 3
1 14023 513 3
1 14166 513 2
1 14165 513 2
1 14014 513 3
1 14052 513 7
1 14175 513 6
1 14504 444 3
1 14502 444 3
1 14583 444 4
1 14633 444 5
1 14578 444 2
1 14659 444 2
1 14541 444 6
1 14512 444 4
1 14588 444 8
1 14667 444 5
1 14665 444 4
1 14534 444 6
1 14553 444 8
1 14493 444 2
1 14634 444 6
1 14490 444 2
1 14511 444 4
1 14621 444 3
1 14638 444 8
1 14489 444 2
1 14537 444 6
1 14548 444 8
1 14518 444 4
1 14517 444 4
1 14513 444 4
1 14668 444 5
1 14639 444 8
1 14664 444 4
1 14627 444 3
1 14498 444 2
1 14670 444 7
1 14586 444 5
1 14560 444 9
1 14635 444 7
1 14564 444 13
1 14543 444 7
1 14616 444 2
1 14516 444 4
1 14538 444 6
1 14550 444 8
1 14669 444 7
1 14503 444 3
1 14500 444 2
1 14637 444 7
1 14539 444 6
1 14565 444 13
1 14622 444 3
1 14674 444 4
1 14555 444 8
1 14587 444 5
1 14559 444 9
1 14628 444 3
1 14546 444 7
1 14584 444 4
1 14617 444 2
1 14542 444 6
1 14661 444 3
1 14515 444 4
1 14614 444 2
1 14663 444 4
1 14527 444 4
1 14547 444 7
1 14883 444 6
1 14507 444 3
1 14533 444 5
1 14640 444 8
1 14558 444 9
1 14631 444 4
1 14497 444 2
1 14499 444 2
1 14585 444 4
1 14563 444 13
1 14506 444 3
1 14492 444 2
1 14508 444 3
1 14536 444 6
1 14625 444 3
1 14618 444 3
1 14531 444 5
1 14509 444 3
1 14581 444 3
1 14545 444 7
1 14523 444 4
1 14623 444 3
1 14619 444 3
1 14528 444 4
1 14549 444 8
1 14529 444 5
1 14671 444 8
1 14620 444 3
1 14525 444 4
1 14660 444 2
1 14562 444 11
1 14636 444 7
1 14495 444 2
1 14510 444 3
1 14494 444 2
1 14514 444 4
1 14561 444 10
1 14526 444 4
1 14524 444 4
1 14557 444 8
1 14540 444 6
1 14632 444 4
1 14554 444 8
1 14615 444 2
1 14522 444 4
1 14624 444 3
1 14666 444 4
1 14552 444 8
1 14580 444 2
1 14582 444 4
1 14579 444 2
1 14551 444 8
1 14530 444 5
1 14630 444 4
1 14496 444 2
1 14629 444 4
1 14501 444 3
1 14505 444 3
1 14544 444 7
1 14626 444 3
1 14662 444 3
1 15209 528 6
1 15172 528 5
1 15116 528 3
1 15066 528 7
1 15106 528 7
1 14968 528 3
1 15110 528 10
1 15235 528 2
1 15124 528 10
1 15216 528 3
1 15073 528 14
1 15061 528 5
1 15122 528 3
1 15173 528 8
1 14969 528 4
1 15192 528 8
1 15175 528 9
1 15071 528 9
1 15065 528 5
1 15059 528 3
1 14967 528 2
1 15068 528 7
1 15021 528 2
1 15245 528 9
1 15246 528 9
1 15242 528 4
1 15206 528 4
1 15070 528 9
1 15167 528 2
1 15145 528 9
1 15033 528 5
1 15171 528 5
1 15039 528 9
1 15072 528 10
1 15022 528 3
1 15178 528 9
1 15029 528 5
1 15038 528 8
1 15097 528 2
1 15037 528 8
1 15234 528 2
1 15030 528 5
1 15014 528 2
1 15028 528 5
1 15236 528 3
1 14973 528 8
1 15191 528 2
1 15023 528 3
1 15035 528 7
1 15218 528 5
1 15208 528 5
1 15067 528 7
1 15104 528 5
1 15103 528 4
1 15109 528 9
1 15036 528 8
1 15019 528 2
1 15111 528 11
1 15105 528 6
1 15142 528 8
1 14971 528 4
1 15101 528 4
1 15064 528 5
1 15009 528 2
1 15057 528 2
1 15144 528 7
1 15100 528 4
1 15016 528 2
1 15233 528 2
1 15024 528 4
1 15204 528 3
1 15205 528 4
1 15170 528 4
1 15184 528 3
1 15141 528 2
1 14965 528 2
1 15244 528 5
1 15025 528 4
1 15169 528 3
1 15027 528 4
1 14970 528 4
1 14974 528 14
1 15121 528 2
1 15174 528 8
1 15143 528 7
1 15168 528 3
1 15031 528 5
1 15102 528 4
1 15166 528 2
1 15240 528 3
1 14966 528 2
1 14972 528 7
1 15207 528 5
1 15069 528 8
1 15010 528 3
1 15241 528 3
1 15108 528 9
1 15034 528 7
1 15058 528 3
1 15217 528 5
1 15020 528 2
1 15117 528 3
1 15026 528 4
1 15017 528 2
1 15098 528 3
1 15219 528 9
1 15107 528 7
1 15018 528 2
1 15063 528 5
1 15099 528 3
1 15238 528 3
1 15123 528 9
1 15015 528 2
1 15243 528 4
1 15060 528 4
1 15239 528 3
1 15588 378 3
1 15659 378 6
1 15589 378 3
1 15601 378 5
1 15658 378 5
1 15682 378 6
1 15647 378 2
1 15602 378 5
1 15683 378 6
1 15676 378 2
1 15757 378 5
1 15754 378 4
1 15752 378 3
1 15753 378 4
1 15661 378 6
1 15593 378 3
1 15598 378 5
1 15611 378 10
1 15672 378 15
1 15663 378 8
1 15725 378 4
1 15620 378 5
1 15564 378 2
1 15652 378 3
1 15758 378 5
1 15653 378 3
1 15597 378 5
1 15606 378 8
1 15600 378 5
1 15595 378 4
1 15604 378 6
1 15646 378 2
1 15619 378 3
1 15671 378 11
1 15677 378 2
1 15717 378 2
1 15686 378 10
1 15610 378 9
1 15760 378 6
1 15749 378 2
1 15655 378 4
1 15680 378 4
1 15648 378 2
1 15665 378 8
1 15681 378 4
1 15755 378 4
1 15693 378 9
1 15718 378 2
1 15621 378 6
1 15608 378 9
1 15722 378 3
1 15607 378 8
1 15761 378 7
1 15666 378 8
1 15609 378 9
1 15603 378 6
1 15657 378 4
1 15649 378 2
1 15668 378 9
1 15670 378 10
1 15723 378 3
1 15592 378 3
1 15664 378 8
1 15662 378 6
1 15656 378 4
1 15669 378 9
1 15591 378 3
1 15685 378 7
1 15618 378 2
1 15605 378 6
1 15732 378 5
1 15590 378 3
1 15667 378 8
1 15679 378 4
1 15727 378 11
1 15678 378 3
1 15596 378 4
1 15654 378 3
1 15751 378 2
1 15562 378 2
1 15759 378 6
1 15565 378 2
1 15719 378 2
1 15724 378 4
1 15561 378 2
1 15692 378 7
1 15726 378 8
1 15684 378 6
1 15651 378 2
1 15599 378 5
1 15563 378 2
1 15756 378 5
1 15750 378 2
1 15650 378 2
1 15612 378 10
1 15594 378 3
1 15721 378 3
1 16064 508 8
1 16013 508 9
1 15945 508 6
1 15999 508 4
1 16015 508 9
1 16105 508 5
1 15946 508 6
1 16055 508 4
1 16096 508 6
1 16093 508 6
1 16092 508 4
1 15938 508 4
1 16017 508 11
1 16140 508 10
1 16016 508 10
1 16097 508 6
1 16010 508 7
1 15942 508 5
1 16075 508 4
1 16145 508 6
1 16107 508 6
1 16005 508 6
1 16014 508 9
1 16108 508 6
1 16027 508 3
1 16078 508 10
1 16104 508 5
1 16139 508 10
1 16018 508 12
1 16012 508 9
1 15939 508 4
1 16066 508 11
1 16138 508 7
1 16076 508 5
1 15937 508 3
1 16077 508 7
1 16106 508 6
1 16121 508 5
1 15941 508 5
1 16059 508 5
1 16009 508 7
1 16056 508 4
1 16051 508 3
1 16000 508 4
1 15996 508 3
1 16031 508 11
1 16120 508 4
1 16061 508 6
1 16065 508 8
1 16006 508 6
1 15997 508 3
1 16002 508 5
1 15949 508 9
1 16102 508 3
1 16137 508 4
1 16004 508 6
1 16060 508 6
1 16028 508 3
1 16007 508 7
1 16135 508 3
1 16029 508 3
1 16119 508 3
1 15950 508 9
1 16053 508 3
1 16144 508 6
1 15998 508 3
1 15948 508 6
1 15936 508 3
1 16054 508 4
1 16032 508 12
1 16147 508 3
1 16136 508 3
1 16063 508 7
1 16026 508 2
1 16062 508 7
1 15995 508 3
1 16057 508 5
1 16030 508 3
1 16050 508 3
1 16058 508 5
1 16122 508 5
1 15943 508 6
1 15947 508 6
1 16094 508 6
1 16109 508 6
1 16103 508 3
1 16110 508 6
1 16003 508 5
1 16146 508 7
1 16001 508 4
1 15944 508 6
1 15940 508 4
1 16052 508 3
1 16095 508 6
1 16011 508 7
