1 45 905 26.6000003814697
1 49 425 24.7000007629395
1 83 1073 24.1000003814697
1 178 1090 27.7999992370605
1 107 1082 23
1 127 1083 21.2999992370605
1 50 1072 19.2999992370605
1 158 1089 21.8999996185303
1 215 1094 23.6000003814697
1 198 577 30.2000007629395
1 106 1079 19.1000003814697
1 105 1077 25.7000007629395
1 313 1242 26.5
1 325 1073 27.8999996185303
1 323 1289 19.8999996185303
1 302 1201 30.6000003814697
1 308 905 26.8999996185303
1 315 1223 31.1000003814697
1 411 1201 36.5
1 464 1554 23.3999996185303
1 412 1203 36
1 377 905 27
1 375 577 31
1 493 1089 26
1 415 1251 21.5
1 402 1288 24
1 350 904 30.3999996185303
1 519 1102 22.5
1 450 1258 22.5
1 483 1255 25.5
1 490 1109 27.5
1 378 1072 23.2000007629395
1 371 425 27
1 409 1073 29
1 526 1094 25.2999992370605
1 380 1079 24
1 413 1223 41.9000015258789
1 520 1259 25
1 357 1082 24.7999992370605
1 410 1090 29.5
1 485 1098 24.7999992370605
1 536 1244 22.7999992370605
1 503 1101 28
1 359 1246 30
1 748 905 28.2000007629395
1 646 1660 24.7000007629395
1 660 1592 29.6000003814697
1 762 1203 37.9000015258789
1 758 1263 26.1000003814697
1 713 1610 17.3999996185303
1 635 1605 19.2999992370605
1 715 1072 22.3999996185303
1 770 1617 29.8999996185303
1 771 1625 29.7999992370605
1 643 425 25
1 725 1251 22.5
1 686 1648 24.7999992370605
1 645 1664 18.5
1 694 1629 30.7999992370605
1 657 904 26
1 661 1598 24.2000007629395
1 703 1642 26.7000007629395
1 662 1604 33
1 724 1244 23.7999992370605
1 637 1246 27
1 638 1632 18
1 763 1614 35.5
1 665 1621 30.3999996185303
1 691 1554 23.2000007629395
1 722 1090 28.7999992370605
1 743 1597 22.7999992370605
1 1049 1891 23.2000007629395
1 1028 1082 25.6000003814697
1 1043 1072 21.2999992370605
1 1041 1887 18.2000007629395
1 1025 1746 20
1 1035 1880 24.3999996185303
1 1021 1223 29.6000003814697
1 1031 1666 17.1000003814697
1 1019 1835 23.3999996185303
1 1022 1883 20
1 1046 1255 24.6000003814697
1 1016 1803 17.7999992370605
1 1017 904 20
1 1048 1876 24.3999996185303
1 1039 1825 24.6000003814697
1 1032 1090 26.2000007629395
1 1020 1079 17.7999992370605
1 1034 1251 22
1 1023 1878 21.1000003814697
1 1100 1664 27.7000007629395
1 1161 1960 34.9000015258789
1 1147 1242 28.5
1 1169 1252 25.7999992370605
1 1170 1094 19.7999992370605
1 1178 1072 22.3999996185303
1 1174 1660 29
1 1124 1079 24.3999996185303
1 1127 1880 26.3999996185303
1 1192 2072 21.3999996185303
1 1112 1877 24.7999992370605
1 1173 1769 24.6000003814697
1 1108 1741 24.6000003814697
1 1218 1803 34.2999992370605
1 1172 2073 25.6000003814697
1 1099 1784 23.7000007629395
1 1111 1876 26.3999996185303
1 1110 1891 26.7000007629395
1 1189 577 32.4000015258789
1 1205 1821 24.8999996185303
1 1123 1077 30.6000003814697
1 1201 1251 20.8999996185303
1 1193 1825 27
1 1126 2067 23.7999992370605
1 1107 1082 25.5
1 1191 2068 25
1 1180 1083 23.3999996185303
1 1153 1259 24.7999992370605
1 1507 2177 21.2999992370605
1 1291 1834 22.6000003814697
1 1425 1663 27.8999996185303
1 1487 1890 23.7999992370605
1 1334 2141 30.7000007629395
1 1270 1835 24.1000003814697
1 1326 1242 27.8999996185303
1 1471 2135 31.5
1 1502 1820 30.7999992370605
1 1486 2138 31.8999996185303
1 1514 2165 20.7000007629395
1 1265 2171 23.7000007629395
1 1295 905 27.3999996185303
1 1383 2069 19.7999992370605
1 1515 1097 25.1000003814697
1 1292 1891 25.8999996185303
1 1367 1664 24.6000003814697
1 1366 1660 29.2000007629395
1 1427 1244 23.3999996185303
1 1290 2178 24.3999996185303
1 1269 2073 25.2999992370605
1 1365 1769 25
1 1542 1090 30.6000003814697
1 1346 2133 29
1 1336 1554 23.7999992370605
1 1320 2099 31
1 1444 2176 22
1 1322 2123 33
1 1532 2069 19.7999992370605
1 1443 2120 22.2000007629395
1 1419 2096 20.7000007629395
1 1473 1252 21.7999992370605
1 1268 2180 15.1999998092651
1 1347 2173 30
1 1361 2159 24.6000003814697
1 1424 1880 25.1000003814697
1 1323 2067 20.3999996185303
1 1447 1259 24.8999996185303
1 1371 1098 24.7999992370605
1 1428 1101 27
1 1386 1255 23.6000003814697
1 1384 2076 18.7999992370605
1 1501 2110 16.7999992370605
1 1445 2172 19
1 1373 1109 26.7999992370605
1 1340 2170 21.7000007629395
1 1362 2174 23.5
1 1381 2164 17.7000007629395
1 1335 2169 20.2000007629395
1 1276 904 26.6000003814697
1 1390 1899 29
1 1423 1882 21.2000007629395
1 1271 1263 21.2999992370605
1 1382 2167 18.1000003814697
1 1293 1876 26.3999996185303
1 1272 1079 22.2999992370605
1 1363 2064 22.2000007629395
1 1495 2142 36.7999992370605
1 1364 1887 23.7999992370605
1 1333 2115 32.9000015258789
1 1420 2126 30.7000007629395
1 1540 1825 25.7999992370605
1 1422 2072 22.3999996185303
1 1368 1072 21.7999992370605
1 1321 2162 31.8999996185303
1 1296 577 28.6000003814697
1 1385 1741 24
1 1472 2066 21.8999996185303
1 1294 1077 29
1 1543 2169 20.2000007629395
1 1446 2070 25.7000007629395
1 1541 1262 26.2999992370605
1 1267 2175 17.8999996185303
1 1482 1784 23.2999992370605
1 1421 2143 17
1 1324 1885 26.7000007629395
1 1266 2163 20.7000007629395
1 1329 1288 22.2000007629395
1 1658 2176 25
1 1760 1251 19.2000007629395
1 1673 2369 22.1000003814697
1 1806 2342 22
1 1611 2165 21.5
1 1755 2174 25.1000003814697
1 1803 2370 23.3999996185303
1 1702 905 24.2999992370605
1 1818 2276 34.7999992370605
1 1787 1664 23.7999992370605
1 1678 1259 22.2000007629395
1 1672 2245 20.2000007629395
1 1614 1098 23.6000003814697
1 1785 2379 21.8999996185303
1 1763 1288 22.3999996185303
1 1813 2358 21.2000007629395
1 1701 1072 20.6000003814697
1 1718 1834 22.6000003814697
1 1747 2300 31.3999996185303
1 1814 2343 22.8999996185303
1 1645 2072 21.6000003814697
1 1770 1554 24.5
1 1610 2375 19.8999996185303
1 1663 2177 20.6000003814697
1 1621 2076 22.7000007629395
1 1690 2350 30.2000007629395
1 1642 2339 21.6000003814697
1 1807 1077 28.7999992370605
1 1740 2351 16.7000007629395
1 1777 2280 28.8999996185303
1 1689 2352 32
1 1695 2163 22.8999996185303
1 1800 2360 20.3999996185303
1 1786 1877 24.8999996185303
1 1774 2071 16.2000007629395
1 1789 2365 17.3999996185303
1 1657 2376 21.1000003814697
1 1664 1662 22.7000007629395
1 1698 1784 23.2000007629395
1 1804 1079 22.8999996185303
1 1643 2143 17.5
1 1620 2167 19.5
1 1641 2297 30.6000003814697
1 1639 2260 21.2999992370605
1 1780 2135 34.9000015258789
1 1795 2285 23.5
1 1676 2066 22.2000007629395
1 1699 1660 29.2999992370605
1 1817 2344 39
1 1766 2115 35.4000015258789
1 1644 1981 21.1000003814697
1 1764 2368 21.2000007629395
1 1714 2178 26.2000007629395
1 1741 2363 19.7000007629395
1 1693 2341 19.5
1 1765 2355 19.8999996185303
1 1612 1089 18
1 1744 2282 31.2000007629395
1 1721 577 27.7999992370605
1 1613 1097 24.2000007629395
1 1761 2349 22
1 1742 2271 31.6000003814697
1 1784 2252 19.8999996185303
1 1743 2372 31.7999992370605
1 1703 1899 26.7999992370605
1 1820 2312 37.5999984741211
1 1675 2296 23.3999996185303
1 1753 2162 32.4000015258789
1 1696 2064 24
1 1622 1741 22.3999996185303
1 1788 2359 31.7000007629395
1 1700 1246 27.6000003814697
1 1659 2070 26
1 1715 2164 21.6000003814697
1 1745 2287 30.7999992370605
1 1674 2270 32
1 1647 1244 21.6000003814697
1 1720 1666 22.3999996185303
1 1812 2169 21.3999996185303
1 1751 2096 40.2000007629395
1 1759 1242 27.7000007629395
1 1716 2069 23.3999996185303
1 1717 2075 22.5
1 1778 2292 19.2000007629395
1 1704 2214 20.7999992370605
1 1640 2265 29.7999992370605
1 1638 2248 24.2999992370605
1 1746 2373 23.5
1 1691 2353 21.8999996185303
1 1719 1876 23.8999996185303
1 1651 2340 23.6000003814697
1 1796 2236 16.1000003814697
1 1692 2366 21.3999996185303
1 1754 2126 31.6000003814697
1 1779 2354 31.7999992370605
1 1749 2321 27.6000003814697
1 1748 2303 36.7000007629395
1 1752 2099 31.6000003814697
1 1694 2159 25.7000007629395
1 1819 2279 33.2000007629395
1 1646 1882 21
1 1697 2073 25.1000003814697
1 1713 2371 21
1 1756 1880 24
1 1750 2323 23.8999996185303
1 1767 1258 17.5
1 1757 1885 25.3999996185303
1 1974 2369 23.2000007629395
1 1876 1890 34.5999984741211
1 1847 905 25.5
1 1879 2126 36.2999992370605
1 1855 577 28
1 2088 2358 21.5
1 2048 2171 24.8999996185303
1 1960 2172 23.1000003814697
1 1982 2465 22.3999996185303
1 1839 2350 30.2000007629395
1 1923 1554 21.7999992370605
1 2011 2236 25.3999996185303
1 2061 2545 22.2000007629395
1 1941 2076 24.2999992370605
1 1835 2214 23.2000007629395
1 1980 2479 23
1 2000 2359 24.2999992370605
1 2060 2342 22.7999992370605
1 1989 2252 22.2999992370605
1 2095 2523 18.8999996185303
1 1882 2373 26.2000007629395
1 2052 2159 26.2999992370605
1 1859 2178 27.2999992370605
1 2043 1664 26.2999992370605
1 1964 2460 22.2000007629395
1 2064 2146 25.5
1 1862 2421 20.7999992370605
1 1850 2341 22.1000003814697
1 1979 1259 23.8999996185303
1 2010 2364 26.5
1 2042 2174 27.7000007629395
1 1996 2365 22.1000003814697
1 2047 2379 23.8999996185303
1 1880 2162 35.9000015258789
1 2007 2447 21.2999992370605
1 2066 2378 25.3999996185303
1 2091 2343 23.1000003814697
1 2082 2534 22.5
1 1883 2300 35.5
1 1972 2066 23.2000007629395
1 2056 2223 23.7999992370605
1 1837 1246 27.1000003814697
1 1857 1876 25
1 1916 1288 22
1 1888 2462 21.3999996185303
1 1918 2115 37.9000015258789
1 1890 2536 21
1 2017 2363 22.7999992370605
1 1948 2260 23.6000003814697
1 1856 1834 22.3999996185303
1 1858 2075 24.1000003814697
1 2087 2262 22.7000007629395
1 1849 2163 23.2000007629395
1 2089 2170 24.2999992370605
1 1851 2352 34.2999992370605
1 1940 2165 22
1 2003 1255 24.8999996185303
1 1954 2339 23.7000007629395
1 1848 2073 26.2000007629395
1 2081 1880 25.7999992370605
1 1887 2351 15.8999996185303
1 2053 2064 27.5
1 1928 2354 34.5999984741211
1 1962 2176 25.3999996185303
1 1878 2099 36.5999984741211
1 2050 2377 25.2000007629395
1 1875 1885 28.1000003814697
1 1874 1242 25.7999992370605
1 1877 2096 43.7000007629395
1 1889 2517 29.1000003814697
1 1993 2168 22.7000007629395
1 2097 2169 17.8999996185303
1 1885 2321 33.7999992370605
1 1891 2393 29.2000007629395
1 2031 2401 20.2999992370605
1 2024 1262 26.1000003814697
1 2059 1077 29.3999996185303
1 1861 2409 21.7000007629395
1 2029 2431 20.3999996185303
1 1860 2371 21.2999992370605
1 1838 2349 23.7000007629395
1 2079 2417 22.7000007629395
1 2025 2368 21.8999996185303
1 2030 2571 24.2999992370605
1 2045 2219 25.5
1 1840 2572 25
1 2041 2278 21.8999996185303
1 2065 2540 32.0999984741211
1 1976 2245 22.7000007629395
1 1852 2353 22.7999992370605
1 1886 2323 27.3999996185303
1 1988 1899 30.6000003814697
1 1927 2292 20.2999992370605
1 1998 2069 25.2999992370605
1 2049 1784 23.5
1 1853 2366 22.3999996185303
1 2002 2374 24.2999992370605
1 1919 2355 22.7000007629395
1 1926 1884 40.0999984741211
1 1938 2356 26.1000003814697
1 1995 2167 21.8999996185303
1 1881 2287 32.5
1 1884 2303 42.9000015258789
1 2145 1825 26
1 2146 2068 31
1 2279 2600 27.6000003814697
1 2200 2342 22.6000003814697
1 2121 2167 20.2999992370605
1 2119 2359 22.5
1 2238 1242 25.2999992370605
1 2195 2601 16
1 2153 2571 22
1 2204 2178 27.3999996185303
1 2147 1663 25.7999992370605
1 2327 2296 29.2999992370605
1 2209 1666 23
1 2273 1255 24.2999992370605
1 2283 2149 44.2000007629395
1 2144 2364 26
1 2267 2375 23.2999992370605
1 2248 2170 23.7999992370605
1 2292 2370 24.2999992370605
1 2234 2685 26.7000007629395
1 2247 2697 18
1 2142 2236 24.3999996185303
1 2187 1887 23.6000003814697
1 2231 2617 22.3999996185303
1 2268 2165 22.1000003814697
1 2149 2177 23.2000007629395
1 2297 2635 27.3999996185303
1 2322 2631 19
1 2184 2572 23.8999996185303
1 2198 2409 22.7999992370605
1 2290 2487 31.2000007629395
1 2188 1660 27.7999992370605
1 2230 2614 30.2999992370605
1 2205 2073 26.3999996185303
1 13462 2703 18.7000007629395
1 2291 2369 23.7000007629395
1 2206 2075 21.8999996185303
1 2207 1834 21.6000003814697
1 2113 1649 23
1 2311 2545 23.8999996185303
1 2319 2378 24.7000007629395
1 2185 2356 24.7000007629395
1 2202 2223 23.7999992370605
1 2324 2358 22.3999996185303
1 2270 2683 23.7000007629395
1 2140 2447 24
1 2293 2569 24.2999992370605
1 2120 2365 20.2000007629395
1 2166 2361 24.6000003814697
1 2266 2707 20.6000003814697
1 2182 2606 29.7000007629395
1 2316 2671 21.2000007629395
1 2243 2172 31.2000007629395
1 2312 2341 24.3999996185303
1 2160 2360 22
1 2111 1877 25
1 2236 2323 24.5
1 2285 1885 25.8999996185303
1 2189 2214 20.2000007629395
1 2177 2115 37.5
1 2159 2666 24.6000003814697
1 2254 2624 25.6000003814697
1 2235 2536 22.6000003814697
1 2298 2650 33.5
1 2174 2352 35.5
1 2208 1876 24.1000003814697
1 2301 2534 23.1000003814697
1 2278 2680 26.2000007629395
1 2242 2355 22.5
1 2158 2644 22
1 2197 2706 21.7000007629395
1 2307 1246 29.6000003814697
1 2281 2372 35.7999992370605
1 2141 2540 34.5999984741211
1 2110 2362 25.2000007629395
1 2286 2376 23.7000007629395
1 2302 2648 26.2999992370605
1 2305 2377 27.2999992370605
1 2246 2686 19.3999996185303
1 2138 2677 26
1 2172 2287 33
1 2272 2374 23.8999996185303
1 2109 2505 22.5
1 2233 2597 21.3999996185303
1 2284 1878 32.7999992370605
1 2294 2645 29.7999992370605
1 2280 2520 31.6000003814697
1 2323 2071 26.2000007629395
1 2137 2674 25
1 2170 2350 32.5999984741211
1 2183 2637 20.2000007629395
1 2318 2417 25.2999992370605
1 2175 2099 35
1 2122 2069 25.6000003814697
1 2201 2366 20.5
1 2321 1258 24.2999992370605
1 2255 2695 17.7999992370605
1 2107 2523 19.7999992370605
1 2295 2700 24.7000007629395
1 2136 2640 21.5
1 2303 2169 23.1000003814697
1 2317 2673 21.7000007629395
1 2253 2605 28
1 2271 2371 17.3999996185303
1 2300 2704 31
1 2232 2658 22.5
1 2282 2373 24.8999996185303
1 2186 2171 26.2999992370605
1 2306 1784 23
1 2173 2303 42.5
1 2176 2162 36.5
1 2139 2681 23.2000007629395
1 2148 1821 24.7999992370605
1 2203 2163 22.7999992370605
1 2239 2368 22.6000003814697
1 2152 2431 20.3999996185303
1 2112 1899 32.7999992370605
1 2199 2421 21.7999992370605
1 2391 2303 44.0999984741211
1 2365 2637 22.7000007629395
1 2480 2177 23.3999996185303
1 2483 2361 24.7000007629395
1 2377 2601 17
1 2503 1255 23.1000003814697
1 2343 2606 36.4000015258789
1 2496 2861 24.6000003814697
1 2489 2245 22.3999996185303
1 2504 1741 24.7000007629395
1 2387 1834 21.2000007629395
1 2382 2178 28.7999992370605
1 2490 2379 25.2000007629395
1 2435 1664 23.1000003814697
1 2447 2275 24.3999996185303
1 2500 2459 38.5999984741211
1 2514 1663 25.7999992370605
1 2474 1251 20.2000007629395
1 2345 2631 18.2000007629395
1 2487 2623 19.7000007629395
1 2367 2073 25.7000007629395
1 2530 2460 23.7000007629395
1 2546 2703 23.1000003814697
1 2404 2685 34.2000007629395
1 2348 2706 24.2000007629395
1 2392 2417 23.6000003814697
1 2379 2787 23
1 2432 2607 20.6000003814697
1 2437 1666 21
1 2451 2908 22.2999992370605
1 2350 2421 22.7999992370605
1 2537 2699 20
1 2527 2376 23.5
1 2455 1109 25.6000003814697
1 2488 2668 23.1000003814697
1 2429 2829 23.3999996185303
1 2362 2868 22.3999996185303
1 2512 2239 43.7000007629395
1 2419 2966 23.7000007629395
1 2502 2344 45
1 2497 2903 20.7000007629395
1 2491 2297 36.0999984741211
1 2349 2409 24.6000003814697
1 2510 2076 25
1 2369 2214 22.2000007629395
1 2412 2071 23.1000003814697
1 2360 2852 21.1000003814697
1 2544 2362 24.7999992370605
1 2389 2075 22.5
1 2465 2363 23.7000007629395
1 2428 2323 30.2000007629395
1 2347 2673 23.5
1 2493 2799 20.7999992370605
1 2351 2341 22.8999996185303
1 2376 1246 27.2999992370605
1 2516 2856 30.8999996185303
1 2545 2505 21.5
1 2443 2795 33.5
1 2450 2873 18.7000007629395
1 2520 2488 27.8999996185303
1 2469 2807 25.7000007629395
1 2361 2853 20.7000007629395
1 2457 2688 21.5
1 2534 2906 20.8999996185303
1 2452 2921 20.7000007629395
1 2423 2262 22.7999992370605
1 2499 2375 22
1 2364 2352 37.5999984741211
1 2481 2931 19.1000003814697
1 2508 2167 21.5
1 2346 2658 24.1000003814697
1 2482 2698 22.5
1 2543 2898 20.7999992370605
1 2406 2368 23.6000003814697
1 2464 2447 25
1 2408 2169 22
1 2539 2830 21.3999996185303
1 2393 2536 25.1000003814697
1 2373 2377 26.1000003814697
1 2444 2695 19.1000003814697
1 2363 2163 23.1000003814697
1 2449 1649 22.2999992370605
1 2528 2479 24.5
1 2400 2162 37.7000007629395
1 2495 2860 20.7999992370605
1 2359 2850 30.7999992370605
1 2549 2571 22.8999996185303
1 2540 2369 23.2999992370605
1 2368 2707 20.2000007629395
1 2439 2880 28.2999992370605
1 2398 2834 22.7999992370605
1 2438 2812 28.2000007629395
1 2547 2644 23.8999996185303
1 2420 2476 24
1 2466 2364 26.7999992370605
1 2479 2666 25.8999996185303
1 2448 2218 20.3999996185303
1 2374 2964 21
1 2430 2697 20.7000007629395
1 2372 2572 25.7000007629395
1 2413 2686 21
1 2519 2494 40
1 2467 2841 22.5
1 2460 2069 25.6000003814697
1 2378 1876 25.3999996185303
1 2344 2617 23.1000003814697
1 2399 2817 35.4000015258789
1 2352 2353 24.2999992370605
1 2390 2941 24.7999992370605
1 2513 2884 28.8999996185303
1 2509 2365 22.2999992370605
1 2446 2641 22.8999996185303
1 2371 2545 23.2000007629395
1 2353 2366 24.2999992370605
1 2424 2842 25.2999992370605
1 2517 2339 22.6000003814697
1 2710 2688 21.8999996185303
1 2660 2964 22.1000003814697
1 2800 2612 19.2999992370605
1 2888 1246 27.7000007629395
1 2655 2868 21.5
1 2903 2860 23
1 2891 2069 26.2000007629395
1 2554 2460 23.2000007629395
1 2848 2363 24.1000003814697
1 2755 2668 24.2000007629395
1 2608 2601 17.1000003814697
1 2856 2606 34.7000007629395
1 2831 2699 21.5
1 2759 2476 20.8999996185303
1 2861 2378 24.1000003814697
1 2760 2494 39.2000007629395
1 2879 2096 46.2000007629395
1 2870 2871 23.2000007629395
1 2612 2637 23.2000007629395
1 2823 2344 45
1 2826 2369 24
1 2610 2617 25.2999992370605
1 2782 2884 32.9000015258789
1 2611 2631 20
1 2628 2377 25.2999992370605
1 2764 2323 27.2999992370605
1 2570 2861 24.2000007629395
1 2762 2260 24.3999996185303
1 2900 2830 23
1 2679 2784 24.1000003814697
1 2904 2903 22.3999996185303
1 2862 2214 21.2000007629395
1 2765 2375 22.7000007629395
1 2552 2632 24.2999992370605
1 2859 2342 23.3999996185303
1 2895 1079 16.3999996185303
1 2622 2545 22.7999992370605
1 2885 1077 27.3999996185303
1 2656 2927 18.1000003814697
1 2869 2812 38.2000007629395
1 2555 2475 28.5
1 2810 2641 21.7999992370605
1 2877 2075 23.7999992370605
1 2892 1891 25
1 2844 2076 24.8999996185303
1 2781 2856 35.7000007629395
1 2873 2303 46
1 2624 2353 23
1 2857 2645 33.2999992370605
1 2860 2358 22.2999992370605
1 2626 2223 24.3999996185303
1 2697 1784 22.2999992370605
1 2824 2239 44.7999992370605
1 2623 2341 22.7000007629395
1 2686 3111 21.6000003814697
1 2654 2853 20.8999996185303
1 2569 2843 25
1 2785 2174 28.2000007629395
1 2784 2931 21.2000007629395
1 2754 2623 19
1 2822 2337 23.7999992370605
1 2659 2963 25.6000003814697
1 2758 2698 21.3999996185303
1 2551 2627 27.1000003814697
1 2718 2373 25
1 2732 2178 26.2999992370605
1 2621 2534 25.2000007629395
1 2763 2297 38.7000007629395
1 2803 2064 22.2999992370605
1 2733 2536 23.3999996185303
1 2783 2892 22.2999992370605
1 2872 2352 39.7000007629395
1 2609 2611 26.2999992370605
1 2653 2834 23.1000003814697
1 2779 3100 18.1000003814697
1 2594 2143 17.2000007629395
1 2876 2686 22.8999996185303
1 2890 2171 27.2999992370605
1 2766 2376 23.8999996185303
1 2691 2169 20.7000007629395
1 2875 2540 40.2999992370605
1 2708 2572 26
1 2753 2610 17.3999996185303
1 2778 3002 20.2999992370605
1 2619 2421 21.7999992370605
1 2553 2659 23.2999992370605
1 2652 3123 21.8999996185303
1 2590 2068 29.5
1 2616 2706 25.7000007629395
1 2757 2697 20.2000007629395
1 2727 1876 25.2999992370605
1 2761 2532 19.7000007629395
1 2868 2807 25.7000007629395
1 2599 2571 22.7999992370605
1 2596 2176 24.5
1 2752 2607 20.7000007629395
1 2883 2795 39.4000015258789
1 2649 3033 20
1 2713 2170 24.2000007629395
1 2740 2695 19
1 2802 2624 30.7000007629395
1 2858 2661 33.0999984741211
1 2845 1255 21.5
1 2567 2800 24.3999996185303
1 2565 3009 19.2999992370605
1 2751 2379 25.2000007629395
1 2568 2804 22
1 2613 2653 24.1000003814697
1 2805 2172 20.7000007629395
1 2651 3116 21.8999996185303
1 2604 2505 22.7000007629395
1 2618 2409 24.2999992370605
1 2884 2597 23.3999996185303
1 2658 2787 23.5
1 2603 2365 23.2999992370605
1 2574 2443 21
1 2871 2162 38
1 2887 2417 26.2000007629395
1 2902 2850 36.0999984741211
1 2830 2488 32.4000015258789
1 2657 2942 25
1 2614 2658 23.3999996185303
1 2919 2681 35.2999992370605
1 2726 2163 22
1 2874 2685 36.7999992370605
1 2556 2248 30.3999996185303
1 2566 2799 21.3999996185303
1 2682 2941 24.7000007629395
1 2576 2479 24.7000007629395
1 2627 2368 23.2000007629395
1 2650 3088 19.7999992370605
1 2625 2366 23.2999992370605
1 2814 1880 24.2000007629395
1 2780 2842 22.5
1 2617 2707 25
1 2886 2933 41.4000015258789
1 2615 2673 22.6000003814697
1 2787 2159 26.5
1 2620 2523 18.8999996185303
1 2967 1876 23.2999992370605
1 3180 2460 23.5
1 3176 2297 34.7999992370605
1 3197 3199 19
1 3148 2214 20.7000007629395
1 3155 2927 22.3999996185303
1 2972 2072 22
1 3050 3267 24
1 2985 2342 23.2000007629395
1 2983 2292 20.7999992370605
1 3061 3303 19.7999992370605
1 3247 3265 20.2999992370605
1 3018 2698 23.5
1 3001 2401 21
1 3253 3318 32
1 2993 2379 24
1 3239 2177 22.7999992370605
1 2973 2073 24.1000003814697
1 2981 2178 25.6000003814697
1 3152 2378 25.5
1 3000 2545 22.6000003814697
1 3016 2597 22.2000007629395
1 3008 2617 23.1000003814697
1 3052 3275 19.1000003814697
1 3173 2076 21.7000007629395
1 3250 3282 22
1 3045 3250 22.2000007629395
1 2998 2536 22.3999996185303
1 3004 2606 34.5
1 3006 2611 24.2999992370605
1 3248 3268 22.3999996185303
1 2994 2409 22
1 3044 3239 20
1 3043 3224 17.5
1 2978 2172 20.7999992370605
1 3040 3198 15.6000003814697
1 3047 3253 22.2000007629395
1 3065 3317 29.5
1 3175 2245 23.3999996185303
1 3003 2601 16
1 3058 3287 25.7999992370605
1 3029 2858 39.2000007629395
1 3178 2239 45
1 3199 3232 18.6000003814697
1 2966 1834 22.6000003814697
1 3010 2641 21.5
1 3200 3263 23.7000007629395
1 3054 3279 18.8999996185303
1 2997 2534 22.5
1 3192 2908 23.2999992370605
1 3193 3002 22
1 3037 3061 34.5
1 3174 2167 21.2000007629395
1 3059 3295 26.7999992370605
1 3055 3280 22.5
1 3064 3310 20.7999992370605
1 3188 2860 22.3999996185303
1 3245 3129 23.5
1 3184 2697 21.7999992370605
1 3041 3202 21.3999996185303
1 3241 2640 24
1 2964 1077 26
1 3042 3203 20.7999992370605
1 3177 2323 28.3999996185303
1 2990 2223 24.7000007629395
1 3154 2871 23.3999996185303
1 2977 2163 22.6000003814697
1 2979 2170 24.5
1 3015 2673 22.6000003814697
1 2971 2071 22.1000003814697
1 2965 1666 19.7999992370605
1 3156 2787 25.2999992370605
1 3198 3222 23.3999996185303
1 2974 2096 40.5999984741211
1 3246 3221 23
1 3028 2853 18.7000007629395
1 2984 2341 22.2000007629395
1 2986 2352 36.7999992370605
1 3027 2842 24.5
1 3249 3270 25.6000003814697
1 3157 3227 24.7000007629395
1 3030 2868 26.2000007629395
1 3151 2169 22.3999996185303
1 3025 2829 22.5
1 3034 2784 23.6000003814697
1 2988 2358 22
1 3243 2901 14.5
1 3036 2964 22.7999992370605
1 2975 2154 21.8999996185303
1 2970 1891 25
1 3013 2658 21.3999996185303
1 3187 2856 38.5
1 3238 3278 25.6000003814697
1 3153 2695 19.6000003814697
1 3023 2817 41
1 3009 2624 32.4000015258789
1 3251 3300 19.3999996185303
1 3060 3296 27.5
1 3182 2607 22.6000003814697
1 3194 3009 20.6000003814697
1 3032 2941 24.7999992370605
1 3046 3252 25.2999992370605
1 3195 3027 23.7999992370605
1 3021 2795 38.2000007629395
1 3252 3301 21.7999992370605
1 3005 2610 18
1 3183 2623 21.2000007629395
1 3057 3286 31.5
1 3179 2376 24.2000007629395
1 3007 2614 36.4000015258789
1 2987 2353 22.2999992370605
1 2969 1784 22.3999996185303
1 3012 2651 21.7999992370605
1 2999 2540 39.5
1 2968 1880 25.3999996185303
1 3186 2841 23.7999992370605
1 2989 2366 20.7000007629395
1 2992 2377 25.5
1 2996 2421 21.3999996185303
1 3002 2572 25.2999992370605
1 3244 3121 25.2000007629395
1 2991 2368 24
1 3190 2898 23.2000007629395
1 3035 2963 26.7999992370605
1 3191 2899 23.3999996185303
1 3017 2686 22.1000003814697
1 3038 3111 23.2999992370605
1 3159 3326 21.3999996185303
1 3062 3306 26
1 3020 2792 22.3999996185303
1 3019 2707 24.7000007629395
1 3022 2812 33.5
1 3051 3273 20.3999996185303
1 3053 3276 18.8999996185303
1 3049 3260 19.7999992370605
1 3026 2834 18
1 3181 2494 41
1 2980 2171 27.2999992370605
1 2976 2162 37.4000015258789
1 2982 2275 24.2999992370605
1 2995 2417 23.7000007629395
1 3014 2661 30.6000003814697
1 3158 3308 21.2000007629395
1 3033 2942 25.2000007629395
1 3063 3307 17.7000007629395
1 3056 3285 28.6000003814697
1 3196 3076 21
1 3189 2873 19.7999992370605
1 3011 2645 33.4000015258789
1 3039 3123 22.5
1 3185 2799 22.5
1 3240 2612 21.2000007629395
1 3024 2819 22.3999996185303
1 3031 2933 40.2000007629395
1 3048 3255 18
1 3541 3076 20.8999996185303
1 3542 2861 23.5
1 3430 2787 25.1000003814697
1 3435 2352 30.8999996185303
1 3518 2168 20.5
1 3513 2361 21.7999992370605
1 3361 2601 15.6000003814697
1 3553 2245 22.6000003814697
1 3342 3280 24.8999996185303
1 3379 2073 23.1000003814697
1 3370 2358 20.5
1 3359 2637 19.2999992370605
1 3436 2223 24
1 3337 3471 21.5
1 3431 2871 21.3999996185303
1 3338 3239 21.3999996185303
1 3352 2834 23.1000003814697
1 3332 3559 21.1000003814697
1 3378 2072 21.2999992370605
1 3490 3592 18.7000007629395
1 3516 2260 22.8999996185303
1 3502 2892 21.7000007629395
1 3364 2409 22.2999992370605
1 3356 2673 22.2999992370605
1 3365 2421 20.8999996185303
1 3353 2964 20.5
1 3499 2906 21.5
1 3515 2262 22
1 3509 2699 20.3999996185303
1 3437 1077 24.8999996185303
1 3371 2378 22.5
1 3429 2963 24.6000003814697
1 3340 3273 21.6000003814697
1 3330 3469 19.3999996185303
1 3362 2536 23.1000003814697
1 3422 3203 20.8999996185303
1 3511 2460 21.8999996185303
1 3343 3291 23.8999996185303
1 3341 3275 20.7000007629395
1 3363 2572 26.1000003814697
1 3548 2623 19.8999996185303
1 3427 2799 20.8999996185303
1 3546 2612 20.5
1 3333 3563 16.2999992370605
1 3498 3121 25.7000007629395
1 3420 3287 29.6000003814697
1 3428 2927 19.1000003814697
1 3412 3289 18.7000007629395
1 3367 2534 19.6000003814697
1 3376 2178 26.5
1 3348 2784 23.7000007629395
1 3377 2071 19.2999992370605
1 3508 2668 22.7000007629395
1 3551 2459 37.7000007629395
1 3549 2479 23.6000003814697
1 3375 2170 23.8999996185303
1 3519 2066 23.2999992370605
1 3336 3589 18.1000003814697
1 3416 3270 26.2000007629395
1 3424 3009 19.5
1 3491 3593 32.4000015258789
1 3346 3260 20.1000003814697
1 3492 3236 17.8999996185303
1 3537 3473 18.6000003814697
1 3345 3268 23
1 3339 3250 23.8999996185303
1 3366 2545 21.2999992370605
1 3554 2364 26.2999992370605
1 3411 3253 27.3999996185303
1 3426 2817 38.4000015258789
1 3538 3488 17.2000007629395
1 3414 3286 34.9000015258789
1 3558 3320 36.4000015258789
1 3369 2377 24.1000003814697
1 3506 2640 22.3999996185303
1 3413 3326 21.7999992370605
1 3517 2376 22
1 3331 3490 22.2000007629395
1 3545 2880 30.3999996185303
1 3434 2417 21.7999992370605
1 3514 2369 19.5
1 3344 3303 19.6000003814697
1 3536 3414 18.6000003814697
1 3347 3123 22.6000003814697
1 3544 2931 21.2999992370605
1 3423 3307 19.2000007629395
1 3415 3285 31.7000007629395
1 3372 2292 20.5
1 3489 3581 26.3999996185303
1 3409 3573 23.8999996185303
1 3552 2239 41.0999984741211
1 3495 3300 19.6000003814697
1 3503 2830 22.2999992370605
1 3556 3423 31.7999992370605
1 3425 3111 23.1000003814697
1 3374 2169 18.8999996185303
1 3358 2706 22.5
1 3418 3276 19.7999992370605
1 3350 2868 27.6000003814697
1 3487 3538 24.1000003814697
1 3543 2856 36.2999992370605
1 3500 2873 18.7999992370605
1 3507 2703 22.5
1 3488 3552 18.6000003814697
1 3496 3027 24
1 3368 2353 21.5
1 3360 2707 24
1 3408 3509 33.5
1 3355 2695 17.6000003814697
1 3557 3611 29
1 3504 2860 22.6000003814697
1 3432 2941 24.7000007629395
1 3540 3604 28
1 3354 2597 21.5
1 3351 2942 25.5
1 3494 3214 20.6000003814697
1 3512 2236 24.2999992370605
1 3349 2853 20.6000003814697
1 3510 2571 21.3999996185303
1 3547 2683 26.2999992370605
1 3417 3227 29.7000007629395
1 3334 3564 17
1 3493 3282 20.7999992370605
1 3497 3033 19
1 3357 2617 23.7999992370605
1 3335 3567 18
1 3419 3255 20.2999992370605
1 3539 3577 20.2999992370605
1 3550 2494 34.4000015258789
1 3505 2899 22.8999996185303
1 3373 2163 20.3999996185303
1 3433 2476 20.8999996185303
1 3410 3252 26.7000007629395
1 3421 3306 29.2999992370605
1 3821 3250 26.8999996185303
1 3887 3300 21.6000003814697
1 3841 2873 19.2999992370605
1 3758 2323 27.6000003814697
1 3879 3711 27.3999996185303
1 3725 3471 24.6000003814697
1 3819 3280 27
1 3723 3563 20.6000003814697
1 3843 2892 21.5
1 3721 3704 18.7999992370605
1 3901 2460 24.1000003814697
1 3895 2860 23.5
1 3793 3420 22.7000007629395
1 3889 3201 27.8999996185303
1 3752 2698 24
1 3881 3651 23.7999992370605
1 3898 2699 21.6000003814697
1 3900 2479 26.2999992370605
1 3825 2673 23.7000007629395
1 3745 2908 23.5
1 3726 3469 22.8999996185303
1 3817 3468 22.7000007629395
1 3755 2262 22.6000003814697
1 3880 3759 19.8999996185303
1 3740 3255 22.8999996185303
1 3888 3214 22.7999992370605
1 3720 3700 28.3999996185303
1 3746 2834 25.2000007629395
1 3741 3291 26.7000007629395
1 3892 3248 20.6000003814697
1 3722 3559 19.2000007629395
1 3749 2787 25.5
1 3759 2379 23.8999996185303
1 3882 3414 20.3999996185303
1 3797 2066 20.8999996185303
1 3788 3782 19.7999992370605
1 3760 2174 21.7999992370605
1 3789 3440 24.7999992370605
1 3743 3123 22.1000003814697
1 3732 3285 34.7000007629395
1 3747 2941 21.2999992370605
1 3842 2841 23.8999996185303
1 3894 3009 21.2999992370605
1 3893 3002 22.6000003814697
1 3838 3265 20.8999996185303
1 3826 2342 23.8999996185303
1 3839 3232 20.7000007629395
1 3850 2963 29.2999992370605
1 3878 3636 23.7000007629395
1 3731 3286 38.0999984741211
1 3737 3273 22.7000007629395
1 3724 3564 20.3999996185303
1 3884 3552 21.5
1 3751 2597 21.8999996185303
1 3847 3567 21.7999992370605
1 3739 3290 32.5
1 3744 3111 23.7999992370605
1 3738 3306 33.4000015258789
1 3736 3198 18.6000003814697
1 3753 2645 33.9000015258789
1 3786 3659 23.8999996185303
1 3820 3307 21.5
1 3733 3328 22.6000003814697
1 3795 3236 20.7999992370605
1 3785 3641 24.1000003814697
1 3727 3490 23.7000007629395
1 3891 3316 23.7000007629395
1 3897 2668 24.1000003814697
1 3837 3473 21.3999996185303
1 3790 3607 19.7999992370605
1 3754 2706 24.1000003814697
1 3796 3048 24
1 3757 2377 26.5
1 3818 3330 25.1000003814697
1 3730 3203 22.7000007629395
1 3742 3303 21.2999992370605
1 3822 2927 21.2000007629395
1 3883 3538 27
1 3836 3443 23.3999996185303
1 3734 3224 20.5
1 3840 3129 24.2999992370605
1 3849 3279 24.2999992370605
1 3848 3589 22.3999996185303
1 3899 2659 23.8999996185303
1 3748 2853 22.7000007629395
1 3824 2868 27.5
1 3756 2223 23.8999996185303
1 3823 2784 26.3999996185303
1 3729 3202 23.7999992370605
1 3787 3662 18.5
1 3890 3259 24.3999996185303
1 3816 3738 20.7000007629395
1 3750 2829 23.1000003814697
1 3735 3268 24.8999996185303
1 3794 3314 23.5
1 3886 3237 23.7999992370605
1 3885 3445 22.3999996185303
1 3728 3281 30.1000003814697
1 3791 4322 20.7000007629395
1 3844 2703 22.8999996185303
1 3792 3571 25
1 4086 3202 25.2000007629395
1 4146 4051 17.2000007629395
1 4026 2941 23.2000007629395
1 4028 2834 25.1000003814697
1 4131 3447 33
1 4029 2787 25.7000007629395
1 4102 3296 36.2000007629395
1 4012 3490 25.7999992370605
1 4031 2645 34.2000007629395
1 4024 3250 27.6000003814697
1 4035 2379 23.7000007629395
1 4030 2868 27.7999992370605
1 4015 3471 23.2000007629395
1 4092 2475 29.7000007629395
1 4133 3300 22
1 4077 3469 24.7999992370605
1 4090 2549 23.6000003814697
1 4085 3209 24.6000003814697
1 4021 3306 35.2000007629395
1 4018 3291 26.2000007629395
1 4022 3268 27.2000007629395
1 4126 3641 25.3999996185303
1 4099 3318 38.7000007629395
1 4132 3592 22.7999992370605
1 4100 3292 35.2000007629395
1 4011 3700 35.2000007629395
1 4019 3203 24.2000007629395
1 4078 3440 24.6000003814697
1 4083 3326 25
1 4017 3285 37.4000015258789
1 4082 3279 27.2000007629395
1 4074 3762 22
1 4127 3759 20.6000003814697
1 4101 3317 40.2000007629395
1 4087 3248 20.6000003814697
1 4027 2784 25.7999992370605
1 4010 3968 22.2000007629395
1 4139 2360 25.6000003814697
1 4079 3303 23.3999996185303
1 4091 2401 24.2000007629395
1 4020 3328 22.2000007629395
1 4016 3286 40.7999992370605
1 4075 3782 21.7999992370605
1 4033 2377 27.2000007629395
1 4080 3307 23.6000003814697
1 4076 3725 24.7999992370605
1 4023 3255 22
1 4081 3260 25.2000007629395
1 4034 2223 24
1 4073 3659 24.2000007629395
1 4148 3468 24
1 4138 2505 21.3999996185303
1 4136 2892 22.7999992370605
1 4135 3301 24.2000007629395
1 4128 3488 21.6000003814697
1 4013 3564 22
1 4084 3280 29.7000007629395
1 4094 2342 25
1 4072 4120 21.2000007629395
1 4134 3316 23.3999996185303
1 4014 3589 22.2000007629395
1 4098 3442 39.7000007629395
1 4071 3954 19.7999992370605
1 4130 4131 29.7000007629395
1 4032 2706 24
1 4129 3609 24.2000007629395
1 4093 2368 24
1 4088 2963 29.6000003814697
1 4147 3738 22.3999996185303
1 4137 2819 23
1 4089 2627 29
1 4025 3123 28.7000007629395
1 4540 4258 24.3999996185303
1 4623 2379 23.2999992370605
1 4554 3273 23.8999996185303
1 4612 3593 39.5999984741211
1 4414 3255 21.7000007629395
1 4403 4051 18
1 4624 2245 24.6000003814697
1 4530 4177 29.7000007629395
1 4618 3202 25.7000007629395
1 4477 2703 21.2999992370605
1 4465 4230 31.7000007629395
1 4391 4209 25.8999996185303
1 4602 4175 22.2000007629395
1 4609 3711 31.8999996185303
1 4425 2378 24.6000003814697
1 4546 3559 23.1000003814697
1 4575 2927 22.5
1 4604 4216 29.7000007629395
1 4533 4212 19.7000007629395
1 4400 4543 25.8999996185303
1 4553 3303 23.3999996185303
1 4611 3414 18.3999996185303
1 4549 3326 23.6000003814697
1 4614 3009 21.7000007629395
1 4534 4218 31.7000007629395
1 4416 3282 22.3999996185303
1 4607 4234 25.2000007629395
1 4562 2908 22.2000007629395
1 4621 2861 24.2999992370605
1 4406 3704 19.7999992370605
1 4402 3968 21.3999996185303
1 4565 2342 23.2000007629395
1 4422 2460 20.8999996185303
1 4557 2784 26
1 4574 3279 25.8999996185303
1 4545 3692 20
1 4420 2597 22.6000003814697
1 4536 4238 19.2999992370605
1 4622 2860 23.1000003814697
1 4464 4220 19.1000003814697
1 4471 3488 20.2999992370605
1 4404 3700 35.7000007629395
1 4552 3280 30.6000003814697
1 4476 2640 23.2000007629395
1 4421 2706 22.8999996185303
1 4470 3636 22.7999992370605
1 4385 4176 29.3999996185303
1 4535 4227 21.2999992370605
1 4606 4314 15.6999998092651
1 4472 3443 25.2999992370605
1 4426 1663 25.2999992370605
1 4608 3954 22.1000003814697
1 4413 3291 24.7999992370605
1 4563 2607 21.1000003814697
1 4559 2787 25.7000007629395
1 4478 2360 23.2000007629395
1 4392 4210 30.8999996185303
1 4463 4161 17.8999996185303
1 4467 4241 21.6000003814697
1 4394 4229 27.7999992370605
1 4395 4243 21.5
1 4560 2963 27.8999996185303
1 4389 4200 29.2000007629395
1 4407 3607 19.7000007629395
1 4547 3473 20.7000007629395
1 4415 3250 27.1000003814697
1 4537 4240 20.1000003814697
1 4424 2223 23.7000007629395
1 4384 4172 22.6000003814697
1 4555 3198 19.6000003814697
1 4419 2683 27.7000007629395
1 4556 3330 22.5
1 4564 2341 25.2999992370605
1 4558 2834 24.8999996185303
1 4468 4242 21.7999992370605
1 4405 3641 25.2000007629395
1 4550 3275 23.7000007629395
1 4390 4205 28
1 4474 3316 20.8999996185303
1 4393 4217 22.1000003814697
1 4529 4169 21
1 4473 3265 21.5
1 4617 3203 22.6000003814697
1 4462 4158 18.3999996185303
1 4615 3121 25.1000003814697
1 4543 4309 20.6000003814697
1 4531 4187 20.2999992370605
1 4401 4260 25.8999996185303
1 4469 4318 27.3999996185303
1 4397 4251 26.6000003814697
1 7006 3490 27.7999992370605
1 4388 4193 21.7999992370605
1 4538 4255 21
1 4386 4179 31
1 4576 2673 24.8999996185303
1 4381 4159 31.3999996185303
1 4616 3248 22.3999996185303
1 4387 4186 23.5
1 4561 2942 24.7999992370605
1 4382 4164 29.7999992370605
1 4601 4153 21.2000007629395
1 4613 4322 23.7000007629395
1 4620 2829 22.5
1 4628 3658 39.2000007629395
1 4532 4206 28.3999996185303
1 4630 3281 34.4000015258789
1 4610 3771 21.6000003814697
1 4412 3285 36.7000007629395
1 7007 2931 20.8999996185303
1 4605 4266 22.7000007629395
1 4528 4157 20.2000007629395
1 4410 3567 19.8999996185303
1 4408 3564 22.8999996185303
1 4603 4196 27.1000003814697
1 4466 4232 17.8999996185303
1 4417 3268 25.2000007629395
1 4539 4256 21.1000003814697
1 4544 3738 23.2999992370605
1 4423 2377 25.3999996185303
1 4398 4261 17.6000003814697
1 4629 3306 36.4000015258789
1 4619 3224 20.8999996185303
1 4396 4250 17.2000007629395
1 4383 4168 27.7999992370605
1 4409 3471 22.3999996185303
1 4411 3286 41.5999984741211
1 4418 2868 28.8999996185303
1 4551 3260 23.7999992370605
1 4541 4262 34.7999992370605
1 4542 4316 21.5
1 7095 4179 36.7000007629395
1 7239 4432 22.5
1 7151 4179 36.6000022888184
1 7097 4217 26.8000011444092
1 7274 2475 27.4000015258789
1 7168 2787 25.4000015258789
1 7109 3564 22.2000007629395
1 7118 3268 26.3000011444092
1 7265 3076 19.8000011444092
1 7248 4226 26.2000007629395
1 7098 4238 20.7000007629395
1 7245 4173 33.2000007629395
1 7191 2868 27.6000003814697
1 7096 4193 25.4000015258789
1 7165 4386 20.2000007629395
1 7134 4404 20.8000011444092
1 7253 4313 21.4000015258789
1 7139 3431 26.4000015258789
1 7157 3250 28
1 7235 4396 23.9000015258789
1 7172 3490 26.2000007629395
1 7176 4407 22.7000007629395
1 7102 3725 25.2000007629395
1 7189 3273 24.2000007629395
1 7257 4103 25.4000015258789
1 7156 2597 20.9000015258789
1 7115 3291 26.8000011444092
1 7170 4051 18.6000003814697
1 7150 3286 39.1000022888184
1 7192 2927 20
1 7075 4529 21.7000007629395
1 7233 4359 21.7000007629395
1 7251 4255 22.3000011444092
1 7181 3559 24.2000007629395
1 7101 3762 21.2000007629395
1 7258 3662 20.4000015258789
1 7180 4317 23.7000007629395
1 7256 3592 23.7000007629395
1 7104 3704 19.2000007629395
1 7178 4258 24.2000007629395
1 7182 3563 22.6000003814697
1 7155 4466 33
1 7136 4385 22.6000003814697
1 7186 3326 24.4000015258789
1 7240 4470 20
1 7252 4259 20
1 7272 3282 22.4000015258789
1 7160 2706 24.4000015258789
1 7122 2787 25.6000003814697
1 7231 4345 24.8000011444092
1 7113 3285 34
1 7074 4468 15.6999998092651
1 7175 3268 25.9000015258789
1 7260 4104 23.8000011444092
1 7232 4346 18.6000003814697
1 7051 4353 26.2000007629395
1 7237 4410 18.4000015258789
1 7117 3250 28.4000015258789
1 7124 2706 24.6000003814697
1 7093 4155 22.6000003814697
1 7241 4472 18.4000015258789
1 7246 4184 22.1000003814697
1 7193 2707 23.8000011444092
1 7052 4386 19.8000011444092
1 7194 2341 25.6000003814697
1 7249 4242 23.4000015258789
1 7243 4734 21.7000007629395
1 7164 4193 25.6000003814697
1 7179 4316 22.7000007629395
1 7162 3280 28
1 7268 3214 24.4000015258789
1 7130 2627 27.2000007629395
1 7183 3589 22.6000003814697
1 7105 3692 21
1 7261 3771 22.8000011444092
1 7244 4170 21.9000015258789
1 7050 4343 31.2000007629395
1 7190 3002 19.5
1 7184 3738 22.2000007629395
1 7198 4454 24.2000007629395
1 7088 4466 33.2000007629395
1 7236 4399 23
1 7187 3275 25.2000007629395
1 7107 4131 30.8000011444092
1 7167 3564 21.9000015258789
1 7116 3255 24.8000011444092
1 7112 3286 39
1 7273 3265 21.3000011444092
1 7100 4051 18.4000015258789
1 7161 3255 25.8000011444092
1 7255 4068 26.2000007629395
1 7110 3567 22.7000007629395
1 7171 3567 21.8000011444092
1 7242 4517 21.6000003814697
1 7269 3201 23.4000015258789
1 7073 4440 28.6000003814697
1 7264 3552 22.2000007629395
1 7055 4418 32.7999992370605
1 7169 2377 27.2000007629395
1 7123 2597 20.9000015258789
1 7057 4459 22.4000015258789
1 7196 4459 23.2000007629395
1 7094 4156 32.2000007629395
1 7247 4223 23.6000003814697
1 7153 4467 18.7000007629395
1 7099 4310 20
1 7263 3428 23
1 7121 2784 25.6000003814697
1 7234 4378 23.7000007629395
1 7163 4217 26.7000007629395
1 7154 3285 34.7000007629395
1 7125 2377 27
1 7114 3289 21.2000007629395
1 7053 4395 23.2000007629395
1 7119 3280 27.2000007629395
1 7120 3198 18.2000007629395
1 7108 3445 22.6000003814697
1 7089 4467 18.2000007629395
1 7091 4473 20.2000007629395
1 7056 4454 24
1 7059 4461 32.6000022888184
1 7254 4008 20.1000003814697
1 7271 3209 24.2000007629395
1 7087 4465 26
1 7188 3303 22.2000007629395
1 7054 4407 23.6000003814697
1 7266 3237 25.6000003814697
1 7138 3734 25
1 7106 3607 19.4000015258789
1 7270 3259 26.1000003814697
1 7092 4562 28.8000011444092
1 7111 3490 26.4000015258789
1 7174 2784 26.4000015258789
1 7238 5250 22.9000015258789
1 7259 3681 27.8000011444092
1 7159 4395 23.3000011444092
1 7185 3279 24.7000007629395
1 7173 4465 26.2000007629395
1 7768 2699 19.7000007629395
1 7561 4454 27.3500003814697
1 7567 4217 29.7000007629395
1 7756 4259 20.5499992370605
1 7625 4258 23.8999996185303
1 7585 3250 27.6499996185303
1 7616 4473 23.6000003814697
1 7704 3748 22.5
1 7576 3563 22.6000003814697
1 7766 2834 27.1499996185303
1 7587 3202 27.7999992370605
1 7554 4407 22.7999992370605
1 7690 4396 25.1000003814697
1 7590 3303 22.6000003814697
1 7621 3275 24.5
1 7710 3076 22.1499996185303
1 7594 2927 20.5499992370605
1 7691 4410 21.3999996185303
1 7597 2377 26.4500007629395
1 7687 4345 29.1000003814697
1 7572 3704 21.6499996185303
1 7580 3564 23.3999996185303
1 7613 4343 34.9500007629395
1 7702 4314 19.6499996185303
1 7754 4244 23.7999992370605
1 7747 4398 26.1499996185303
1 7566 4193 27.7000007629395
1 7688 4359 23.9500007629395
1 7619 4206 34.75
1 7548 4575 18.5499992370605
1 7623 2341 25.3500003814697
1 7582 3291 25.9500007629395
1 7564 4529 27.1000003814697
1 7551 4386 22.0499992370605
1 7708 3201 23.3500003814697
1 7760 3636 22.2000007629395
1 7746 4346 20.2999992370605
1 7565 4179 38.1500015258789
1 7763 3420 25.3999996185303
1 7573 3738 22.8999996185303
1 7711 2800 25.75
1 7693 4456 20.1499996185303
1 7578 3567 22.3500003814697
1 7751 4170 24.7000007629395
1 7581 3286 41.3499984741211
1 7695 4432 23.5499992370605
1 7709 3319 25.0499992370605
1 7749 5250 23.8999996185303
1 7685 5326 20.6000003814697
1 7589 3280 28.3999996185303
1 7579 3490 27.3500003814697
1 7697 4161 22.2000007629395
1 7762 3533 29.3999996185303
1 7769 2340 27.75
1 7596 2706 24.2000007629395
1 7556 4465 30.7000007629395
1 7622 3306 37.5
1 7552 4395 25.4500007629395
1 7584 3255 24.3999996185303
1 7705 3782 22.2999992370605
1 7692 4416 24.5499992370605
1 7698 4173 35
1 7759 4068 26.75
1 7586 3279 24.7000007629395
1 7614 4440 33.3499984741211
1 7765 3002 20.6000003814697
1 7689 4385 20.7999992370605
1 7559 4468 16.8999996185303
1 7557 4466 36.9500007629395
1 7595 2597 17.75
1 7588 3268 27.0499992370605
1 7577 3589 22
1 7703 4004 24
1 7748 4420 22.3500003814697
1 7755 4226 26.3500003814697
1 7550 4635 24.1499996185303
1 7569 4051 20.1499996185303
1 7592 2784 24.7000007629395
1 7571 3885 23.9500007629395
1 7575 3559 23.3999996185303
1 7764 3259 26.5
1 7684 5276 20.9500007629395
1 7583 3203 25.25
1 7750 4157 25.6000003814697
1 7549 4636 25.9500007629395
1 7558 4467 18.2999992370605
1 7560 4734 24.1000003814697
1 7563 4378 24.2999992370605
1 7591 2868 28.7999992370605
1 7555 4418 36.9000015258789
1 7753 4190 26.1499996185303
1 7707 3428 24
1 7620 3692 23.2000007629395
1 7700 4195 23.4500007629395
1 7562 4459 23.7000007629395
1 7617 4562 34.8499984741211
1 7701 4257 26.5499992370605
1 7706 3771 23.1000003814697
1 7758 3945 23
1 7699 4184 23.1499996185303
1 7757 3881 23.9500007629395
1 7761 3488 23.0499992370605
1 7694 4461 37.75
1 7593 2787 26.1499996185303
1 7686 4335 21.3500003814697
1 8211 5069 31.3999996185303
1 8257 2640 22.3999996185303
1 8103 5086 32.4500007629395
1 8295 5247 25.7999992370605
1 8235 4217 27
1 8185 2927 17.5499992370605
1 8256 3265 20.6000003814697
1 8178 3280 27.5
1 8301 4008 20.2000007629395
1 8289 5059 29.2000007629395
1 8132 4395 23.7000007629395
1 8183 2834 23
1 8219 5141 20.7000007629395
1 8241 3275 22.75
1 8167 3420 24.75
1 8152 4258 23.4500007629395
1 8293 5114 29.2000007629395
1 8174 3279 22.6000003814697
1 8179 3201 20.7999992370605
1 8160 3559 23.7000007629395
1 8236 4051 19.3500003814697
1 8228 4398 27.7999992370605
1 8124 5234 23.0499992370605
1 8169 3326 22.25
1 8159 3636 20.5
1 8140 4454 24.6000003814697
1 8168 3289 20.7999992370605
1 8143 4467 17.6499996185303
1 8173 3250 25.6000003814697
1 8238 3658 34.2999992370605
1 8154 4004 23.4500007629395
1 8300 4241 24.6000003814697
1 8251 5144 18.7999992370605
1 8210 5067 29.2999992370605
1 8133 4407 21.5499992370605
1 8129 4635 24.1000003814697
1 8170 3209 25.2000007629395
1 8302 3641 25.7999992370605
1 8177 3255 24.9500007629395
1 8310 4466 34.9000015258789
1 8237 3762 21
1 8148 4179 32.4500007629395
1 8102 5084 17.75
1 8227 4386 21.1499996185303
1 8175 3291 24.3500003814697
1 8134 4410 23.5499992370605
1 8123 5232 18.3999996185303
1 8291 5094 17.6000003814697
1 8254 3538 23.6000003814697
1 8112 5129 23.5
1 8182 2784 22.75
1 8108 5107 17.1499996185303
1 8144 4468 17.1499996185303
1 8105 5097 26.1499996185303
1 8233 4238 21.4500007629395
1 8240 3286 37.2000007629395
1 8150 4193 26.7999992370605
1 8146 4473 22.7999992370605
1 8186 2860 20
1 8215 5108 28.6499996185303
1 8131 4343 35.7000007629395
1 8116 5137 21.2999992370605
1 8107 5105 26.9500007629395
1 8126 4575 19.4500007629395
1 8147 4346 19
1 8165 3563 19.4500007629395
1 8100 5076 20.7000007629395
1 8125 5235 16.0499992370605
1 8120 5158 29.4500007629395
1 8297 4359 25
1 8164 3589 21.3500003814697
1 8109 5111 19.3500003814697
1 8151 4316 19.1000003814697
1 8149 4184 20.4500007629395
1 8158 3738 21.75
1 8304 4103 25.2000007629395
1 8176 3303 20.75
1 8239 3564 20.7000007629395
1 8110 5121 16.2999992370605
1 8128 4636 26.3500003814697
1 8171 3306 35.0499992370605
1 8212 5077 22.3500003814697
1 8298 4155 24.6000003814697
1 8117 5142 26.7000007629395
1 8163 3490 25.5
1 8136 4420 21.1499996185303
1 8145 4465 30.9500007629395
1 8161 3445 21.8999996185303
1 8234 4318 34
1 8137 4734 21.75
1 8253 3796 24.3999996185303
1 8157 3662 19.2999992370605
1 8130 4335 21.2999992370605
1 8138 4562 33.7000007629395
1 8104 5087 29.2999992370605
1 8232 4169 23
1 8190 2706 22
1 8122 5226 17.2000007629395
1 8127 4631 17.3999996185303
1 8111 5124 27.5499992370605
1 8115 5135 17.2999992370605
1 8099 5066 29.1000003814697
1 8162 3431 22.2000007629395
1 8229 4440 32.5499992370605
1 8184 2787 24.2000007629395
1 8180 3009 20.3500003814697
1 8290 5075 28.7999992370605
1 8187 2800 21.8500003814697
1 8172 3268 24.75
1 8213 5080 28.25
1 8296 5312 32
1 8141 4459 22.2999992370605
1 8292 5102 27.3999996185303
1 8153 4206 33.25
1 8142 4378 23.6000003814697
1 8299 4162 20
1 8216 5113 24.8500003814697
1 8119 5150 18.6499996185303
1 8155 3651 24.5499992370605
1 8223 5157 26.25
1 8113 5130 20.25
1 8221 5153 31.5
1 8098 5061 16.6000003814697
1 8294 5152 19.3999996185303
1 8106 5100 19.9500007629395
1 8188 2868 27.6499996185303
1 8139 4688 19.3999996185303
1 8135 4418 34.4000015258789
1 8252 4460 24.2000007629395
1 8166 3567 18.6499996185303
1 8214 5096 32.6500015258789
1 8220 5147 26.25
1 8222 5156 27.6000003814697
1 8114 5132 31.7999992370605
1 8225 5407 34.2999992370605
1 8255 3236 18.2000007629395
1 8224 5403 28.25
1 8983 4346 20.7000007629395
1 8985 3641 26.6000003814697
1 8969 3280 26.0499992370605
1 8963 3567 20.2000007629395
1 8998 5597 18.5
1 8997 5456 21.6499996185303
1 8961 3490 25.0499992370605
1 8955 4217 26.75
1 8945 4407 22.6000003814697
1 9005 4166 22.1000003814697
1 8944 4386 20.7999992370605
1 9007 3725 24
1 9003 4432 22.7000007629395
1 8906 5443 21.5
1 9004 4460 24.0499992370605
1 8951 4468 18.25
1 8965 3420 24.25
1 8999 5596 22.4500007629395
1 8957 4316 20.8500003814697
1 8914 5510 22.4500007629395
1 8984 4223 25.7999992370605
1 8972 2868 26.2000007629395
1 8904 5430 22
1 8958 4051 16.2000007629395
1 8932 5097 30.2999992370605
1 8929 5084 19.2999992370605
1 8926 5705 25.2000007629395
1 8938 5248 18.7000007629395
1 8942 4636 28.25
1 8943 5326 22.4500007629395
1 8967 3250 26.7999992370605
1 9001 5103 20.6000003814697
1 8959 3738 21
1 8952 4465 31.8500003814697
1 8968 3255 27
1 8919 5535 19.9500007629395
1 8905 5442 34.7000007629395
1 8966 3268 25.7000007629395
1 8986 3607 20.7000007629395
1 9006 4155 24.3500003814697
1 8920 5542 17.5
1 8950 4467 18.2000007629395
1 8909 5466 18.25
1 8970 3326 23.6000003814697
1 8918 5528 21.7999992370605
1 8980 5455 22.0499992370605
1 9000 5531 20.8999996185303
1 8954 4193 25.5499992370605
1 8937 5235 17.3999996185303
1 8982 4598 23.9500007629395
1 9008 3796 24.6499996185303
1 8922 5562 17.9500007629395
1 8941 4631 19.2000007629395
1 8934 5141 21.0499992370605
1 8931 5089 24.3999996185303
1 9002 5063 20.1000003814697
1 8956 4258 25.1000003814697
1 8924 5636 26.2999992370605
1 8936 5226 18.0499992370605
1 8933 5137 22.8500003814697
1 8912 5496 21.6499996185303
1 8946 4418 36.5
1 8947 4456 21.5499992370605
1 8971 2787 21.25
1 9009 3571 25.2000007629395
1 8915 5520 20.3999996185303
1 8935 5150 20.5
1 8908 5447 21.2999992370605
1 8962 3564 20.7000007629395
1 8917 5526 23.5499992370605
1 8921 5552 18.6000003814697
1 8939 5107 19.7000007629395
1 8925 5622 30
1 8910 5490 21.2000007629395
1 8953 4395 26.6000003814697
1 8960 3559 20
1 8913 5501 19.75
1 8911 5491 21.5
1 8903 5421 19.5
1 8940 4575 20.3999996185303
1 8930 5086 36
1 8928 5555 20.6000003814697
1 8916 5525 18.3999996185303
1 8948 4454 25.6499996185303
1 8907 5444 19.8999996185303
1 8923 5662 18.7999992370605
1 8949 4459 22.1000003814697
1 8981 5060 22.4500007629395
1 8927 5483 18.75
1 9190 3420 23.9500007629395
1 9175 5751 19.3500003814697
1 9139 4468 17.6499996185303
1 9142 4193 27.7999992370605
1 9184 5232 20.7000007629395
1 9199 5543 20.6000003814697
1 9246 3533 25.5499992370605
1 9200 5626 17.6000003814697
1 9126 5097 29.3999996185303
1 9242 5250 23.2999992370605
1 9149 3280 25.7000007629395
1 9228 5433 21.7000007629395
1 9140 4465 31.2000007629395
1 9188 4223 24.4500007629395
1 9123 5535 21.3999996185303
1 9231 5476 31.0499992370605
1 9141 4395 24.1000003814697
1 9240 4628 22.6000003814697
1 9111 5768 31.5
1 9230 5467 32.9000015258789
1 9241 4410 22
1 9198 5516 24.2999992370605
1 9227 5422 36.5
1 9124 5084 20.8500003814697
1 9244 4004 23.2999992370605
1 9145 3490 25.0499992370605
1 9183 5121 19.6499996185303
1 9113 5444 22.2000007629395
1 9237 5144 21.3500003814697
1 9143 3564 21
1 9117 5520 21.4500007629395
1 9118 5525 19.7999992370605
1 9128 5150 22.8999996185303
1 9120 5531 20.3999996185303
1 9144 3567 21.25
1 9114 5466 19.6499996185303
1 9119 5528 24.3999996185303
1 9178 5439 22.7999992370605
1 9196 5427 21.3500003814697
1 9127 5137 24.2999992370605
1 9229 5458 26.6499996185303
1 9146 3268 25.25
1 9185 5141 22.7000007629395
1 9181 5421 19.2000007629395
1 9182 5089 23.8500003814697
1 9186 4359 23.3500003814697
1 9147 3255 28.3999996185303
1 9197 5515 27.5
1 9243 4420 21.1000003814697
1 9174 5741 20.3500003814697
1 9138 4459 23.1499996185303
1 9239 5326 22.4500007629395
1 9236 5085 32.0999984741211
1 9137 4454 25.7000007629395
1 9115 5480 36.5999984741211
1 9235 5604 21.1499996185303
1 9148 3326 22.4500007629395
1 9150 2868 22.3500003814697
1 9112 5442 37.9000015258789
1 9135 4407 23
1 9116 5501 18.8999996185303
1 9179 5486 23.0499992370605
1 9131 4575 20.5
1 9121 5555 21.8500003814697
1 9187 4461 38
1 9189 4051 15.8500003814697
1 9238 5152 22.1000003814697
1 9136 4418 36.4500007629395
1 9201 5616 27.25
1 9125 5086 35.2999992370605
1 9122 5510 23.8999996185303
1 9133 4386 21.2000007629395
1 9130 5107 21.8500003814697
1 9233 5513 33.9000015258789
1 9234 5561 31.75
1 9232 5491 21.3999996185303
1 9132 4636 30.5499992370605
1 9202 5063 21.6000003814697
1 9245 3552 22.1499996185303
1 9129 5235 19.1499996185303
1 9180 5490 22.8999996185303
1 9633 5439 22.2999992370605
1 9679 3259 25.7000007629395
1 9616 5443 23
1 9754 5456 24.1000003814697
1 9666 4398 27.3999996185303
1 9803 5426 37
1 9759 5593 24
1 9609 6196 19.7999992370605
1 9651 5127 17.8999996185303
1 9662 4631 19.7999992370605
1 9652 5137 25.1000003814697
1 9800 6193 21.3999996185303
1 9602 6168 19.5
1 9672 4395 25.1000003814697
1 9669 4468 17.3999996185303
1 9765 5455 22
1 9601 6164 20.7999992370605
1 9778 3796 24.7999992370605
1 9753 5762 25.1000003814697
1 9678 3564 20.1000003814697
1 9667 4407 23.2000007629395
1 9748 6136 20.2000007629395
1 9772 5103 20.6000003814697
1 9779 3431 27.5
1 9675 4258 23.7999992370605
1 9598 6155 18.7000007629395
1 9802 5420 42.2999992370605
1 9804 5505 23.8999996185303
1 9654 5232 22.3999996185303
1 9768 5094 21.7000007629395
1 9596 6150 20.6000003814697
1 9617 5444 22.7999992370605
1 9663 4636 31.2999992370605
1 9636 5531 21.8999996185303
1 9595 6145 22
1 9635 5543 21.7000007629395
1 9806 5556 35.4000015258789
1 9661 4575 21
1 9639 5510 24.7999992370605
1 9630 5652 24.7000007629395
1 9769 5130 23.7000007629395
1 9653 5146 28.1000003814697
1 9624 5526 25.3999996185303
1 9811 4470 18
1 9668 4454 26.2000007629395
1 9621 5495 26.2000007629395
1 9677 4193 25.7999992370605
1 9670 4465 30.7999992370605
1 9745 6099 20.6000003814697
1 9610 5741 21.2000007629395
1 9807 5144 21.8999996185303
1 9764 5433 21.8999996185303
1 9813 3659 24.8999996185303
1 9643 5069 37.2999992370605
1 9740 6082 24.7999992370605
1 9773 4404 22.5
1 9665 4335 22.3999996185303
1 9645 5086 37
1 9746 6127 21.2000007629395
1 9758 5514 22
1 9770 5242 20.3999996185303
1 9656 5248 19
1 9750 6186 16.7999992370605
1 9642 5525 19.6000003814697
1 9631 5631 25
1 9659 5150 21.6000003814697
1 9776 4241 24.2000007629395
1 9749 6147 21.3999996185303
1 9657 5107 21
1 9755 5459 24.3999996185303
1 9751 6195 29.2000007629395
1 9638 5421 21.1000003814697
1 9676 4316 18.7000007629395
1 9611 5768 37.0999984741211
1 9650 5125 20.8999996185303
1 9761 5648 33.2000007629395
1 9757 5506 19.3999996185303
1 9637 5555 22.5
1 9618 5447 24.7999992370605
1 9660 5089 24.8999996185303
1 9613 6302 28.2999992370605
1 9623 5520 21.7999992370605
1 9774 4361 24.2000007629395
1 9810 5250 24.3999996185303
1 9626 5530 22.6000003814697
1 9614 5431 22.3999996185303
1 9763 5589 20.8999996185303
1 9812 4472 18.6000003814697
1 9593 6118 20.1000003814697
1 9644 5084 21.6000003814697
1 9647 5111 21.5
1 9658 5141 21.8999996185303
1 9873 3567 14.1999998092651
1 9606 6171 22.1000003814697
1 9641 5547 21
1 9612 5891 19.6000003814697
1 9629 5632 23.7999992370605
1 9809 4410 23.8999996185303
1 9762 5606 22.2000007629395
1 9752 5759 22.6000003814697
1 9744 6086 22
1 9664 5326 23.1000003814697
1 9615 5442 39
1 9632 5486 25.2999992370605
1 9627 5542 21.1000003814697
1 9801 6528 18.5
1 9608 6189 18.3999996185303
1 9817 4461 41.7999992370605
1 9591 6100 23.2000007629395
1 9592 6116 25.2999992370605
1 9777 3662 19.6000003814697
1 9655 5235 19.3999996185303
1 9646 5100 23.7000007629395
1 9620 5490 22.8999996185303
1 9607 6176 21.5
1 9681 3280 23.7000007629395
1 9799 6089 23.6000003814697
1 9649 5121 20.7999992370605
1 9640 5535 21.7999992370605
1 9634 5626 18
1 9671 4473 23.7999992370605
1 9619 5466 20.2000007629395
1 9625 5528 25.1000003814697
1 9808 5152 23.1000003814697
1 9814 3571 23.7000007629395
1 9594 6124 18.3999996185303
1 9674 4359 23.7999992370605
1 9628 5636 33
1 9743 6084 19.3999996185303
1 9766 5460 22.2999992370605
1 9680 3255 24.3999996185303
1 9673 4418 36.9000015258789
1 9756 5469 22.1000003814697
1 9622 5501 18.8999996185303
1 9767 5076 23.7999992370605
1 9599 6159 19.6000003814697
1 9805 5552 21.5
1 9775 4456 20.5
1 9597 6151 21.2999992370605
1 10043 6155 21.7999992370605
1 10260 6435 21
1 10145 5421 22
1 10282 4190 25.2000007629395
1 10078 4575 21.2000007629395
1 10044 6159 21
1 10258 6362 22.7999992370605
1 10087 4359 22.7000007629395
1 10080 4335 21.7999992370605
1 10083 4465 28.2000007629395
1 10148 5084 23.3999996185303
1 10155 4468 18.3999996185303
1 10198 6147 20.8999996185303
1 10035 6411 26.7999992370605
1 10151 5146 25.7999992370605
1 10279 4628 24.1000003814697
1 10262 6779 21.2999992370605
1 10093 3420 22.5
1 10084 4361 24.5
1 10265 6145 25.2999992370605
1 10270 5486 25.7000007629395
1 10257 6342 16
1 10042 6124 19.2000007629395
1 10269 5631 24.7999992370605
1 10199 5094 24.3999996185303
1 10266 5430 24.2000007629395
1 10277 5152 22.7999992370605
1 10086 4395 22.3999996185303
1 10149 5086 38.5
1 10154 4454 27.5
1 10140 5636 36.9000015258789
1 10275 5122 21.2000007629395
1 10090 4193 27.6000003814697
1 10061 5525 20.8999996185303
1 10137 6302 34
1 10051 5490 24.2000007629395
1 10152 5248 21
1 10058 5427 19.7000007629395
1 10091 3662 17.7999992370605
1 10069 5069 37.7000007629395
1 10280 4399 24.7000007629395
1 10041 6084 19.7000007629395
1 10050 5444 23.3999996185303
1 10064 5495 24.2999992370605
1 10139 5466 21.2000007629395
1 10073 5107 21.7999992370605
1 10268 5595 27.1000003814697
1 10129 6333 23.1000003814697
1 10036 6414 18.8999996185303
1 10195 6354 22
1 10045 6189 21.7000007629395
1 10194 6345 29.7000007629395
1 10070 5119 21
1 10138 5751 23.2000007629395
1 10033 6348 20.2000007629395
1 10055 5662 22.2999992370605
1 10071 5121 21.8999996185303
1 10153 4636 33.9000015258789
1 10200 5485 21
1 10072 5125 21.2000007629395
1 10038 6452 21.1000003814697
1 10054 5542 21.5
1 10271 5433 23.6000003814697
1 10057 5515 30.6000003814697
1 10263 6118 21.3999996185303
1 10156 4418 38.0999984741211
1 10062 5544 29.1000003814697
1 10261 6455 22.1000003814697
1 10082 4410 24
1 10259 6369 23.5
1 10274 5100 25.2000007629395
1 10272 5505 23.2000007629395
1 10040 6479 28.7000007629395
1 10131 6451 26
1 10143 5555 23.6000003814697
1 10076 5089 25.1000003814697
1 10081 4407 22.2000007629395
1 10085 4420 21.1000003814697
1 10146 5510 26
1 10276 5144 21.7999992370605
1 10079 4598 25.8999996185303
1 10264 6193 21.7999992370605
1 10032 6332 27
1 10196 6536 25.7000007629395
1 10063 5530 22.6000003814697
1 10056 5616 30.8999996185303
1 10092 3564 18.3999996185303
1 10142 5531 22.5
1 10273 5648 26.3999996185303
1 10136 5768 42.2000007629395
1 10037 6441 19
1 10141 5604 21.2999992370605
1 10052 5496 30.6000003814697
1 10053 5520 23.1000003814697
1 10067 5528 26.8999996185303
1 10075 5150 23.3999996185303
1 10158 3255 18.8999996185303
1 10089 4316 21.2999992370605
1 10281 5250 22.3999996185303
1 10267 5562 20.5
1 10130 6408 21
1 10059 5506 20.3999996185303
1 10047 6127 23.2000007629395
1 10077 5063 20.3999996185303
1 10135 6196 21.2999992370605
1 10039 6463 26.5
1 10134 6150 21.8999996185303
1 10066 5501 19.3999996185303
1 10147 5535 22.2000007629395
1 10157 4258 24.8999996185303
1 10133 6116 34.0999984741211
1 10150 5137 26.2000007629395
1 10132 6486 33.4000015258789
1 10088 4313 22.8999996185303
1 10074 5141 24.2000007629395
1 10049 5442 39.7999992370605
1 10048 5741 21.7000007629395
1 10060 5469 21.7999992370605
1 10197 6125 22
1 10034 6406 20.7999992370605
1 10548 5427 20.8999996185303
1 10522 6722 32.0999984741211
1 10745 4190 23
1 10570 4395 22.5
1 10565 4636 33.2999992370605
1 10572 4258 25.1000003814697
1 10564 4631 19.2999992370605
1 10562 5119 21
1 10557 5528 27.1000003814697
1 10651 5084 22.7999992370605
1 10737 5496 32
1 10513 6617 22.1000003814697
1 10741 5431 24.2000007629395
1 10567 4407 22.8999996185303
1 10629 6646 22
1 10542 5442 42.7000007629395
1 10571 4418 37.5
1 10644 5439 21.7000007629395
1 10654 4398 27.7999992370605
1 10555 5525 22.3999996185303
1 10736 5648 25.7999992370605
1 10723 6100 25.7999992370605
1 10560 5107 22.2000007629395
1 10553 5535 21.2999992370605
1 10532 6486 37.7000007629395
1 10552 5510 25.3999996185303
1 10568 4410 22.7999992370605
1 10655 4465 31.6000003814697
1 10742 5133 23.5
1 10630 6690 21.2000007629395
1 10628 6644 22.3999996185303
1 10652 5111 23.2999992370605
1 10445 5103 21
1 10729 5741 22
1 10446 4359 23.5
1 10639 6479 32.5
1 10731 5562 21.5
1 10512 6616 31.2999992370605
1 10728 5751 22.7000007629395
1 10657 4456 21
1 10569 4454 28.2000007629395
1 10440 6689 26.5
1 10658 4238 19.8999996185303
1 10535 6124 20.6000003814697
1 10659 4193 26.8999996185303
1 10734 5433 22.2000007629395
1 10722 6455 22.5
1 10635 6362 22.2999992370605
1 10515 6679 20.6000003814697
1 10633 6725 22.2999992370605
1 10531 6463 33.4000015258789
1 10525 6332 34.2999992370605
1 10520 6718 19.7999992370605
1 10545 5484 27.8999996185303
1 10442 5542 21.1000003814697
1 10563 4575 20.7999992370605
1 10656 4473 22.6000003814697
1 10551 5555 24.2000007629395
1 10660 4004 22.6000003814697
1 10559 5137 25.7999992370605
1 10541 6302 33.0999984741211
1 10650 5069 39.5999984741211
1 10641 6150 23
1 10631 6721 31.8999996185303
1 10724 6125 23.2000007629395
1 10715 6609 18.5
1 10510 6599 30
1 10642 6168 22
1 10744 5242 18.7999992370605
1 10621 6565 33.9000015258789
1 10649 5495 27.7000007629395
1 10622 6567 26.6000003814697
1 10721 6435 21.6000003814697
1 10646 5631 23.8999996185303
1 10632 6723 20.1000003814697
1 10648 5652 25.2000007629395
1 10717 6674 19.1000003814697
1 10638 6459 21.2000007629395
1 10544 5480 43.5999984741211
1 10443 5476 34.9000015258789
1 10530 6451 32.2999992370605
1 10573 4316 20
1 10566 4335 20.3999996185303
1 10524 6726 20.1000003814697
1 10645 5626 20
1 10540 5768 42.7000007629395
1 10550 5490 25.2999992370605
1 10561 5150 23.5
1 10627 6625 20.2999992370605
1 10712 6593 17.8999996185303
1 10732 5604 22
1 10536 6155 22.8999996185303
1 10514 6633 33.0999984741211
1 10653 5130 25.2999992370605
1 10713 6605 18.6000003814697
1 10526 6333 31.1000003814697
1 10739 5421 19.7000007629395
1 10733 5589 19.5
1 10516 6682 19.2999992370605
1 10720 6338 22.2000007629395
1 10719 6730 23.5
1 10714 6608 25.2000007629395
1 10743 5232 21.5
1 10625 6588 20.2999992370605
1 10574 4313 24
1 10636 6441 21.2000007629395
1 10738 5430 22.7999992370605
1 10740 5530 22
1 10546 5520 23.7000007629395
1 10529 6411 32.7000007629395
1 10727 6145 24.2999992370605
1 10543 5466 21.5
1 10725 6136 22.2000007629395
1 10735 5447 24.2999992370605
1 10626 6591 27.5
1 10527 6345 33.2999992370605
1 10539 6196 21.6000003814697
1 10634 6342 17.5
1 10528 6348 20.7999992370605
1 10643 5632 26.2000007629395
1 10624 6583 22
1 10547 5636 37.0999984741211
1 10549 5444 22.2000007629395
1 10558 5132 37.5999984741211
1 10726 6186 20.2999992370605
1 10511 6615 20.6000003814697
1 10647 5531 23.2999992370605
1 10637 6452 24.2000007629395
1 10441 6701 28.5
1 10519 6697 24.1000003814697
1 10537 6176 23.2999992370605
1 10534 6116 37.2999992370605
1 10623 6577 33.7999992370605
1 10523 6724 19.6000003814697
1 10521 6719 29.7000007629395
1 10517 6694 24.8999996185303
1 10533 6536 29.2000007629395
1 10730 5485 20.8999996185303
1 10518 6695 15.6999998092651
1 10716 6666 19.2999992370605
1 10718 6680 21.7000007629395
1 10538 6189 22
1 10640 6406 21.7000007629395
1 10444 5144 22.2999992370605
1 10556 5501 21.2000007629395
1 11221 6969 19.7000007629395
1 11043 6907 19
1 10972 6680 21.6000003814697
1 11056 6408 22.8999996185303
1 11267 6451 34.4000015258789
1 10968 6916 22.8999996185303
1 11275 6151 24
1 10975 5741 21.7000007629395
1 11101 5597 21.5
1 11100 6099 21.7000007629395
1 11261 6332 33.2999992370605
1 11247 6678 21.3999996185303
1 11239 6615 21
1 11270 6479 31.5
1 10980 5662 23.7999992370605
1 10984 4193 25.5
1 11208 6929 17.1000003814697
1 11326 6406 22.8999996185303
1 11238 6605 19
1 11058 6089 25.2000007629395
1 11052 6666 19.7000007629395
1 11060 5648 26.3999996185303
1 11317 4407 19.6000003814697
1 11098 6331 21.2000007629395
1 11050 6609 17.5
1 11273 6116 34.5
1 11297 5510 26.2999992370605
1 11295 5444 22.6000003814697
1 11096 7056 19.2999992370605
1 11199 6868 26.8999996185303
1 11264 6411 34
1 11210 6935 23.3999996185303
1 10967 6900 18.1000003814697
1 11307 5069 34.4000015258789
1 11318 4454 28.7000007629395
1 10974 6100 25.8999996185303
1 11250 6690 20.7000007629395
1 11256 6722 33.2999992370605
1 11093 6841 18.2000007629395
1 11201 6886 27.6000003814697
1 11313 5107 20.8999996185303
1 11213 6937 17.7000007629395
1 11095 6981 29
1 11241 6617 22.2000007629395
1 11205 6915 21.8999996185303
1 11046 7039 23
1 11262 6333 31.2999992370605
1 11248 6679 20.5
1 11198 6834 19.6000003814697
1 11276 6155 22.2000007629395
1 11219 6957 21.1000003814697
1 11203 6909 17.8999996185303
1 11226 6990 20.7000007629395
1 11055 6776 20
1 11293 5636 33.5
1 11268 6463 33.2000007629395
1 11228 7045 25.8999996185303
1 11229 7048 32.0999984741211
1 11200 6869 29.1000003814697
1 11231 7051 21.7999992370605
1 11217 6945 22.7000007629395
1 10978 5506 21
1 11258 6724 19.7000007629395
1 11300 5525 21.3999996185303
1 11309 5127 17.6000003814697
1 11292 5526 24.1000003814697
1 11301 5652 26
1 11271 6486 40.2999992370605
1 11092 6831 18.5
1 11303 5530 21.7000007629395
1 11044 6933 29.3999996185303
1 11218 6948 20.2999992370605
1 10971 6654 18.3999996185303
1 11278 6168 21.6000003814697
1 11202 6898 24.7999992370605
1 11222 6971 17.3999996185303
1 11260 6682 20.2999992370605
1 11224 6972 20.3999996185303
1 11249 6683 16.1000003814697
1 11039 6838 20.7000007629395
1 11266 6441 19.7999992370605
1 11097 6691 21.1000003814697
1 11059 6136 22.2999992370605
1 11298 5535 20.5
1 11282 6176 22.7999992370605
1 10983 4465 31
1 11103 5276 21.8999996185303
1 10976 5486 24.8999996185303
1 11291 5520 22.3999996185303
1 11246 6663 22.7999992370605
1 11232 7095 33.4000015258789
1 11240 6616 33
1 11064 5917 23.1000003814697
1 11319 4395 23.2000007629395
1 11215 6943 19.7999992370605
1 10982 5421 20.1000003814697
1 11094 6866 21.2999992370605
1 11254 6719 28.7000007629395
1 11042 6892 20.1000003814697
1 11281 6196 22.8999996185303
1 11230 7050 24.6000003814697
1 11048 7063 20.2000007629395
1 11255 6721 35.4000015258789
1 11320 4418 32.5999984741211
1 11284 5768 38.0999984741211
1 11286 6302 23.5
1 11314 4575 21.8999996185303
1 11204 6910 20.2999992370605
1 11045 6979 19.3999996185303
1 11259 6725 21.6000003814697
1 11306 5528 24
1 11049 6593 18.6000003814697
1 11290 5466 19.2999992370605
1 11263 6348 19.6000003814697
1 11102 5242 18.8999996185303
1 11211 6936 21
1 11315 4631 19.7000007629395
1 11265 6425 21.7999992370605
1 11310 5248 17.8999996185303
1 11299 5547 23.3999996185303
1 11287 5751 21.8999996185303
1 11274 6150 22.3999996185303
1 11251 6694 24
1 10981 5562 20.3999996185303
1 11305 5501 22
1 11235 6583 21.8999996185303
1 11245 6644 21.8999996185303
1 11242 6620 32
1 11061 5505 21.7000007629395
1 11316 4636 31.6000003814697
1 11312 5150 18.2000007629395
1 11206 6927 18.2999992370605
1 10977 5427 20.2000007629395
1 11296 5490 24.1000003814697
1 11053 6674 18.2999992370605
1 11062 5631 21.8999996185303
1 11277 6171 23.7999992370605
1 11225 6982 21.5
1 11236 6599 31.3999996185303
1 11311 5137 24.2000007629395
1 11304 5495 27.3999996185303
1 11233 6565 35.5
1 10973 6726 21.7000007629395
1 11057 6435 22
1 11209 6930 18.3999996185303
1 11302 5531 21.7000007629395
1 11220 6958 19.1000003814697
1 11099 6354 24.2000007629395
1 11288 5442 39.9000015258789
1 11234 6577 35.2000007629395
1 11063 5144 22.2000007629395
1 11257 6723 20.6000003814697
1 11051 6646 23
1 11244 6633 35.0999984741211
1 11040 6860 21.6000003814697
1 11285 5891 20
1 11289 5443 23.7999992370605
1 11280 6189 21.2999992370605
1 11243 6625 19.8999996185303
1 11308 5121 21.7000007629395
1 11283 6124 18.8999996185303
1 11253 6718 18.3999996185303
1 11041 6888 30.1000003814697
1 11065 4410 22.6000003814697
1 11207 6928 18.8999996185303
1 11054 6729 32.0999984741211
1 10969 6967 25.2000007629395
1 11252 6715 18.3999996185303
1 10966 6827 20.1000003814697
1 11294 5543 20.1000003814697
1 10979 5496 32
1 11227 7043 16.2000007629395
1 11279 6159 20.2999992370605
1 10970 6608 26.5
1 11214 6938 19.5
1 11691 6722 36.5
1 11847 6776 19.8999996185303
1 11685 6646 23.2999992370605
1 11828 6829 20.2000007629395
1 11774 6680 21.7999992370605
1 11647 7241 19.5
1 11851 6193 21.2999992370605
1 11739 4465 31.3999996185303
1 11824 7245 18.7000007629395
1 11761 7199 31.5
1 11723 5443 22.1000003814697
1 11672 6972 20.5
1 11687 6683 17.8999996185303
1 11718 5444 22.8999996185303
1 11737 5107 20.6000003814697
1 11657 6868 27.8999996185303
1 11699 6332 34.0999984741211
1 11731 5501 23.5
1 11818 7115 22.7000007629395
1 11855 5505 21.2999992370605
1 11650 7172 18.7999992370605
1 11727 5531 22
1 11832 6874 21.2999992370605
1 11722 5510 24.7000007629395
1 11741 4193 24.6000003814697
1 11735 5137 23.7999992370605
1 11717 5491 21.8999996185303
1 11856 5420 42
1 11833 6884 31.7000007629395
1 11831 6867 21.8999996185303
1 11659 6886 30.8999996185303
1 11636 7134 27.7999992370605
1 11730 5431 24.6000003814697
1 11709 6168 21.7999992370605
1 11738 4631 20
1 11719 5496 31.2999992370605
1 11760 7158 26
1 11720 5662 23.5
1 11696 6663 25.7999992370605
1 11661 6909 18.2000007629395
1 11841 6609 17.3999996185303
1 11664 6928 18.2000007629395
1 11707 6150 22.8999996185303
1 11715 5751 21.7999992370605
1 11637 7156 31.1000003814697
1 11762 7213 19.2000007629395
1 11667 6937 18.5
1 11654 7262 20.7000007629395
1 11642 7205 22.5
1 11852 5422 36.4000015258789
1 11771 7095 39.7000007629395
1 11734 5127 17.2000007629395
1 11777 6770 21.2000007629395
1 11688 6718 18.7000007629395
1 11684 6644 22.1000003814697
1 11666 6930 20.2000007629395
1 11780 6463 32.5999984741211
1 11651 7173 24.7000007629395
1 11677 7046 17.2000007629395
1 11689 6719 29.7999992370605
1 11674 7050 27.1000003814697
1 11712 6151 23.3999996185303
1 11768 6957 29.2000007629395
1 11857 5133 22.7999992370605
1 11658 6869 33.0999984741211
1 11639 7194 22.1000003814697
1 11779 6608 26.7000007629395
1 11773 6599 35
1 11830 6866 22.7999992370605
1 11662 6910 21.6000003814697
1 11640 7198 20.8999996185303
1 11710 6159 20
1 11638 7157 20.1000003814697
1 11765 6935 27.7000007629395
1 11729 5495 27.7000007629395
1 11854 5593 23.6000003814697
1 11660 6898 28.3999996185303
1 11713 6124 19.3999996185303
1 11681 6616 35.0999984741211
1 11725 5486 26.2000007629395
1 11701 6408 22.1000003814697
1 11836 6979 19.2000007629395
1 11822 7223 22.8999996185303
1 11653 7261 21.7000007629395
1 11702 6451 29.7999992370605
1 11844 6692 19
1 11670 6967 24.8999996185303
1 11673 7043 18
1 11668 6938 20.1000003814697
1 11683 6620 34.5
1 11825 7339 31
1 11671 6969 21.6000003814697
1 11690 6721 39.4000015258789
1 11726 5525 18.3999996185303
1 11767 6939 18.6000003814697
1 11732 5528 27.1000003814697
1 11840 6593 18.6000003814697
1 11663 6927 19.5
1 11781 6486 40.2000007629395
1 11823 7227 18.1000003814697
1 11837 6831 17.2999992370605
1 11778 6605 19.6000003814697
1 11721 5490 24
1 11703 6479 34.0999984741211
1 11679 6565 33.7000007629395
1 11829 6833 20
1 11845 6713 18.5
1 11708 6155 20.7000007629395
1 11643 7206 18.8999996185303
1 11827 7257 20
1 11843 6691 22.5
1 11704 6441 21.1000003814697
1 11697 6723 22.5
1 11772 6577 38.5
1 11766 6936 25.6000003814697
1 11680 6615 20.2999992370605
1 11700 6348 20.5
1 11693 6730 22.5
1 11655 7267 21.6000003814697
1 11675 6971 17.2999992370605
1 11692 6724 20.7000007629395
1 11846 6717 22.2999992370605
1 11698 6625 20.7999992370605
1 11770 7045 32
1 11733 5094 19.1000003814697
1 11842 6675 28.5
1 11706 6116 35.7000007629395
1 11641 7201 18
1 11686 6679 21.5
1 11850 6086 23.3999996185303
1 11665 6929 19.1000003814697
1 11764 6834 20.2999992370605
1 11834 6920 19.7000007629395
1 11645 7215 20.8999996185303
1 11838 6585 21.2000007629395
1 11694 6682 21.5
1 11839 6591 30.5
1 11740 4361 24
1 11716 5520 23.1000003814697
1 11644 7209 28
1 11835 6962 22.5
1 11759 7140 21.2000007629395
1 11769 6982 21.5
1 11849 6452 24
1 11819 7124 18.8999996185303
1 11646 7230 17.7000007629395
1 11820 7125 26.2999992370605
1 11848 6455 24.2999992370605
1 11853 5468 31.2999992370605
1 11649 7163 22.2000007629395
1 11763 7216 26.3999996185303
1 11652 7260 22
1 11821 7137 28.1000003814697
1 11826 7193 27.6000003814697
1 11669 6948 20.7999992370605
1 11714 5768 36.9000015258789
1 11775 6694 26.7999992370605
1 11711 6189 21.1000003814697
1 11676 6916 24.3999996185303
1 11682 6617 21.8999996185303
1 11728 5530 21.3999996185303
1 11656 6859 23.8999996185303
1 11695 6588 21.8999996185303
1 12425 7472 21.3999996185303
1 12479 5490 24.5
1 12424 7454 21.1000003814697
1 12549 6857 22.2999992370605
1 12544 7455 19.7999992370605
1 12457 6969 23.7000007629395
1 12513 6834 21.7000007629395
1 12481 5528 26.6000003814697
1 12432 7574 17.7000007629395
1 12530 5547 23.3999996185303
1 12517 6680 21.8999996185303
1 12474 6155 22.1000003814697
1 12502 7144 18.8999996185303
1 12470 6348 21.6000003814697
1 12531 5495 27
1 12446 7267 23.8999996185303
1 12463 6678 22
1 12431 7575 21.7999992370605
1 12500 8467 27.8999996185303
1 12519 6721 40.5
1 12511 7095 39.9000015258789
1 12547 7142 22.3999996185303
1 12435 7232 25.2000007629395
1 12450 6948 22.7000007629395
1 12510 7045 32.9000015258789
1 12468 6625 22.3999996185303
1 12429 7560 22.3999996185303
1 12533 4193 23.5
1 12529 5662 23.2000007629395
1 12528 5526 26
1 12545 7590 22.2999992370605
1 12552 6435 22.7999992370605
1 12461 6617 22.6000003814697
1 12466 6682 21.6000003814697
1 12518 6690 21.2999992370605
1 12444 7256 35
1 12478 5520 24.7000007629395
1 12449 6945 23.6000003814697
1 12447 6930 24.5
1 12454 7051 22.5
1 12428 7542 22.2000007629395
1 12458 6599 34
1 12445 7261 26.3999996185303
1 12471 6409 20.7000007629395
1 12453 6986 24.7000007629395
1 12532 4465 29.2999992370605
1 12426 7476 21.3999996185303
1 12515 6957 31.3999996185303
1 12441 7230 21.2000007629395
1 12523 6408 22.8999996185303
1 12504 7216 30.2999992370605
1 12501 7482 31.1000003814697
1 12455 6927 20.5
1 12438 7198 22.8999996185303
1 12551 6979 21.6000003814697
1 12465 6724 23
1 12482 4636 30.5
1 12550 6911 25.2999992370605
1 12430 7565 24.3999996185303
1 12524 6145 27.1000003814697
1 12448 6938 20.6000003814697
1 12472 6479 33.7999992370605
1 12469 6644 24.1000003814697
1 12507 6939 22.2000007629395
1 12451 7043 19.7999992370605
1 12506 6936 27.1000003814697
1 12527 5442 40.5999984741211
1 12521 6725 22.2999992370605
1 12525 5751 24.6000003814697
1 12548 7159 20.5
1 12477 6151 24.3999996185303
1 12509 6990 24
1 12437 7157 22.2999992370605
1 12473 6406 22.2000007629395
1 12520 6723 22.2999992370605
1 12427 7492 27
1 12516 6583 23.3999996185303
1 12464 6679 22.8999996185303
1 12433 7576 21.7999992370605
1 12476 6176 24.7000007629395
1 12443 7173 30.8999996185303
1 12522 6605 20.1000003814697
1 12452 6958 21.1000003814697
1 12508 6967 27.1000003814697
1 12459 6615 21.8999996185303
1 12505 6869 35.4000015258789
1 12439 7205 24.3999996185303
1 12440 7206 21.2999992370605
1 12456 6929 19.8999996185303
1 12480 5501 24.2999992370605
1 12442 7172 22.6000003814697
1 12546 7118 25.5
1 12460 6616 38.0999984741211
1 12436 7134 33.2000007629395
1 12475 6196 21.2999992370605
1 12434 7185 22.6000003814697
1 12503 7201 19.3999996185303
1 12828 8506 24.5499992370605
1 12845 6857 22
1 12786 7051 24
1 12701 6617 24.5499992370605
1 12703 6682 22.3500003814697
1 12711 4636 31.3500003814697
1 12789 6721 38.3499984741211
1 12767 7575 23.2999992370605
1 12688 7261 26.5499992370605
1 12880 6943 22.7999992370605
1 12678 7574 19.0499992370605
1 12846 6874 23.1499996185303
1 12851 6777 24.75
1 12680 7454 24.3999996185303
1 12708 5490 25.2999992370605
1 12853 6127 24.7999992370605
1 12777 6869 34.7999992370605
1 12766 7486 21.75
1 12768 7472 21.25
1 12784 6945 25.1499996185303
1 12710 5528 25.6499996185303
1 12788 6577 38.75
1 12783 6948 24.2000007629395
1 12691 6930 23.5
1 12796 6332 34.5499992370605
1 12683 7198 21.7000007629395
1 12844 6827 23.6000003814697
1 12790 6722 37.75
1 12700 6616 38.4500007629395
1 12879 6911 24.6000003814697
1 12772 7157 23.25
1 12709 5501 25.6000003814697
1 12774 7205 26.5499992370605
1 12787 6565 36.1500015258789
1 12797 6406 25.75
1 12779 7050 35
1 12795 6724 23.8999996185303
1 12884 7055 23.1000003814697
1 12793 6644 24.4500007629395
1 12852 6776 22.0499992370605
1 12706 5442 35.2000007629395
1 12764 8362 18.2999992370605
1 12682 7134 37.5499992370605
1 12881 6691 22.6000003814697
1 12698 6599 35.9500007629395
1 12775 7213 23.0499992370605
1 12781 6929 20.7000007629395
1 12782 6986 25.8500003814697
1 12776 7256 38.5
1 12794 6679 24.4500007629395
1 12882 6408 24.5
1 12686 7173 36.5
1 12702 6608 27.1499996185303
1 12694 6969 24.2000007629395
1 12765 7459 22.1499996185303
1 12791 6723 25
1 12676 7542 25
1 12848 6831 20.2000007629395
1 12684 7230 21.3999996185303
1 12696 6834 20.75
1 12773 7194 25.4500007629395
1 12850 6866 23.1000003814697
1 12699 6615 21.25
1 12877 7485 23.7000007629395
1 12771 7232 26.5499992370605
1 12695 6937 20.5499992370605
1 12878 7133 24.5
1 12687 7267 23.9500007629395
1 12681 7185 24.2999992370605
1 12674 8508 31.25
1 12770 7565 28.3999996185303
1 12690 7159 21
1 12778 6967 27.6000003814697
1 12849 6900 23.2999992370605
1 12842 7593 19.2000007629395
1 12762 8240 19.8999996185303
1 12799 5526 24.9500007629395
1 12697 6990 23.3500003814697
1 12792 6625 22.0499992370605
1 12707 5520 25
1 12705 6479 35.1500015258789
1 12769 7476 22.9500007629395
1 12827 8358 20.5
1 12692 7043 21.1499996185303
1 12675 7492 33.2000007629395
1 12843 7257 23.7000007629395
1 12677 7560 23.0499992370605
1 12798 6196 22.4500007629395
1 12800 4465 27.3999996185303
1 12763 8258 19.75
1 12847 6860 25.6000003814697
1 12673 8327 20.0499992370605
1 12854 5594 26.2999992370605
1 12693 6916 25.0499992370605
1 12704 6348 21.75
1 12785 6938 22.1499996185303
1 12679 7576 23.7900009155273
1 12685 7172 23.6000003814697
1 13407 6679 24.9500007629395
1 13393 7576 22.2999992370605
1 13541 7593 20.7999992370605
1 13549 7133 24.8999996185303
1 13556 6831 20.6000003814697
1 13561 6577 40.75
1 13566 6722 38.5499992370605
1 13303 8807 17.8500003814697
1 13542 7459 21.3999996185303
1 13310 8327 20.2999992370605
1 13499 7700 22.7000007629395
1 13553 6874 20.4500007629395
1 13313 7575 22.8500003814697
1 13403 6929 20.1499996185303
1 13343 6726 24.7999992370605
1 13294 8730 19.2999992370605
1 13316 7576 22.7000007629395
1 13437 8714 18.8500003814697
1 13540 7458 22.1499996185303
1 13330 6936 27.2999992370605
1 13352 5495 24.4500007629395
1 13452 6930 24.5
1 13500 6979 22.2000007629395
1 13448 7542 24.1499996185303
1 13453 6939 20.3999996185303
1 13570 5547 23.7000007629395
1 13445 8809 27.5499992370605
1 13297 8780 22.7999992370605
1 13319 7565 26.3999996185303
1 13305 8812 23.7999992370605
1 13406 6616 39.4500007629395
1 13442 8744 18.8999996185303
1 13552 6869 38
1 13492 8766 19.9500007629395
1 13459 5597 18.2999992370605
1 13349 6168 19.4500007629395
1 13404 6827 20.8999996185303
1 13387 8794 23.6000003814697
1 13498 7698 21.1499996185303
1 13398 7112 31.2999992370605
1 13401 7230 22.7000007629395
1 13339 6986 23.8500003814697
1 13392 7574 19.8999996185303
1 13346 6682 21.9500007629395
1 13337 6957 33.4000015258789
1 13489 8710 27.0499992370605
1 13386 8790 21.1000003814697
1 13409 5501 25.8999996185303
1 13443 8758 17.3999996185303
1 13405 6948 24.0499992370605
1 13439 4193 22.0499992370605
1 13554 7050 35.9000015258789
1 13555 6943 22
1 13562 6583 23.8999996185303
1 13354 4636 28.0499992370605
1 13565 6721 40.6500015258789
1 13322 7157 22.9500007629395
1 13446 8506 23.4500007629395
1 13458 6608 27
1 13545 7143 22.3500003814697
1 13569 6408 23.75
1 13495 7687 21.9500007629395
1 13655 6369 15.8000001907349
1 13351 5490 26.6000003814697
1 13306 8965 18.0499992370605
1 13321 7112 30.3500003814697
1 13389 8508 35.2000007629395
1 13537 8760 27.2000007629395
1 13491 8735 30.7000007629395
1 13550 6833 21.5
1 13395 7476 23.25
1 13455 6900 20.9400005340576
1 13332 7095 42.5
1 13564 6690 22.6499996185303
1 13384 8782 29.1000003814697
1 13538 8762 22.1000003814697
1 13496 7692 27.2000007629395
1 13345 6679 23.75
1 13335 6969 25.3500003814697
1 13539 8974 21.6499996185303
1 13501 7063 23.7999992370605
1 13300 8790 20.3500003814697
1 13544 7118 25.75
1 13388 9239 18.1000003814697
1 13301 8794 21.7999992370605
1 13396 7492 35.8499984741211
1 13331 6967 26.1000003814697
1 13323 7216 28.8999996185303
1 13490 8717 23.8500003814697
1 13314 7574 19.3899993896484
1 13350 5520 24.75
1 13558 7046 20.1499996185303
1 13408 6726 24.8500003814697
1 13567 6777 23.7999992370605
1 13444 8800 20.6499996185303
1 13334 6929 20.6000003814697
1 13328 7194 23.7000007629395
1 13449 7142 22.8999996185303
1 13338 6827 22.5
1 13547 7144 20
1 13318 7476 22.3500003814697
1 13353 5501 25.0499992370605
1 13342 6616 38.1500015258789
1 13502 6691 20.6499996185303
1 13543 7485 23.8500003814697
1 13344 6683 18.75
1 13456 6654 20.1000003814697
1 13309 8508 34.0999984741211
1 13557 6982 23.2999992370605
1 13497 7202 22.8500003814697
1 13326 7252 23.2999992370605
1 13457 6770 21.6000003814697
1 13400 7252 21.75
1 13333 6927 21.25
1 13298 8782 28.6000003814697
1 13329 6851 21.6000003814697
1 13447 7486 22.2000007629395
1 13536 8729 20.0499992370605
1 13402 6851 20.3500003814697
1 13347 6348 21.2000007629395
1 13391 7560 23.5
1 13494 8312 20.3999996185303
1 13307 9239 19.3999996185303
1 13454 7043 21.6000003814697
1 13340 6948 23.1000003814697
1 13559 6866 22.1000003814697
1 13312 7560 23.1000003814697
1 13320 7108 21.6000003814697
1 13568 6479 37.0499992370605
1 13560 6990 24.5
1 13336 6937 19.1000003814697
1 13348 6406 25.2999992370605
1 13451 7159 20.1499996185303
1 13399 7172 23.7000007629395
1 13302 8798 19.6499996185303
1 13295 8734 17.3500003814697
1 13441 8716 21.25
1 13311 7492 35.4000015258789
1 13397 7108 20.5499992370605
1 13493 8787 16.7999992370605
1 13304 8811 22.7000007629395
1 13317 7454 23.7999992370605
1 13394 7565 27.0499992370605
1 13324 7163 25.4500007629395
1 13551 6837 23.4500007629395
1 13390 8258 22.6000003814697
1 13327 7230 22.1499996185303
1 13548 7213 24.2900009155273
1 13325 7172 23.1000003814697
1 13535 8721 19.0499992370605
1 13563 6688 21.8500003814697
1 13341 6945 23.5499992370605
1 13308 8258 21.6000003814697
1 13315 8467 33.5
1 14109 7252 21.7000007629395
1 14008 9023 19.0499992370605
1 14029 8365 14.75
1 14060 6938 19.8999996185303
1 14047 7241 23.8500003814697
1 14071 5520 23.7999992370605
1 14031 8974 21.7000007629395
1 14069 6348 19.8999996185303
1 14020 8780 21.3999996185303
1 14180 6688 21.0499992370605
1 14041 7472 22
1 14011 9126 31.2999992370605
1 14169 8731 22.0499992370605
1 14173 7109 24.6499996185303
1 14024 8794 22.75
1 14117 6654 20.1000003814697
1 14177 7262 23.6499996185303
1 14139 7115 26.1499996185303
1 14036 7542 23
1 14138 8804 20.6000003814697
1 14046 7205 25.8500003814697
1 14116 6770 20.7000007629395
1 14038 7575 22.4500007629395
1 14035 8312 20.0499992370605
1 14051 6930 23.25
1 14136 9119 21.5
1 14056 6969 24.1000003814697
1 14066 6678 21
1 14063 6625 20.5499992370605
1 14172 7593 20.7999992370605
1 14072 5490 24.2000007629395
1 14055 6929 19.25
1 14102 8758 18.5499992370605
1 14115 6683 18.8999996185303
1 14106 8506 24.1000003814697
1 14181 5496 28.8500003814697
1 14030 8508 33.8499984741211
1 14009 9036 17.1000003814697
1 14182 5431 26.2000007629395
1 14184 10753 25.7999992370605
1 14013 9206 21
1 14034 8240 20
1 14110 7194 23.1000003814697
1 14118 6168 20.5
1 14059 6945 22.75
1 14170 8762 22.25
1 14099 9074 20.8999996185303
1 14178 7053 21.6499996185303
1 14033 8258 20.1499996185303
1 14174 7206 17.8999996185303
1 14108 7163 25.8500003814697
1 14074 4636 28.2999992370605
1 14028 8304 36.7999992370605
1 14017 8750 31.3500003814697
1 14027 8798 21.5499992370605
1 14012 9207 19.7000007629395
1 14064 6644 24.5
1 14179 6866 23.2999992370605
1 14032 8327 20.5499992370605
1 14040 7576 21.2000007629395
1 14112 6937 19.2000007629395
1 14171 8358 22.8500003814697
1 14065 6679 22.6000003814697
1 14042 7454 26.3500003814697
1 14111 6851 20.7000007629395
1 14015 8730 19.8999996185303
1 14176 7245 22.1000003814697
1 14137 9169 20.2999992370605
1 14044 7565 29.1000003814697
1 14114 6663 25.3500003814697
1 14070 6406 21.0499992370605
1 14037 7560 22.8999996185303
1 14098 9029 19.8999996185303
1 14045 7157 23.3500003814697
1 14062 6616 35.9500007629395
1 14105 8812 24.9500007629395
1 14104 8809 31.3500003814697
1 14054 6958 20.9500007629395
1 14101 8734 18.8999996185303
1 14026 8965 18.4500007629395
1 14135 9083 18.5499992370605
1 14168 8714 20.5499992370605
1 14113 6827 21.8999996185303
1 14043 7476 23.6000003814697
1 14068 6724 18.1000003814697
1 14167 9212 22.0499992370605
1 14053 7043 19.75
1 14025 8811 20.3999996185303
1 14057 6986 24
1 14058 6948 21.25
1 14048 7172 21.8999996185303
1 14022 8783 26
1 14016 8733 34.25
1 14140 7131 22.4500007629395
1 14107 7108 20.1000003814697
1 14067 6682 22.3500003814697
1 14100 8716 21.5
1 14073 5501 23.6499996185303
1 14103 8760 28.7000007629395
1 14049 7267 21.9500007629395
1 14010 9063 27.0499992370605
1 14050 7230 20.6499996185303
1 14039 7574 19.5
1 14021 8782 32.5
1 14023 8790 21.5499992370605
1 14166 9211 20.1499996185303
1 14165 9086 23.3500003814697
1 14014 8724 22.0499992370605
1 14052 8997 31.6000003814697
1 14175 7215 22.75
1 14504 9063 35.75
1 14502 9023 21.3500003814697
1 14583 8758 19.3999996185303
1 14633 8312 20.6499996185303
1 14578 9764 21.3999996185303
1 14659 9843 23.1499996185303
1 14541 7454 28.7000007629395
1 14512 8729 22.0499992370605
1 14588 6945 25.3999996185303
1 14667 8358 22.8999996185303
1 14665 8759 24
1 14534 7486 22.0499992370605
1 14553 6969 26.75
1 14493 9795 19.75
1 14634 7692 27.6499996185303
1 14490 9775 32.7000007629395
1 14511 8710 30.6000003814697
1 14621 9166 33.7999992370605
1 14638 7056 22.8999996185303
1 14489 9769 20.25
1 14537 7560 24.3999996185303
1 14548 6930 23.7999992370605
1 14518 8750 38.5999984741211
1 14517 8735 37.7000007629395
1 14513 8730 21.4500007629395
1 14668 8992 33.5
1 14639 6866 23
1 14664 8756 25.2999992370605
1 14627 10131 31.1000003814697
1 14498 9827 21.8500003814697
1 14670 7227 21.4500007629395
1 14586 8265 23.4500007629395
1 14560 6777 25.3500003814697
1 14635 7228 21
1 14564 5490 25.7999992370605
1 14543 7185 25.75
1 14616 9833 22.6000003814697
1 14516 8734 19.0499992370605
1 14538 7574 20.6000003814697
1 14550 7043 22.3999996185303
1 14669 7143 21.3500003814697
1 14503 9030 20.0499992370605
1 14500 9840 25.25
1 14637 7159 17.2999992370605
1 14539 7576 22.7999992370605
1 14565 5501 23.75
1 14622 9169 21.1000003814697
1 14674 10753 27.3500003814697
1 14555 6957 35.8499984741211
1 14587 8510 25.8999996185303
1 14559 6679 24.8500003814697
1 14628 9029 21.25
1 14546 7194 25.75
1 14584 8790 24.3999996185303
1 14617 9866 29
1 14542 7476 24.2999992370605
1 14661 9093 19.9500007629395
1 14515 8733 33
1 14614 9784 20.5
1 14663 8720 24.3500003814697
1 14527 8965 20.4500007629395
1 14547 7262 24.2000007629395
1 14883 7575 27.6000003814697
1 14507 9207 21.25
1 14533 8240 21.8500003814697
1 14640 6827 22.8999996185303
1 14558 6644 25.8999996185303
1 14631 8725 23.7999992370605
1 14497 9822 16.6000003814697
1 14499 9839 28.6000003814697
1 14585 8794 27.8999996185303
1 14563 5496 30.2000007629395
1 14506 9247 34.6500015258789
1 14492 9778 30.5
1 14508 9036 18.3999996185303
1 14536 7542 24.3999996185303
1 14625 9214 23.9500007629395
1 14618 9083 19.9500007629395
1 14531 8258 22.7000007629395
1 14509 9074 24.2000007629395
1 14581 9165 25.0499992370605
1 14545 7230 22.1000003814697
1 14523 8782 37.6500015258789
1 14623 9208 23.3500003814697
1 14619 9110 30.2000007629395
1 14528 8807 19.7000007629395
1 14549 6967 28.1499996185303
1 14529 8304 41.0999984741211
1 14671 6892 22.9500007629395
1 14620 9119 22.6499996185303
1 14525 8811 21.3999996185303
1 14660 9849 23.8999996185303
1 14562 6168 20.7000007629395
1 14636 7336 25.7999992370605
1 14495 9800 26.2999992370605
1 14510 9086 26.5
1 14494 9797 23.25
1 14514 8731 21.75
1 14561 6348 19.8999996185303
1 14526 8812 23.8999996185303
1 14524 8783 27.3999996185303
1 14557 6938 21.75
1 14540 7472 22.25
1 14632 8749 22.7000007629395
1 14554 6982 23.1000003814697
1 14615 9819 29.4500007629395
1 14522 8780 24.8500003814697
1 14624 9244 31.8999996185303
1 14666 8805 29.3500003814697
1 14552 6927 20.8500003814697
1 14580 9897 26.1000003814697
1 14582 8715 25.8500003814697
1 14579 9805 23.5
1 14551 6937 19.8500003814697
1 14530 8508 39.5999984741211
1 14630 8718 25.8999996185303
1 14496 9809 27.8999996185303
1 14629 8712 23.1499996185303
1 14501 9012 30.2000007629395
1 14505 9146 29.5499992370605
1 14544 7172 23.4500007629395
1 14626 10126 36.5
1 14662 9212 24.2000007629395
1 15209 8358 23.0499992370605
1 15172 8804 22
1 15116 9775 37.75
1 15066 7560 24.5499992370605
1 15106 7542 22.7000007629395
1 14968 9757 30.3999996185303
1 15110 6644 26.1499996185303
1 15235 10351 21.3999996185303
1 15124 6690 23
1 15216 9768 15.8999996185303
1 15073 5490 24.1499996185303
1 15061 8730 21.6000003814697
1 15122 9897 32.7000007629395
1 15173 7698 21.9500007629395
1 14969 9023 24.25
1 15192 7131 25.5
1 15175 7056 22.0499992370605
1 15071 6969 25.25
1 15065 8811 21.9500007629395
1 15059 9827 21
1 14967 10438 22.9500007629395
1 15068 7454 26.7999992370605
1 15021 10255 21.5
1 15245 7063 21.1499996185303
1 15246 7053 18.2999992370605
1 15242 9016 24.6499996185303
1 15206 9093 20.1499996185303
1 15070 6930 23.8999996185303
1 15167 10349 18.9500007629395
1 15145 6827 22.75
1 15033 8800 23.5
1 15171 8787 19.8999996185303
1 15039 6982 22.1499996185303
1 15072 6679 22.5
1 15022 9836 22.5
1 15178 7055 22.5499992370605
1 15029 8729 22.0499992370605
1 15038 7142 23.75
1 15097 10220 20.25
1 15037 7133 23.7000007629395
1 15234 10348 23.4500007629395
1 15030 8733 35.3499984741211
1 15014 10190 20.1000003814697
1 15028 8721 21.6000003814697
1 15236 9834 22.25
1 14973 7230 21.0499992370605
1 15191 10191 23.9500007629395
1 15023 9797 19.5499992370605
1 15035 7458 22.0499992370605
1 15218 8731 22.6000003814697
1 15208 8714 21.4500007629395
1 15067 7574 20.3999996185303
1 15104 8807 19.1499996185303
1 15103 9036 19.1000003814697
1 15109 6937 20
1 15036 7144 17.75
1 15019 10443 19.2999992370605
1 15111 6348 21.2000007629395
1 15105 8240 21.25
1 15142 7252 23.2000007629395
1 14971 9086 24.5499992370605
1 15101 9139 38.5499992370605
1 15064 8780 23.75
1 15009 10347 22.3500003814697
1 15057 10180 20.8999996185303
1 15144 7596 19.8999996185303
1 15100 9022 37.2999992370605
1 15016 10231 17.8500003814697
1 15233 10289 21.6499996185303
1 15024 9060 27
1 15204 9833 24.8500003814697
1 15205 9214 23.3999996185303
1 15170 9125 25.1499996185303
1 15184 9849 25.3500003814697
1 15141 11075 21.6000003814697
1 14965 10202 31.2000007629395
1 15244 8762 23.1000003814697
1 15025 9165 24.2000007629395
1 15169 9871 31.8500003814697
1 15027 9030 19.7000007629395
1 14970 9246 23.3500003814697
1 14974 5501 23.8999996185303
1 15121 10303 30.0499992370605
1 15174 7700 22.7000007629395
1 15143 7587 26.4500007629395
1 15168 9845 23.7999992370605
1 15031 8744 22
1 15102 10125 34.25
1 15166 10307 23.7999992370605
1 15240 9866 33.5499992370605
1 14966 10258 30.2000007629395
1 14972 7576 23.0499992370605
1 15207 8749 22.75
1 15069 7205 27.1499996185303
1 15010 9759 23.2000007629395
1 15241 9793 23.5499992370605
1 15108 6967 28.1499996185303
1 15034 7486 21.6000003814697
1 15058 9822 19.5499992370605
1 15217 8725 23
1 15020 10243 18.7999992370605
1 15117 9800 30.6000003814697
1 15026 9074 25.2999992370605
1 15017 10237 19.3999996185303
1 15098 9769 21.7000007629395
1 15219 6962 20.8999996185303
1 15107 7472 23.9500007629395
1 15018 10293 18.8999996185303
1 15063 8758 19.3500003814697
1 15099 9904 18.7999992370605
1 15238 9838 21.9500007629395
1 15123 6938 22.1499996185303
1 15015 10205 23.8500003814697
1 15243 9208 22.6000003814697
1 15060 9075 18
1 15239 9843 24.7999992370605
1 15588 10190 20.8999996185303
1 15659 8730 21.75
1 15589 10231 19.7999992370605
1 15601 9060 25.7000007629395
1 15658 9023 21.5499992370605
1 15682 8790 24.8500003814697
1 15647 10525 23.6000003814697
1 15602 9075 18.2000007629395
1 15683 8798 23.8999996185303
1 15676 10622 21.5
1 15757 9029 19.3999996185303
1 15754 9833 24
1 15752 10351 20.2000007629395
1 15753 9866 34.4000015258789
1 15661 8780 23.6499996185303
1 15593 10255 21.5499992370605
1 15598 9246 23.6499996185303
1 15611 6943 20.6499996185303
1 15672 5501 20.6000003814697
1 15663 7542 23.8500003814697
1 15725 9759 24.7999992370605
1 15620 9216 22.9500007629395
1 15564 10630 25.5
1 15652 10438 24.7999992370605
1 15758 9016 24.5499992370605
1 15653 10180 22.3999996185303
1 15597 9165 24.75
1 15606 7486 21.2000007629395
1 15600 9030 19.5
1 15595 9841 26.7999992370605
1 15604 8729 22
1 15646 10515 23.9500007629395
1 15619 10296 25.8999996185303
1 15671 6644 23.7000007629395
1 15677 10628 21.25
1 15717 10529 21.5499992370605
1 15686 6945 21.75
1 15610 7142 21.8500003814697
1 15760 8766 24.7000007629395
1 15749 10613 22.6499996185303
1 15655 9805 23.9500007629395
1 15680 9897 33.0999984741211
1 15648 10567 19.6499996185303
1 15665 7574 18.0499992370605
1 15681 9904 20.1499996185303
1 15755 9843 24.7999992370605
1 15693 7157 23.3999996185303
1 15718 10530 20.8500003814697
1 15621 8721 20.5499992370605
1 15608 7213 24.9500007629395
1 15722 10347 21.1000003814697
1 15607 7458 22.0499992370605
1 15761 8506 25.1000003814697
1 15666 7576 21
1 15609 7133 20.1000003814697
1 15603 8744 20.7000007629395
1 15657 9827 21.0499992370605
1 15649 10586 25.8500003814697
1 15668 7185 25.0499992370605
1 15670 6969 25.4500007629395
1 15723 10191 24.2000007629395
1 15592 10243 18.6499996185303
1 15664 7560 23.4500007629395
1 15662 8811 21.8500003814697
1 15656 9822 19.8999996185303
1 15669 7205 25.6499996185303
1 15591 10443 19.25
1 15685 8258 22.6000003814697
1 15618 10552 23.8500003814697
1 15605 8758 19.75
1 15732 11806 21.3999996185303
1 15590 10237 19.3999996185303
1 15667 7454 25.1000003814697
1 15679 9795 21.5499992370605
1 15727 6685 19.8500003814697
1 15678 10303 33
1 15596 9836 23.1000003814697
1 15654 10220 21.3999996185303
1 15751 10647 25.0499992370605
1 15562 10549 21.3999996185303
1 15759 8749 22.2999992370605
1 15565 10661 24.6499996185303
1 15719 11386 18.8999996185303
1 15724 9817 21.0499992370605
1 15561 10527 22.3999996185303
1 15692 8327 22.7000007629395
1 15726 7587 23.4500007629395
1 15684 8794 25.7999992370605
1 15651 10626 22.1499996185303
1 15599 9207 22.1499996185303
1 15563 10575 23.25
1 15756 9213 17.5499992370605
1 15750 10632 19
1 15650 10594 20.8500003814697
1 15612 6990 22.6000003814697
1 15594 10293 20.2000007629395
1 15721 11075 22.25
1 16064 8508 37.1500015258789
1 16013 7560 24.1000003814697
1 15945 9169 22.1499996185303
1 15999 10220 22.0499992370605
1 16015 7454 23.8999996185303
1 16105 9866 33.8400001525879
1 15946 9246 24
1 16055 10258 33.3499984741211
1 16096 9022 37.2000007629395
1 16093 9207 21.7999992370605
1 16092 10293 19.8500003814697
1 15938 10237 20.3500003814697
1 16017 6969 24.3999996185303
1 16140 7241 23.3500003814697
1 16016 7205 25.9500007629395
1 16097 9216 24.25
1 16010 8811 22.0499992370605
1 15942 9841 26.5
1 16075 10345 28.5
1 16145 9093 22.3500003814697
1 16107 9244 35.2999992370605
1 16005 9165 23.75
1 16014 7576 21.7000007629395
1 16108 9110 34.6500015258789
1 16027 10518 19.5499992370605
1 16078 7163 26.9500007629395
1 16104 9819 33.3499984741211
1 16139 7213 25.2000007629395
1 16018 6644 21.25
1 16012 7542 23.7999992370605
1 15939 10255 23.0499992370605
1 16066 6957 32.2000007629395
1 16138 8744 23.1000003814697
1 16076 9769 22.75
1 15937 10552 29.9500007629395
1 16077 8807 19.6499996185303
1 16106 9166 37.2999992370605
1 16121 9805 25.7000007629395
1 15941 9784 21.1499996185303
1 16059 9795 21.3999996185303
1 16009 8780 24.6499996185303
1 16056 10303 33.1500015258789
1 16051 10586 32.5499992370605
1 16000 10438 26.25
1 15996 10594 22.2999992370605
1 16031 6967 27.1000003814697
1 16120 10347 22.7000007629395
1 16061 9012 31.8500003814697
1 16065 8327 21.3500003814697
1 16006 9074 25.2999992370605
1 15997 10622 22.8500003814697
1 16002 9827 22.6499996185303
1 15949 7486 21.8999996185303
1 16102 10575 24.3500003814697
1 16137 10351 22.5
1 16004 9023 22.1000003814697
1 16060 9063 37
1 16028 10630 32.6500015258789
1 16007 8730 21.25
1 16135 10642 23.5499992370605
1 16029 10647 29.3500003814697
1 16119 10618 22
1 15950 7458 20.9500007629395
1 16053 10659 30.1000003814697
1 16144 9257 26.6499996185303
1 15998 10626 21.7999992370605
1 15948 9060 26.6499996185303
1 15936 10527 23.0499992370605
1 16054 10202 35.9500007629395
1 16032 6663 25.5
1 16147 11092 39.7999992370605
1 16136 11107 31.5499992370605
1 16063 8735 36.8499984741211
1 16026 11384 27.7000007629395
1 16062 8731 22.2000007629395
1 15995 10567 20.3999996185303
1 16057 9897 34.2000007629395
1 16030 10661 29.6499996185303
1 16050 10525 28.7000007629395
1 16058 9904 19.7000007629395
1 16122 9817 20.8500003814697
1 15943 9083 21.5499992370605
1 15947 9086 24.0499992370605
1 16094 10125 38.4500007629395
1 16109 10126 43.25
1 16103 10603 30.5499992370605
1 16110 10131 32.0999984741211
1 16003 9822 18.3999996185303
1 16146 8756 25.6499996185303
1 16001 10180 23.3500003814697
1 15944 9119 21.3500003814697
1 15940 10190 22.1000003814697
1 16052 10628 21.9500007629395
1 16095 9139 36.0499992370605
1 16011 8758 20.1499996185303
