FID IID BirthYear MumID
1 1592 1986 577
1 1648 1986 425
1 1665 1986 567
1 1642 1986 1289
1 1739 1987 205
1 1734 1987 420
1 1743 1987 1246
1 1744 1987 1101
1 1745 1987 418
1 1746 1987 1554
1 1749 1987 1243
1 1750 1987 1080
1 1751 1987 1080
1 1754 1987 1589
1 1741 1987 557
1 1742 1987 424
1 1779 1987 416
1 1780 1987 416
1 1784 1987 1597
1 1785 1987 1639
1 1790 1987 1623
1 1792 1987 1081
1 1793 1987 1081
1 1797 1987 1622
1 1799 1987 1244
1 1801 1987 753
1 1803 1987 1288
1 1808 1987 1082
1 1817 1987 1631
1 1818 1987 567
1 1819 1987 1605
1 1833 1987 1251
1 1834 1987 560
1 1756 1987 1226
1 1758 1987 1649
1 1760 1987 906
1 1762 1987 1259
1 1765 1987 1090
1 1767 1987 12
1 1768 1987 1263
1 1769 1987 1089
1 1774 1987 1094
1 1777 1987 36
1 1899 1987 19
1 1847 1987 899
1 1876 1987 425
1 1877 1987 426
1 1880 1987 1072
1 1883 1987 1258
1 1884 1987 1109
1 1885 1987 752
1 1887 1987 1260
1 1835 1987 1583
1 1841 1987 415
1 1891 1987 1079
1 1890 1987 1082
1 1963 1988 1089
1 2064 1988 1072
1 2066 1988 899
1 2067 1988 904
1 2069 1988 1095
1 2071 1988 1246
1 2072 1988 747
1 2073 1988 905
1 2074 1988 1554
1 2076 1988 29
1 2098 1989 1073
1 2099 1989 577
1 2126 1989 1109
1 2159 1989 1251
1 2169 1989 1079
1 2172 1989 1082
1 2173 1989 1586
1 2174 1989 1072
1 2108 1989 1887
1 2110 1989 1082
1 2252 1990 1662
1 2254 1990 1080
1 2248 1990 1741
1 2250 1990 1094
1 2299 1990 2169
1 2300 1990 749
1 2301 1990 2171
1 2302 1990 577
1 2303 1990 1225
1 2305 1990 1243
1 2308 1990 2067
1 2310 1990 2179
1 2311 1990 21
1 2315 1990 1083
1 2323 1990 1660
1 2327 1990 2105
1 2339 1990 36
1 2340 1990 29
1 2342 1990 1077
1 2343 1990 1078
1 2344 1990 1769
1 2349 1990 2164
1 2350 1990 2178
1 2351 1990 2163
1 2354 1990 1251
1 2356 1990 1082
1 2358 1990 1891
1 2359 1990 1877
1 2362 1990 755
1 2255 1990 906
1 2259 1990 1259
1 2262 1990 1664
1 2263 1990 1664
1 2265 1990 29
1 2267 1990 1109
1 2269 1990 1082
1 2274 1990 1821
1 2279 1990 1255
1 2281 1990 1079
1 2282 1990 2053
1 2285 1990 1877
1 2287 1990 2175
1 2293 1990 2120
1 2294 1990 1251
1 2369 1990 1252
1 2374 1990 2167
1 2375 1990 1757
1 2376 1990 1252
1 2377 1990 1784
1 2378 1990 2073
1 2379 1990 1880
1 2368 1990 2214
1 2435 1991 1097
1 2437 1991 1825
1 2440 1991 1899
1 2441 1991 1899
1 2436 1991 1825
1 2421 1991 577
1 2422 1991 2163
1 2424 1991 1288
1 2426 1991 2273
1 2431 1991 755
1 2432 1991 2066
1 2434 1991 2363
1 2452 1991 2164
1 2455 1991 2341
1 2456 1991 2178
1 2457 1991 2172
1 2459 1991 1741
1 2442 1991 2143
1 2444 1991 1098
1 2446 1991 2291
1 2447 1991 1101
1 2448 1991 1101
1 2449 1991 1242
1 2450 1991 1242
1 2451 1991 2164
1 2406 1991 1835
1 2408 1991 2245
1 2409 1991 425
1 2414 1991 2176
1 2416 1991 2165
1 2417 1991 904
1 2420 1991 577
1 2483 1991 1769
1 2484 1991 1769
1 2485 1991 36
1 2487 1991 1072
1 2488 1991 2167
1 2489 1991 1255
1 2490 1991 54
1 2494 1991 29
1 2495 1991 2353
1 2496 1991 1109
1 2497 1991 1109
1 2498 1991 1262
1 2502 1991 2366
1 2503 1991 1263
1 2504 1991 1660
1 2505 1991 1083
1 2508 1991 1820
1 2509 1991 1820
1 2510 1991 2374
1 2516 1991 1880
1 2517 1991 2064
1 2519 1991 1554
1 2520 1991 1663
1 2521 1991 2175
1 2522 1991 2073
1 2523 1991 1079
1 2524 1991 2302
1 2525 1991 1252
1 2526 1991 2262
1 2527 1991 2315
1 2530 1991 751
1 2533 1991 1876
1 2539 1991 2073
1 2540 1991 1885
1 2569 1991 30
1 2571 1991 2120
1 2572 1991 905
1 2480 1991 2177
1 2481 1991 1095
1 2461 1991 1090
1 2462 1991 1090
1 2464 1991 567
1 2466 1991 906
1 2467 1991 906
1 2468 1991 1664
1 2469 1991 1664
1 2470 1991 1757
1 2471 1991 1757
1 2472 1991 1887
1 2473 1991 1887
1 2479 1991 2076
1 2460 1991 1259
1 2607 1992 2323
1 2608 1992 2375
1 2613 1992 2262
1 2614 1992 1741
1 2616 1992 1882
1 2617 1992 577
1 2618 1992 1757
1 2620 1992 1097
1 2621 1992 2260
1 2623 1992 2164
1 2624 1992 1259
1 2629 1992 2143
1 2631 1992 2075
1 2632 1992 1256
1 2633 1992 1552
1 2634 1992 905
1 2637 1992 1080
1 2638 1992 2353
1 2642 1992 1258
1 2643 1992 1885
1 2644 1992 1662
1 2645 1992 1072
1 2649 1992 910
1 2650 1992 1255
1 2654 1992 1649
1 2602 1992 2245
1 2606 1992 2178
1 2677 1992 36
1 2678 1992 1877
1 2679 1992 21
1 2685 1992 2073
1 2688 1992 1664
1 2695 1992 2073
1 2696 1992 1089
1 2697 1992 2164
1 2698 1992 1660
1 2699 1992 2066
1 2700 1992 1877
1 2706 1992 415
1 2707 1992 2071
1 2658 1992 1288
1 2660 1992 1251
1 2661 1992 1244
1 2662 1992 1891
1 2663 1992 2167
1 2664 1992 1553
1 2667 1992 2169
1 2668 1992 2076
1 2669 1992 2177
1 2670 1992 1246
1 2671 1992 1246
1 2655 1992 1880
1 2657 1992 1663
1 2675 1992 2292
1 2795 1993 2379
1 2796 1993 2176
1 2794 1993 2431
1 2802 1993 2356
1 2803 1993 2356
1 2799 1993 2460
1 2801 1993 2260
1 2806 1993 2164
1 2807 1993 2363
1 2804 1993 2364
1 2805 1993 2164
1 2848 1993 2323
1 2849 1993 2323
1 2850 1993 1225
1 2851 1993 2366
1 2852 1993 2643
1 2853 1993 2572
1 2854 1993 2341
1 2855 1993 2349
1 2857 1993 1899
1 2858 1993 1899
1 2861 1993 1259
1 2863 1993 2252
1 2864 1993 2374
1 2866 1993 2214
1 2867 1993 2214
1 2868 1993 2169
1 2869 1993 2368
1 2870 1993 2368
1 2871 1993 2523
1 2873 1993 2167
1 2875 1993 2706
1 2881 1993 2355
1 2882 1993 2465
1 2885 1993 2177
1 2887 1993 2069
1 2888 1993 1660
1 2893 1993 1242
1 2894 1993 1242
1 2898 1993 1262
1 2899 1993 1262
1 2906 1993 2278
1 2909 1993 2536
1 2910 1993 1880
1 2911 1993 2245
1 2912 1993 1288
1 2913 1993 1288
1 2915 1993 2534
1 2916 1993 1554
1 2917 1993 1554
1 2919 1993 2663
1 2920 1993 1877
1 2922 1993 2447
1 2926 1993 1079
1 2928 1993 2358
1 2932 1993 2073
1 2933 1993 1784
1 2935 1993 1834
1 2937 1993 2641
1 2938 1993 2608
1 2939 1993 2698
1 2941 1993 2351
1 2943 1993 2707
1 2945 1993 2076
1 2962 1993 2365
1 2963 1993 2377
1 2964 1993 2073
1 2818 1993 2172
1 2822 1993 2163
1 2823 1993 577
1 2824 1993 577
1 2829 1993 2462
1 2830 1993 2066
1 2833 1993 2170
1 2834 1993 2353
1 2808 1993 1246
1 2809 1993 1246
1 2811 1993 2146
1 2812 1993 2479
1 2817 1993 2409
1 2842 1993 1664
1 2846 1993 2236
1 3011 1994 2358
1 3012 1994 2363
1 3005 1994 2360
1 3008 1994 2431
1 3018 1994 2676
1 3021 1994 2365
1 3013 1994 2364
1 3014 1994 1825
1 3047 1994 1259
1 3053 1994 1255
1 3054 1994 1899
1 3056 1994 2376
1 3058 1994 2236
1 3059 1994 2421
1 3060 1994 2359
1 3062 1994 2644
1 3065 1994 2323
1 3071 1994 2075
1 3072 1994 2536
1 3074 1994 2373
1 3075 1994 2342
1 3076 1994 2375
1 3077 1994 1072
1 3078 1994 2366
1 3083 1994 1821
1 3084 1994 1663
1 3085 1994 2069
1 3086 1994 1649
1 3087 1994 1649
1 3090 1994 1225
1 3094 1994 1877
1 3095 1994 2073
1 3096 1994 2073
1 3022 1994 2341
1 3025 1994 2362
1 3026 1994 2165
1 3028 1994 2361
1 3029 1994 2409
1 3030 1994 2172
1 3034 1994 2169
1 3035 1994 905
1 3036 1994 2572
1 3038 1994 2163
1 3039 1994 2637
1 3041 1994 2369
1 3042 1994 2177
1 3044 1994 2356
1 3045 1994 1757
1 3134 1994 1242
1 3101 1994 1891
1 3102 1994 2804
1 3105 1994 1887
1 3106 1994 1885
1 3107 1994 1885
1 3108 1994 1660
1 3111 1994 1784
1 3113 1994 1834
1 3117 1994 2658
1 3122 1994 2617
1 3123 1994 1876
1 3124 1994 2374
1 3097 1994 2534
1 3129 1994 2571
1 3127 1994 2292
1 3199 1995 2364
1 3202 1995 2323
1 3203 1995 2379
1 3214 1995 2479
1 3215 1995 2363
1 3220 1995 2066
1 3208 1995 2245
1 3222 1995 2807
1 3224 1995 2829
1 3225 1995 2172
1 3221 1995 2167
1 3198 1995 2339
1 3230 1995 1741
1 3231 1995 2460
1 3232 1995 2908
1 3238 1995 2361
1 3239 1995 2617
1 3240 1995 2409
1 3241 1995 2262
1 3242 1995 2262
1 3243 1995 2607
1 3245 1995 2177
1 3248 1995 2375
1 3226 1995 2178
1 3229 1995 2218
1 3269 1995 2421
1 3270 1995 1876
1 3272 1995 1649
1 3275 1995 2071
1 3276 1995 2073
1 3277 1995 2073
1 3278 1995 2707
1 3280 1995 2377
1 3282 1995 2699
1 3283 1995 2641
1 3284 1995 2417
1 3286 1995 2658
1 3287 1995 2698
1 3288 1995 2695
1 3289 1995 2830
1 3291 1995 2637
1 3292 1995 2376
1 3293 1995 2447
1 3294 1995 1757
1 3296 1995 2064
1 3297 1995 2686
1 3298 1995 2545
1 3262 1995 2644
1 3265 1995 2365
1 3266 1995 2365
1 3249 1995 2572
1 3250 1995 2163
1 3251 1995 2706
1 3252 1995 2572
1 3253 1995 1664
1 3255 1995 2353
1 3256 1995 2536
1 3258 1995 2369
1 3259 1995 30
1 3260 1995 2075
1 3268 1995 2421
1 3267 1995 2631
1 3399 1996 2341
1 3400 1996 2341
1 3398 1996 2170
1 3434 1996 2903
1 3438 1996 2376
1 3439 1996 3111
1 3441 1996 3088
1 3445 1996 3237
1 3448 1996 3259
1 3455 1996 2409
1 3458 1996 2178
1 3459 1996 2178
1 3460 1996 2163
1 3461 1996 2163
1 3462 1996 2572
1 3464 1996 2688
1 3465 1996 3241
1 3466 1996 2842
1 3467 1996 2842
1 3468 1996 2963
1 3469 1996 2368
1 3470 1996 2612
1 3471 1996 2834
1 3472 1996 2707
1 3473 1996 2931
1 3474 1996 3260
1 3475 1996 2536
1 3401 1996 2176
1 3403 1996 2853
1 3409 1996 2623
1 3410 1996 2623
1 3411 1996 2443
1 3418 1996 1664
1 3419 1996 2260
1 3420 1996 3009
1 3423 1996 2375
1 3424 1996 2363
1 3425 1996 2807
1 3426 1996 2245
1 3428 1996 2800
1 3429 1996 2861
1 3430 1996 2697
1 3496 1996 2523
1 3498 1996 2799
1 3499 1996 2073
1 3500 1996 2073
1 3501 1996 2069
1 3502 1996 2421
1 3503 1996 2421
1 3504 1996 2843
1 3506 1996 3299
1 3507 1996 1255
1 3509 1996 2379
1 3511 1996 3226
1 3514 1996 2641
1 3515 1996 2641
1 3517 1996 2695
1 3518 1996 3280
1 3519 1996 3298
1 3522 1996 2214
1 3523 1996 3209
1 3525 1996 2571
1 3527 1996 2698
1 3529 1996 3293
1 3532 1996 2353
1 3533 1996 2076
1 3535 1996 2365
1 3536 1996 3291
1 3540 1996 2617
1 3541 1996 2617
1 3543 1996 2373
1 3544 1996 2373
1 3545 1996 2611
1 3547 1996 3324
1 3548 1996 2676
1 3491 1996 2377
1 3492 1996 2658
1 3493 1996 2658
1 3494 1996 3123
1 3477 1996 2631
1 3478 1996 2830
1 3480 1996 2064
1 3481 1996 3250
1 3482 1996 2637
1 3486 1996 2172
1 3487 1996 3201
1 3490 1996 1891
1 3476 1996 2169
1 3671 1997 3199
1 3674 1997 2697
1 3675 1997 2697
1 3647 1997 3123
1 3654 1997 2640
1 3661 1997 3121
1 3662 1997 3236
1 3664 1997 3222
1 3666 1997 1741
1 3667 1997 1741
1 3669 1997 2323
1 3670 1997 2323
1 3700 1997 2572
1 3701 1997 2607
1 3704 1997 2829
1 3681 1997 2611
1 3683 1997 2623
1 3684 1997 2834
1 3685 1997 2460
1 3686 1997 2409
1 3687 1997 2409
1 3690 1997 3263
1 3692 1997 2631
1 3693 1997 2612
1 3695 1997 3129
1 3635 1997 2245
1 3637 1997 2064
1 3641 1997 2443
1 3642 1997 2379
1 3645 1997 2365
1 3736 1997 3076
1 3737 1997 2695
1 3738 1997 2377
1 3739 1997 2908
1 3740 1997 2908
1 3741 1997 2658
1 3742 1997 2658
1 3743 1997 2536
1 3744 1997 2617
1 3745 1997 2617
1 3746 1997 2353
1 3747 1997 2873
1 3749 1997 2177
1 3750 1997 3009
1 3756 1997 2214
1 3757 1997 2686
1 3758 1997 2799
1 3760 1997 2860
1 3762 1997 2292
1 3765 1997 2073
1 3767 1997 1666
1 3768 1997 2374
1 3769 1997 2698
1 3770 1997 2076
1 3772 1997 2787
1 3710 1997 3250
1 3711 1997 3282
1 3712 1997 2169
1 3713 1997 2366
1 3714 1997 2366
1 3717 1997 2853
1 3718 1997 2842
1 3720 1997 3260
1 3721 1997 2167
1 3724 1997 2841
1 3726 1997 2178
1 3727 1997 2178
1 3728 1997 2223
1 3729 1997 2941
1 3733 1997 2898
1 3811 1997 3203
1 3812 1997 54
1 3813 1997 54
1 3814 1997 2963
1 3816 1997 3111
1 3818 1997 2942
1 3789 1997 2707
1 3793 1997 2676
1 3794 1997 1880
1 3800 1997 2641
1 3801 1997 2641
1 3773 1997 1891
1 3774 1997 2899
1 3778 1997 3533
1 3779 1997 2358
1 3780 1997 2358
1 3786 1997 3027
1 3787 1997 2673
1 3788 1997 2341
1 3809 1997 3255
1 3810 1997 2342
1 3878 1998 2861
1 3881 1998 2176
1 3887 1998 3123
1 3880 1998 2066
1 3892 1998 3552
1 3893 1998 2617
1 3894 1998 2421
1 3895 1998 2421
1 3896 1998 2163
1 3898 1998 3276
1 3901 1998 3222
1 3902 1998 3577
1 3903 1998 2572
1 3907 1998 2847
1 3908 1998 2178
1 3889 1998 3260
1 3891 1998 2623
1 3928 1998 3236
1 3929 1998 75
1 3931 1998 2369
1 3932 1998 2834
1 3933 1998 2834
1 3936 1998 2853
1 3937 1998 2941
1 3938 1998 2941
1 3939 1998 2073
1 3940 1998 2073
1 3941 1998 3009
1 3942 1998 2476
1 3943 1998 3289
1 3944 1998 2640
1 3945 1998 2860
1 3946 1998 2830
1 3949 1998 3291
1 3950 1998 2861
1 3951 1998 3255
1 3953 1998 2707
1 3962 1998 2536
1 3965 1998 3307
1 3968 1998 2695
1 3909 1998 2706
1 3910 1998 2409
1 3911 1998 3239
1 3913 1998 3300
1 3914 1998 3214
1 3915 1998 2637
1 3916 1998 2637
1 3917 1998 2353
1 3918 1998 2353
1 3920 1998 3478
1 3921 1998 2245
1 3924 1998 2460
1 3925 1998 2963
1 3926 1998 2963
1 3927 1998 2260
1 4001 1998 3490
1 4002 1998 2075
1 4003 1998 3027
1 4004 1998 2699
1 4010 1998 2906
1 4013 1998 2236
1 4015 1998 2376
1 4020 1998 3564
1 4021 1998 2683
1 4024 1998 2892
1 4031 1998 3203
1 4032 1998 2361
1 4035 1998 2278
1 4040 1998 2377
1 4041 1998 3111
1 4042 1998 2964
1 4043 1998 2673
1 4044 1998 1880
1 4045 1998 2292
1 4050 1998 2358
1 4051 1998 3567
1 4053 1998 3273
1 4054 1998 2378
1 4057 1998 2899
1 4061 1998 3592
1 3971 1998 2479
1 3972 1998 2262
1 3973 1998 2262
1 3974 1998 2931
1 3976 1998 2607
1 3977 1998 3428
1 3980 1998 2168
1 3987 1998 2597
1 3988 1998 3326
1 3989 1998 2534
1 3990 1998 2799
1 3994 1998 2873
1 3999 1998 3282
1 4000 1998 2787
1 4062 1998 2942
1 4064 1998 3198
1 4071 1998 3538
1 4074 1998 2612
1 4176 1999 2323
1 4179 1999 3471
1 4183 1999 3469
1 4185 1999 2800
1 4188 1999 3111
1 4189 1999 3414
1 4190 1999 2668
1 4191 1999 3009
1 4193 1999 3291
1 4170 1999 3300
1 4172 1999 3202
1 4173 1999 3259
1 4174 1999 3048
1 4201 1999 3129
1 4202 1999 3203
1 4205 1999 2834
1 4206 1999 2834
1 4207 1999 2597
1 4208 1999 2787
1 4209 1999 3564
1 4210 1999 3255
1 4211 1999 53
1 4194 1999 3282
1 4195 1999 2841
1 4198 1999 3248
1 4199 1999 2706
1 4217 1999 3250
1 4218 1999 2342
1 4222 1999 54
1 4223 1999 2799
1 4224 1999 2908
1 4225 1999 2908
1 4226 1999 3237
1 4227 1999 3224
1 4229 1999 2699
1 4230 1999 3538
1 4231 1999 3443
1 4232 1999 2873
1 4233 1999 3607
1 4234 1999 2460
1 4235 1999 2659
1 4236 1999 2892
1 4237 1999 2942
1 4239 1999 3589
1 4240 1999 3273
1 4241 1999 2703
1 4243 1999 3704
1 4244 1999 3316
1 4248 1999 3759
1 4249 1999 4301
1 4250 1999 3567
1 4251 1999 3198
1 4253 1999 2927
1 4254 1999 2784
1 4255 1999 3473
1 4256 1999 3303
1 4258 1999 3738
1 4259 1999 2066
1 4260 1999 2223
1 4261 1999 2223
1 4212 1999 2931
1 4213 1999 2860
1 4215 1999 3420
1 4216 1999 3076
1 4150 1999 2379
1 4151 1999 2829
1 4153 1999 2479
1 4155 1999 3440
1 4158 1999 3201
1 4159 1999 2853
1 4161 1999 3552
1 4164 1999 3214
1 4166 1999 3571
1 4167 1999 3002
1 4168 1999 3330
1 4388 2000 2834
1 4393 2000 3123
1 4395 2000 3250
1 4397 2000 3203
1 4389 2000 2834
1 4406 2000 2706
1 4407 2000 2706
1 4408 2000 3885
1 4405 2000 3300
1 4383 2000 2549
1 4386 2000 4217
1 4387 2000 3725
1 4424 2000 2819
1 4425 2000 4103
1 4426 2000 3641
1 4433 2000 3564
1 4434 2000 3111
1 4435 2000 3762
1 4444 2000 3268
1 4445 2000 2627
1 4446 2000 3255
1 4412 2000 3303
1 4417 2000 3471
1 4418 2000 3471
1 4419 2000 3316
1 4333 2000 2941
1 4334 2000 2941
1 4337 2000 3248
1 4338 2000 3440
1 4343 2000 75
1 4353 2000 3659
1 4363 2000 3202
1 4366 2000 3968
1 4375 2000 3469
1 4379 2000 3759
1 4382 2000 3954
1 4474 2000 3307
1 4472 2000 4170
1 4448 2000 3209
1 4450 2000 3592
1 4453 2000 2963
1 4454 2000 2377
1 4459 2000 2787
1 4462 2000 3490
1 4463 2000 3260
1 4465 2000 3291
1 4466 2000 3291
1 4467 2000 3567
1 4468 2000 3567
1 4469 2000 2342
1 4447 2000 3255
1 4471 2000 2223
1 5061 2002 3201
1 5066 2002 3881
1 5067 2002 3533
1 5059 2002 3681
1 5073 2002 3076
1 5076 2002 3214
1 5077 2002 3289
1 5071 2002 3428
1 5084 2002 3589
1 5086 2002 3250
1 5087 2002 2706
1 5081 2002 3725
1 5091 2002 4008
1 5092 2002 3259
1 5093 2002 3259
1 5095 2002 3607
1 5096 2002 3248
1 5097 2002 3319
1 5100 2002 4004
1 5101 2002 4308
1 5102 2002 4308
1 5103 2002 4103
1 5104 2002 4103
1 5105 2002 3445
1 5090 2002 4242
1 5056 2002 3209
1 5137 2002 3490
1 5138 2002 2787
1 5141 2002 3291
1 5144 2002 4155
1 5145 2002 3592
1 5147 2002 3734
1 5150 2002 3268
1 5151 2002 3268
1 5155 2002 3279
1 5157 2002 4386
1 5158 2002 3303
1 5129 2002 4255
1 5106 2002 4193
1 5107 2002 4407
1 5109 2002 3564
1 5111 2002 3198
1 5112 2002 3692
1 5113 2002 3704
1 5114 2002 4184
1 5116 2002 3662
1 5117 2002 4301
1 5120 2002 4051
1 5127 2002 3762
1 5128 2002 4223
1 5131 2002 4361
1 5132 2002 3282
1 5421 2003 4184
1 5428 2003 5326
1 5430 2003 4190
1 5432 2003 2640
1 5435 2003 4195
1 5436 2003 4195
1 5437 2003 4161
1 5439 2003 3881
1 5440 2003 3202
1 5441 2003 3202
1 5442 2003 4407
1 5443 2003 2787
1 5423 2003 3237
1 5425 2003 4575
1 5472 2003 3738
1 5473 2003 5669
1 5474 2003 4258
1 5475 2003 5120
1 5479 2003 4456
1 5480 2003 3214
1 5481 2003 3589
1 5482 2003 4410
1 5483 2003 3076
1 5484 2003 3076
1 5485 2003 5133
1 5486 2003 4359
1 5489 2003 4420
1 5490 2003 4395
1 5491 2003 3319
1 5493 2003 3250
1 5494 2003 3250
1 5495 2003 3885
1 5499 2003 4378
1 5500 2003 3268
1 5501 2003 3255
1 5502 2003 5150
1 5503 2003 3303
1 5506 2003 5063
1 5509 2003 4635
1 5444 2003 2787
1 5446 2003 3201
1 5447 2003 3201
1 5451 2003 4517
1 5452 2003 5250
1 5454 2003 5076
1 5457 2003 3533
1 5458 2003 4385
1 5462 2003 4314
1 5463 2003 4396
1 5464 2003 3279
1 5465 2003 4467
1 5466 2003 2597
1 5468 2003 4259
1 5471 2003 4051
1 5540 2003 5137
1 5541 2003 2927
1 5542 2003 3782
1 5543 2003 2699
1 5546 2003 2800
1 5547 2003 2800
1 5548 2003 4257
1 5551 2003 3704
1 5552 2003 4226
1 5553 2003 5226
1 5554 2003 5107
1 5555 2003 4468
1 5558 2003 5121
1 5562 2003 4335
1 5563 2003 3563
1 5523 2003 4193
1 5524 2003 5141
1 5525 2003 4386
1 5526 2003 2784
1 5527 2003 3291
1 5528 2003 3291
1 5531 2003 2377
1 5534 2003 3559
1 5535 2003 5084
1 5536 2003 3771
1 5510 2003 3490
1 5516 2003 4416
1 5520 2003 3564
1 5537 2003 3771
1 5538 2003 4473
1 5728 2004 3641
1 5731 2004 3291
1 5741 2004 4184
1 5744 2004 5152
1 5732 2004 3291
1 5734 2004 2377
1 5750 2004 2640
1 5752 2004 5326
1 5747 2004 5150
1 5749 2004 3201
1 5811 2004 3738
1 5813 2004 3268
1 5814 2004 3268
1 5815 2004 4454
1 5816 2004 4454
1 5817 2004 4395
1 5819 2004 4217
1 5820 2004 4217
1 5822 2004 5135
1 5826 2004 4529
1 5827 2004 5635
1 5830 2004 3289
1 5833 2004 3250
1 5834 2004 3250
1 5840 2004 3248
1 5841 2004 4169
1 5842 2004 4103
1 5843 2004 4103
1 5844 2004 4051
1 5845 2004 2706
1 5848 2004 3279
1 5849 2004 5137
1 5853 2004 3589
1 5874 2004 4635
1 5875 2004 4238
1 5755 2004 4162
1 5758 2004 4335
1 5763 2004 5076
1 5768 2004 4407
1 5772 2004 4346
1 5775 2004 4308
1 5776 2004 4308
1 5778 2004 5232
1 5780 2004 5144
1 5783 2004 2800
1 5795 2004 4004
1 5796 2004 5130
1 5797 2004 3445
1 5801 2004 4420
1 5804 2004 4241
1 5904 2004 4305
1 5905 2004 4386
1 5906 2004 4386
1 5907 2004 5061
1 5908 2004 5084
1 5909 2004 3651
1 5914 2004 5141
1 5919 2004 3303
1 5920 2004 4631
1 5921 2004 4258
1 5922 2004 3431
1 5925 2004 5535
1 5927 2004 3563
1 5931 2004 5634
1 5932 2004 5510
1 5935 2004 5471
1 5973 2004 3567
1 5974 2004 3567
1 5976 2004 2784
1 5977 2004 5548
1 5978 2004 3265
1 5988 2004 5121
1 5990 2004 4473
1 5992 2004 4322
1 5876 2004 5111
1 5877 2004 2834
1 5878 2004 2834
1 5879 2004 5107
1 5880 2004 3636
1 5886 2004 4460
1 5890 2004 4467
1 5894 2004 4459
1 5895 2004 4468
1 5896 2004 3564
1 5898 2004 2787
1 5899 2004 4734
1 5900 2004 5495
1 5901 2004 3490
1 5903 2004 4378
1 5993 2004 3796
1 5998 2004 3009
1 6123 2005 5555
1 6124 2005 5107
1 6125 2005 5552
1 6131 2005 3214
1 6133 2005 3250
1 6150 2005 3490
1 6151 2005 5443
1 6152 2005 4193
1 6154 2005 3268
1 6155 2005 3268
1 6163 2005 5596
1 6121 2005 3607
1 6122 2005 4456
1 6166 2005 5662
1 6167 2005 4459
1 6170 2005 4217
1 6171 2005 5535
1 6172 2005 5520
1 6173 2005 4051
1 6174 2005 5466
1 6175 2005 5141
1 6176 2005 5137
1 6181 2005 5490
1 6183 2005 5510
1 6164 2005 3420
1 6165 2005 4575
1 6191 2005 4454
1 6196 2005 5084
1 6197 2005 4467
1 6200 2005 5326
1 6201 2005 5456
1 6202 2005 4346
1 6103 2005 5060
1 6106 2005 4314
1 6113 2005 5248
1 6114 2005 5089
1 6116 2005 4407
1 6117 2005 4468
1 6120 2005 4460
1 6189 2005 4386
1 6084 2005 6083
1 6085 2005 4166
1 6088 2005 5597
1 6090 2005 3571
1 6095 2005 3725
1 6102 2005 4432
1 6184 2005 3564
1 6399 2006 5626
1 6402 2006 5150
1 6403 2006 3490
1 6404 2006 4395
1 6400 2006 5433
1 6380 2006 5439
1 6386 2006 5089
1 6391 2006 3533
1 6392 2006 3533
1 6395 2006 4051
1 6396 2006 3268
1 6398 2006 4420
1 6422 2006 4386
1 6423 2006 4386
1 6439 2006 5486
1 6443 2006 5741
1 6445 2006 5520
1 6405 2006 4395
1 6406 2006 4575
1 6409 2006 4223
1 6410 2006 4410
1 6412 2006 5250
1 6415 2006 6529
1 6418 2006 4459
1 6421 2006 5427
1 6340 2006 5063
1 6346 2006 5547
1 6347 2006 4407
1 6348 2006 5107
1 6349 2006 3945
1 6363 2006 5232
1 6368 2006 4359
1 6479 2006 5084
1 6482 2006 5141
1 6483 2006 5141
1 6484 2006 5326
1 6486 2006 5535
1 6487 2006 3009
1 6488 2006 3552
1 6489 2006 4193
1 6503 2006 5501
1 6504 2006 5444
1 6506 2006 4467
1 6475 2006 5122
1 6446 2006 5490
1 6447 2006 5555
1 6453 2006 4454
1 6454 2006 4468
1 6458 2006 5670
1 6459 2006 5121
1 6460 2006 5491
1 6462 2006 5144
1 6464 2006 5525
1 6465 2006 5510
1 6473 2006 5137
1 6474 2006 5604
1 6476 2006 4628
1 6478 2006 5531
1 6563 2007 4404
1 6567 2007 6083
1 6574 2007 5232
1 6577 2007 5447
1 6583 2007 5100
1 6584 2007 3571
1 6585 2007 6529
1 6586 2007 5076
1 6587 2007 5076
1 6588 2007 5242
1 6590 2007 5631
1 6591 2007 6099
1 6564 2007 5103
1 6565 2007 5547
1 6620 2007 4335
1 6621 2007 5250
1 6622 2007 4359
1 6623 2007 5152
1 6624 2007 5443
1 6625 2007 5555
1 6628 2007 4420
1 6630 2007 4454
1 6632 2007 5531
1 6633 2007 6196
1 6634 2007 5543
1 6635 2007 6100
1 6636 2007 4241
1 6644 2007 5137
1 6645 2007 6151
1 6646 2007 5431
1 6649 2007 5439
1 6650 2007 4468
1 6651 2007 5127
1 6652 2007 4410
1 6655 2007 4217
1 6656 2007 4217
1 6659 2007 5456
1 6662 2007 5506
1 6663 2007 5111
1 6666 2007 5648
1 6667 2007 4470
1 6670 2007 5542
1 6671 2007 5632
1 6672 2007 5430
1 6673 2007 5248
1 6674 2007 6193
1 6675 2007 5094
1 6677 2007 5491
1 6678 2007 5535
1 6679 2007 5490
1 6682 2007 5510
1 6683 2007 4473
1 6687 2007 5759
1 6689 2007 5606
1 6691 2007 5514
1 6692 2007 5589
1 6693 2007 5486
1 6694 2007 5520
1 6695 2007 5520
1 6696 2007 5626
1 6700 2007 6120
1 6703 2007 5741
1 6704 2007 3692
1 6705 2007 4238
1 6706 2007 5089
1 6708 2007 4456
1 6710 2007 5130
1 6711 2007 5130
1 6713 2007 5593
1 6714 2007 6147
1 6715 2007 5526
1 6716 2007 5466
1 6717 2007 5460
1 6718 2007 5525
1 6719 2007 3564
1 6720 2007 5501
1 6721 2007 5084
1 6722 2007 5141
1 6724 2007 5444
1 6725 2007 5121
1 6727 2007 5459
1 6730 2007 5326
1 6731 2007 4575
1 6732 2007 4575
1 6597 2007 5469
1 6599 2007 4407
1 6600 2007 6089
1 6605 2007 5421
1 6608 2007 5652
1 6611 2007 6136
1 6612 2007 5125
1 6613 2007 4361
1 6614 2007 4361
1 6615 2007 4395
1 6616 2007 5107
1 6617 2007 5150
1 6595 2007 5433
1 6596 2007 5469
1 6592 2007 5455
1 6857 2008 6127
1 6858 2008 4004
1 6862 2008 4399
1 6863 2008 5250
1 6864 2008 4359
1 6861 2008 4399
1 6868 2008 6189
1 6869 2008 5248
1 6870 2008 5433
1 6865 2008 5552
1 6855 2008 5076
1 6856 2008 5076
1 6879 2008 5530
1 6881 2008 5427
1 6883 2008 5593
1 6884 2008 6147
1 6886 2008 5100
1 6890 2008 4395
1 6891 2008 4395
1 6892 2008 5122
1 6897 2008 6145
1 6898 2008 6145
1 6872 2008 5741
1 6875 2008 5562
1 6876 2008 5525
1 6824 2008 5469
1 6825 2008 5469
1 6826 2008 5063
1 6827 2008 3659
1 6828 2008 5421
1 6830 2008 6083
1 6835 2008 4361
1 6838 2008 6193
1 6839 2008 5107
1 6845 2008 4190
1 6850 2008 5144
1 6851 2008 3662
1 6927 2008 5466
1 6928 2008 5531
1 6929 2008 5084
1 6930 2008 4407
1 6931 2008 5631
1 6934 2008 6196
1 6936 2008 6150
1 6937 2008 6150
1 6939 2008 5146
1 6940 2008 6159
1 6941 2008 5506
1 6942 2008 5506
1 6944 2008 5150
1 6945 2008 5555
1 6946 2008 4575
1 6947 2008 4575
1 6948 2008 6155
1 6949 2008 6331
1 6950 2008 4529
1 6955 2008 6435
1 6956 2008 5152
1 6957 2008 5444
1 6958 2008 5535
1 6959 2008 5891
1 6960 2008 5547
1 6963 2008 4598
1 6964 2008 5595
1 6966 2008 6124
1 6967 2008 4465
1 6968 2008 6348
1 6969 2008 5490
1 6971 2008 4468
1 6972 2008 5495
1 6974 2008 5501
1 6978 2008 6459
1 6979 2008 5505
1 6980 2008 5326
1 6984 2008 6779
1 6985 2008 5125
1 6989 2008 3564
1 6990 2008 4335
1 6903 2008 6084
1 6904 2008 5604
1 6905 2008 5604
1 6906 2008 6452
1 6910 2008 5510
1 6912 2008 4420
1 6913 2008 6369
1 6915 2008 6118
1 6916 2008 5662
1 6918 2008 6455
1 6919 2008 6525
1 6921 2008 5137
1 6902 2008 5486
1 6924 2008 5089
1 6923 2008 6529
1 7108 2009 5242
1 7113 2009 5421
1 7118 2009 5447
1 7120 2009 6588
1 7121 2009 5150
1 7124 2009 6452
1 7119 2009 5248
1 7132 2009 5431
1 7134 2009 5107
1 7136 2009 5542
1 7129 2009 6605
1 7107 2009 5103
1 7140 2009 4410
1 7142 2009 6583
1 7144 2009 5751
1 7145 2009 6136
1 7146 2009 6338
1 7150 2009 5130
1 7151 2009 5130
1 7152 2009 4395
1 7153 2009 5427
1 7154 2009 5427
1 7156 2009 6189
1 7137 2009 5433
1 7139 2009 5119
1 7179 2009 5520
1 7180 2009 6196
1 7181 2009 6196
1 7182 2009 6435
1 7185 2009 5084
1 7186 2009 5232
1 7188 2009 4631
1 7189 2009 6656
1 7194 2009 6168
1 7195 2009 6164
1 7198 2009 4407
1 7199 2009 6176
1 7200 2009 5137
1 7202 2009 6666
1 7203 2009 4190
1 7204 2009 6625
1 7205 2009 5510
1 7206 2009 5555
1 7207 2009 4359
1 7209 2009 5144
1 7210 2009 4399
1 7213 2009 6362
1 7216 2009 6608
1 7218 2009 6145
1 7158 2009 5466
1 7159 2009 6459
1 7161 2009 5631
1 7162 2009 5631
1 7163 2009 5111
1 7164 2009 5535
1 7165 2009 5535
1 7169 2009 6593
1 7172 2009 5501
1 7173 2009 5525
1 7174 2009 6155
1 7175 2009 5141
1 7176 2009 5141
1 7177 2009 5530
1 7178 2009 5520
1 7246 2009 6615
1 7248 2009 5444
1 7249 2009 5444
1 7250 2009 5490
1 7251 2009 5632
1 7252 2009 6697
1 7254 2009 6723
1 7256 2009 6455
1 7260 2009 6679
1 7261 2009 6682
1 7262 2009 6646
1 7267 2009 5528
1 7307 2009 4420
1 7308 2009 4456
1 7220 2009 6644
1 7221 2009 6724
1 7229 2009 5439
1 7230 2009 6124
1 7233 2009 5531
1 7234 2009 6441
1 7235 2009 5133
1 7236 2009 4004
1 7238 2009 6348
1 7239 2009 6695
1 7240 2009 4238
1 7241 2009 5430
1 7219 2009 4575
1 7245 2009 5589
1 7242 2009 5604
1 7436 2010 5107
1 7437 2010 6646
1 7438 2010 5444
1 7441 2010 5421
1 7444 2010 6690
1 7446 2010 6585
1 7440 2010 6605
1 7451 2010 5597
1 7452 2010 6724
1 7453 2010 6189
1 7447 2010 6827
1 7435 2010 5276
1 7485 2010 5741
1 7486 2010 6680
1 7488 2010 6127
1 7490 2010 5127
1 7491 2010 6910
1 7492 2010 6124
1 7496 2010 5751
1 7501 2010 6425
1 7502 2010 6588
1 7511 2010 6583
1 7512 2010 6625
1 7513 2010 5443
1 7514 2010 5443
1 7515 2010 6196
1 7516 2010 5543
1 7517 2010 6125
1 7519 2010 6892
1 7520 2010 4575
1 7521 2010 6938
1 7522 2010 6929
1 7523 2010 6990
1 7524 2010 6408
1 7525 2010 5652
1 7526 2010 5530
1 7528 2010 6688
1 7454 2010 6348
1 7455 2010 6666
1 7457 2010 5248
1 7462 2010 5469
1 7463 2010 5469
1 7467 2010 4407
1 7471 2010 6168
1 7472 2010 6644
1 7473 2010 6691
1 7476 2010 6151
1 7478 2010 5144
1 7480 2010 6608
1 7482 2010 6171
1 7483 2010 6860
1 7484 2010 6100
1 7552 2010 6435
1 7553 2010 5631
1 7558 2010 6969
1 7559 2010 6155
1 7560 2010 5528
1 7561 2010 6537
1 7562 2010 5917
1 7563 2010 6866
1 7565 2010 5510
1 7569 2010 6615
1 7571 2010 6937
1 7572 2010 6909
1 7573 2010 5520
1 7574 2010 5520
1 7575 2010 5466
1 7576 2010 5525
1 7577 2010 6930
1 7578 2010 6900
1 7580 2010 6907
1 7581 2010 6679
1 7582 2010 6718
1 7586 2010 6193
1 7591 2010 6979
1 7593 2010 6831
1 7595 2010 6958
1 7529 2010 6159
1 7530 2010 5562
1 7531 2010 5604
1 7532 2010 6776
1 7533 2010 6525
1 7536 2010 5662
1 7537 2010 5133
1 7538 2010 5133
1 7541 2010 5632
1 7542 2010 5490
1 7543 2010 5535
1 7544 2010 5535
1 7545 2010 5891
1 7546 2010 6089
1 7548 2010 5137
1 7681 2010 6834
1 7600 2010 6678
1 7602 2010 7063
1 7603 2010 7078
1 7682 2010 6617
1 8236 2011 6909
1 8247 2011 6831
1 8248 2011 6971
1 8250 2011 7131
1 8251 2011 6867
1 8252 2011 6124
1 8254 2011 6680
1 8255 2011 6155
1 8256 2011 7230
1 8237 2011 6625
1 8238 2011 6189
1 8239 2011 7267
1 8245 2011 6168
1 8246 2011 7124
1 8265 2011 6593
1 8267 2011 6151
1 8269 2011 6730
1 8271 2011 6588
1 8273 2011 6713
1 8276 2011 6945
1 8277 2011 5443
1 8257 2011 7157
1 8258 2011 6176
1 8259 2011 6692
1 8260 2011 6369
1 8263 2011 7205
1 8284 2011 6969
1 8285 2011 6948
1 8286 2011 7043
1 8289 2011 6452
1 8292 2011 6723
1 8295 2011 5127
1 8296 2011 6150
1 8297 2011 6585
1 8299 2011 5520
1 8300 2011 6617
1 8301 2011 5530
1 8302 2011 7046
1 8303 2011 6718
1 8304 2011 6408
1 8307 2011 6920
1 8308 2011 6972
1 8314 2011 7172
1 8315 2011 6859
1 8317 2011 7163
1 8318 2011 6441
1 8319 2011 6717
1 8324 2011 5490
1 8325 2011 5444
1 8327 2011 6938
1 8328 2011 6682
1 8329 2011 6770
1 8341 2011 6118
1 8345 2011 5595
1 8346 2011 5595
1 8349 2011 6967
1 8351 2011 5525
1 8352 2011 6683
1 8353 2011 6663
1 8354 2011 6780
1 8359 2011 5593
1 8278 2011 5443
1 8280 2011 5510
1 8281 2011 6928
1 8282 2011 6679
1 8283 2011 6930
1 8213 2011 5107
1 8219 2011 6086
1 8220 2011 6605
1 8224 2011 6833
1 8227 2011 6348
1 8228 2011 6644
1 8229 2011 6781
1 8231 2011 4361
1 8233 2011 6829
1 8234 2011 5662
1 8452 2011 7201
1 8457 2011 6609
1 8361 2011 6615
1 8753 2012 6945
1 8754 2012 6927
1 8756 2012 6857
1 8752 2012 7454
1 8764 2012 6938
1 8765 2012 7157
1 8757 2012 7201
1 8744 2012 6723
1 8746 2012 7142
1 8747 2012 7230
1 8772 2012 7232
1 8776 2012 7215
1 8780 2012 5490
1 8781 2012 7172
1 8782 2012 6969
1 8783 2012 6617
1 8789 2012 6911
1 8790 2012 6678
1 8767 2012 6425
1 8769 2012 6151
1 8770 2012 7043
1 8771 2012 7267
1 8710 2012 6690
1 8713 2012 6625
1 8722 2012 7262
1 8723 2012 5662
1 8724 2012 6605
1 8727 2012 6990
1 8730 2012 6348
1 8731 2012 7185
1 8733 2012 6408
1 8736 2012 7206
1 8743 2012 7205
1 8792 2012 7118
1 8793 2012 7051
1 8794 2012 6682
1 8798 2012 7476
1 8799 2012 6176
1 8800 2012 6680
1 8806 2012 7574
1 8811 2012 5528
1 8812 2012 6967
1 9026 2013 6625
1 9027 2013 7476
1 9028 2013 8258
1 9011 2013 6644
1 9012 2013 6724
1 9013 2013 7576
1 9015 2013 7185
1 9017 2013 6777
1 9018 2013 7157
1 9022 2013 6911
1 9023 2013 6348
1 9024 2013 7205
1 9025 2013 6625
1 9046 2013 7267
1 9048 2013 7262
1 9050 2013 6678
1 9033 2013 6938
1 9034 2013 7230
1 9035 2013 7230
1 9036 2013 8362
1 9040 2013 6937
1 9041 2013 6827
1 9042 2013 6827
1 9043 2013 7172
1 9044 2013 6155
1 9045 2013 7267
1 9068 2013 7593
1 9072 2013 6930
1 9073 2013 6930
1 9074 2013 7142
1 9076 2013 7133
1 9079 2013 6929
1 9080 2013 7051
1 9081 2013 7261
1 9082 2013 7261
1 9084 2013 6834
1 9087 2013 6948
1 9088 2013 7198
1 9089 2013 7542
1 9090 2013 6969
1 9091 2013 6969
1 9092 2013 8327
1 9093 2013 8358
1 9098 2013 8765
1 9101 2013 7109
1 9106 2013 6874
1 9109 2013 7257
1 9111 2013 8771
1 9112 2013 7472
1 9113 2013 6945
1 9114 2013 6196
1 9115 2013 6196
1 9116 2013 5594
1 9120 2013 6127
1 9121 2013 6127
1 9122 2013 7575
1 9051 2013 6678
1 9055 2013 7560
1 9056 2013 7560
1 9057 2013 8730
1 9058 2013 6151
1 9059 2013 6608
1 9060 2013 7486
1 9062 2013 8240
1 9063 2013 7232
1 9065 2013 8718
1 9144 2013 6682
1 9145 2013 6682
1 9147 2013 6425
1 9148 2013 6425
1 9149 2013 8506
1 9155 2013 6967
1 9156 2013 6967
1 9158 2013 8745
1 9161 2013 7574
1 9162 2013 6615
1 9163 2013 8780
1 9164 2013 7194
1 9136 2013 8793
1 9142 2013 7043
1 9001 2013 6680
1 9004 2013 6691
1 9008 2013 7459
1 9126 2013 5528
1 9127 2013 6916
1 9129 2013 8740
1 9130 2013 8720
1 9132 2013 6679
1 9133 2013 4465
1 9134 2013 6617
1 9135 2013 6617
1 9009 2013 7454
1 9010 2013 6644
1 9753 2014 8265
1 9757 2014 6691
1 9758 2014 6833
1 9754 2014 6690
1 9756 2014 6168
1 9763 2014 7108
1 9766 2014 8714
1 9767 2014 6837
1 9768 2014 8785
1 9769 2014 7194
1 9775 2014 7133
1 9776 2014 7143
1 9780 2014 6583
1 9781 2014 6827
1 9782 2014 6827
1 9784 2014 8312
1 9759 2014 8716
1 9762 2014 8787
1 9810 2014 6605
1 9811 2014 6605
1 9815 2014 8717
1 9821 2014 6929
1 9824 2014 7172
1 9827 2014 7043
1 9830 2014 6945
1 9834 2014 6874
1 9835 2014 7476
1 9836 2014 7142
1 9839 2014 6831
1 9840 2014 7157
1 9841 2014 6608
1 9842 2014 7593
1 9844 2014 7063
1 9850 2014 8762
1 9851 2014 7576
1 9852 2014 7576
1 9854 2014 7560
1 9855 2014 7560
1 9856 2014 7261
1 9857 2014 7261
1 9859 2014 7232
1 9862 2014 6866
1 9865 2014 7071
1 9869 2014 7458
1 9870 2014 6726
1 9873 2014 8780
1 9874 2014 8965
1 9875 2014 6770
1 9877 2014 6930
1 9878 2014 6969
1 9879 2014 5490
1 9880 2014 8744
1 9885 2014 6851
1 9887 2014 7687
1 9888 2014 6145
1 9889 2014 6900
1 9895 2014 8506
1 9897 2014 6943
1 9898 2014 6679
1 9899 2014 9239
1 9901 2014 5597
1 9902 2014 8812
1 9903 2014 6598
1 9904 2014 7575
1 9905 2014 7574
1 9907 2014 7202
1 9911 2014 10113
1 9912 2014 7542
1 9915 2014 6916
1 9918 2014 6682
1 9919 2014 6948
1 9920 2014 6967
1 9921 2014 6967
1 9790 2014 6982
1 9793 2014 7055
1 9794 2014 8240
1 9795 2014 8327
1 9797 2014 7118
1 9798 2014 6688
1 9800 2014 7144
1 9801 2014 6937
1 9802 2014 6938
1 9803 2014 7454
1 9787 2014 8730
1 9788 2014 6348
1 9809 2014 7459
1 9804 2014 6990
1 10180 2015 7205
1 10181 2015 6690
1 10179 2015 8358
1 10187 2015 7185
1 10188 2015 7185
1 10183 2015 7108
1 10184 2015 7109
1 10196 2015 6625
1 10197 2015 8714
1 10193 2015 6666
1 10194 2015 7560
1 10224 2015 6678
1 10227 2015 6866
1 10228 2015 6937
1 10229 2015 7230
1 10230 2015 7230
1 10231 2015 8758
1 10233 2015 10748
1 10235 2015 7476
1 10238 2015 7241
1 10239 2015 8265
1 10240 2015 8265
1 10242 2015 7267
1 10245 2015 7245
1 10246 2015 7131
1 10247 2015 7131
1 10251 2015 8762
1 10256 2015 9119
1 10258 2015 6930
1 10259 2015 6724
1 10262 2015 6958
1 10263 2015 8734
1 10266 2015 9169
1 10272 2015 7593
1 10273 2015 6827
1 10274 2015 6827
1 10199 2015 8731
1 10201 2015 10747
1 10202 2015 7172
1 10203 2015 7576
1 10205 2015 8798
1 10206 2015 6118
1 10207 2015 9207
1 10208 2015 8240
1 10210 2015 6644
1 10211 2015 8312
1 10217 2015 7262
1 10218 2015 8716
1 10220 2015 7472
1 10221 2015 8730
1 10223 2015 8751
1 10308 2015 6945
1 10309 2015 6945
1 10310 2015 7215
1 10312 2015 7115
1 10313 2015 7053
1 10314 2015 7575
1 10316 2015 8804
1 10318 2015 6770
1 10319 2015 5490
1 10320 2015 7542
1 10321 2015 8812
1 10322 2015 6900
1 10325 2015 10753
1 10328 2015 10721
1 10331 2015 6969
1 10332 2015 6969
1 10333 2015 8965
1 10335 2015 8327
1 10336 2015 9211
1 10337 2015 6726
1 10338 2015 8506
1 10340 2015 6663
1 10341 2015 6916
1 10342 2015 7206
1 10343 2015 6948
1 10345 2015 7163
1 10346 2015 9029
1 10354 2015 6962
1 10355 2015 6682
1 10279 2015 6938
1 10281 2015 6683
1 10282 2015 8790
1 10290 2015 6851
1 10291 2015 8794
1 10292 2015 6929
1 10293 2015 8974
1 10298 2015 8811
1 10299 2015 9036
1 10300 2015 9023
1 10301 2015 6679
1 10302 2015 7043
1 10303 2015 7157
1 10278 2015 9212
1 10277 2015 8258
1 10536 2016 7574
1 10540 2016 8718
1 10541 2016 6777
1 10543 2016 8751
1 10545 2016 7172
1 10547 2016 8715
1 10542 2016 8240
1 10553 2016 9242
1 10555 2016 7560
1 10556 2016 7576
1 10550 2016 9086
1 10535 2016 8731
1 10559 2016 9214
1 10565 2016 6930
1 10566 2016 8265
1 10567 2016 6644
1 10569 2016 8758
1 10570 2016 6827
1 10576 2016 6866
1 10579 2016 8756
1 10580 2016 9119
1 10582 2016 6892
1 10585 2016 8965
1 10557 2016 7576
1 10558 2016 7476
1 10514 2016 8958
1 10517 2016 6690
1 10518 2016 8734
1 10519 2016 8780
1 10521 2016 9093
1 10522 2016 8811
1 10524 2016 8729
1 10527 2016 9246
1 10528 2016 9207
1 10531 2016 10747
1 10532 2016 8759
1 10533 2016 7241
1 10534 2016 8730
1 10611 2016 8720
1 10615 2016 9841
1 10616 2016 9769
1 10617 2016 8712
1 10618 2016 9083
1 10619 2016 10742
1 10620 2016 8725
1 10621 2016 9208
1 10622 2016 6945
1 10625 2016 7486
1 10626 2016 7542
1 10628 2016 8258
1 10630 2016 8744
1 10631 2016 6851
1 10635 2016 7228
1 10640 2016 6938
1 10642 2016 7262
1 10643 2016 10853
1 10644 2016 8812
1 10645 2016 9074
1 10646 2016 7454
1 10655 2016 6969
1 10658 2016 6679
1 10659 2016 7230
1 10660 2016 6348
1 10586 2016 8510
1 10587 2016 7143
1 10589 2016 9212
1 10593 2016 8790
1 10594 2016 7472
1 10595 2016 9805
1 10597 2016 6982
1 10598 2016 8749
1 10599 2016 8783
1 10600 2016 9258
1 10601 2016 7185
1 10602 2016 7185
1 10606 2016 7575
1 10609 2016 10753
1 10610 2016 9169
1 10662 2016 6967
1 11137 2017 8730
1 11138 2017 7459
1 11139 2017 10180
1 11140 2017 10115
1 11141 2017 6827
1 11146 2017 8729
1 11147 2017 9246
1 11148 2017 9797
1 11149 2017 9833
1 11150 2017 9793
1 11154 2017 8731
1 11155 2017 9165
1 11136 2017 7560
1 11157 2017 8811
1 11158 2017 8751
1 11159 2017 7205
1 11160 2017 7133
1 11161 2017 9251
1 11162 2017 8725
1 11163 2017 9214
1 11164 2017 6937
1 11165 2017 9769
1 11173 2017 6348
1 11174 2017 7230
1 11175 2017 7230
1 11156 2017 8811
1 11179 2017 10347
1 11180 2017 8762
1 11182 2017 7063
1 11183 2017 6938
1 11184 2017 8240
1 11185 2017 8240
1 11187 2017 8749
1 11188 2017 9208
1 11193 2017 7194
1 11194 2017 9086
1 11197 2017 7131
1 11201 2017 9211
1 11204 2017 8785
1 11210 2017 8758
1 11211 2017 7576
1 11212 2017 7576
1 11213 2017 10191
1 11214 2017 10231
1 11216 2017 6958
1 11217 2017 9036
1 11222 2017 9849
1 11226 2017 6930
1 11227 2017 8780
1 11228 2017 7486
1 11231 2017 8783
1 11234 2017 9030
1 11235 2017 9074
1 11236 2017 7142
1 11240 2017 9838
1 11241 2017 6969
1 11242 2017 7144
1 11244 2017 9016
1 11245 2017 7056
1 11246 2017 7056
1 11248 2017 5490
1 11249 2017 6679
1 11250 2017 6690
1 11252 2017 8812
1 11253 2017 7252
1 11176 2017 9827
1 11257 2017 10190
1 11258 2017 8804
1 11260 2017 9060
1 11263 2017 7596
1 11268 2017 7542
1 11271 2017 9834
1 11272 2017 9768
1 11273 2017 10443
1 11274 2017 9125
1 11275 2017 7458
1 11277 2017 8807
1 11279 2017 6967
1 11134 2017 8787
1 11135 2017 7700
1 11114 2017 7262
1 11115 2017 9759
1 11116 2017 9075
1 11118 2017 9843
1 11122 2017 11121
1 11123 2017 7055
1 11126 2017 6644
1 11128 2017 8800
1 11129 2017 8721
1 11130 2017 8734
1 11131 2017 8714
1 11256 2017 7053
1 11510 2018 8714
1 11512 2018 9843
1 11514 2018 10850
1 11518 2018 6837
1 11519 2018 9093
1 11532 2018 8721
1 11533 2018 8744
1 11534 2018 9822
1 11535 2018 10220
1 11536 2018 9207
1 11537 2018 7205
1 11541 2018 9216
1 11544 2018 10180
1 11545 2018 7133
1 11548 2018 8749
1 11552 2018 8751
1 11554 2018 6583
1 11560 2018 10191
1 11561 2018 9060
1 11562 2018 10293
1 11563 2018 10443
1 11564 2018 9023
1 11565 2018 7560
1 11566 2018 10237
1 11508 2018 9246
1 11509 2018 8729
1 11589 2018 10438
1 11590 2018 9827
1 11592 2018 8258
1 11594 2018 6945
1 11595 2018 8758
1 11596 2018 8506
1 11597 2018 6990
1 11598 2018 8811
1 11599 2018 8811
1 11602 2018 7486
1 11603 2018 9016
1 11604 2018 8327
1 11605 2018 10243
1 11606 2018 9029
1 11608 2018 6969
1 11611 2018 9805
1 11612 2018 9805
1 11616 2018 6943
1 11617 2018 10853
1 11618 2018 9074
1 11619 2018 11386
1 11620 2018 8730
1 11621 2018 11390
1 11623 2018 7574
1 11624 2018 7542
1 11625 2018 9075
1 11628 2018 9784
1 11631 2018 9795
1 11571 2018 8780
1 11572 2018 8794
1 11573 2018 9030
1 11575 2018 11389
1 11576 2018 11389
1 11577 2018 8510
1 11578 2018 7576
1 11580 2018 7142
1 11581 2018 8790
1 11583 2018 9833
1 11585 2018 10575
1 11586 2018 11075
1 11587 2018 7587
1 11569 2018 10854
1 11568 2018 10347
