1 1592 2 2
1 1648 2 1
1 1665 1 1
1 1642 2 1
1 1739 2 1
1 1734 1 1
1 1743 2 1
1 1744 1 1
1 1745 2 1
1 1746 2 1
1 1749 2 1
1 1750 1 2
1 1751 2 2
1 1754 1 1
1 1741 1 2
1 1742 1 1
1 1779 1 2
1 1780 2 2
1 1784 1 1
1 1785 1 1
1 1790 1 1
1 1792 1 2
1 1793 1 2
1 1797 2 1
1 1799 2 1
1 1801 2 2
1 1803 2 2
1 1808 2 2
1 1817 1 1
1 1818 2 1
1 1819 2 1
1 1833 2 1
1 1834 1 2
1 1756 1 1
1 1758 2 1
1 1760 2 1
1 1762 1 1
1 1765 1 2
1 1767 1 1
1 1768 2 1
1 1769 1 1
1 1774 1 1
1 1777 1 1
1 1899 1 1
1 1847 1 1
1 1876 1 1
1 1877 1 1
1 1880 1 1
1 1883 2 1
1 1884 2 1
1 1885 1 1
1 1887 1 1
1 1835 1 1
1 1841 1 1
1 1891 1 1
1 1890 2 2
1 1963 2 1
1 2064 1 1
1 2066 1 1
1 2067 1 2
1 2069 1 1
1 2071 1 1
1 2072 1 1
1 2073 1 1
1 2074 1 1
1 2076 1 2
1 2098 2 1
1 2099 2 1
1 2126 2 2
1 2159 1 1
1 2169 1 1
1 2172 1 2
1 2173 2 1
1 2174 1 1
1 2108 1 1
1 2110 1 2
1 2252 1 1
1 2254 2 1
1 2248 1 1
1 2250 2 1
1 2299 1 1
1 2300 2 1
1 2301 2 1
1 2302 1 1
1 2303 2 1
1 2305 2 1
1 2308 1 1
1 2310 2 1
1 2311 1 1
1 2315 1 1
1 2323 1 1
1 2327 1 1
1 2339 1 1
1 2340 1 2
1 2342 1 1
1 2343 1 1
1 2344 2 1
1 2349 1 1
1 2350 2 1
1 2351 1 1
1 2354 2 2
1 2356 1 2
1 2358 1 1
1 2359 1 2
1 2362 1 1
1 2255 2 1
1 2259 2 1
1 2262 1 2
1 2263 2 2
1 2265 2 2
1 2267 1 2
1 2269 2 2
1 2274 2 1
1 2279 2 2
1 2281 2 1
1 2282 2 1
1 2285 2 2
1 2287 2 1
1 2293 1 1
1 2294 2 2
1 2369 1 2
1 2374 1 1
1 2375 1 1
1 2376 1 2
1 2377 1 1
1 2378 1 1
1 2379 1 1
1 2368 1 1
1 2435 2 1
1 2437 1 2
1 2440 2 2
1 2441 1 2
1 2436 1 2
1 2421 1 2
1 2422 2 1
1 2424 2 2
1 2426 1 1
1 2431 1 1
1 2432 2 1
1 2434 2 1
1 2452 2 2
1 2455 1 1
1 2456 1 1
1 2457 1 1
1 2459 2 1
1 2442 1 1
1 2444 2 1
1 2446 2 1
1 2447 1 2
1 2448 2 2
1 2449 1 2
1 2450 2 2
1 2451 1 2
1 2406 2 1
1 2408 1 1
1 2409 1 1
1 2414 1 1
1 2416 1 1
1 2417 1 1
1 2420 1 2
1 2483 1 2
1 2484 1 2
1 2485 1 1
1 2487 2 1
1 2488 2 1
1 2489 1 1
1 2490 1 1
1 2494 2 1
1 2495 1 1
1 2496 2 2
1 2497 2 2
1 2498 1 1
1 2502 2 1
1 2503 2 1
1 2504 1 1
1 2505 1 1
1 2508 1 2
1 2509 2 2
1 2510 1 1
1 2516 2 1
1 2517 2 1
1 2519 2 1
1 2520 2 1
1 2521 2 1
1 2522 2 2
1 2523 1 1
1 2524 1 1
1 2525 2 1
1 2526 1 1
1 2527 1 1
1 2530 2 1
1 2533 1 1
1 2539 2 2
1 2540 2 1
1 2569 1 1
1 2571 1 1
1 2572 1 1
1 2480 1 1
1 2481 2 2
1 2461 1 2
1 2462 1 2
1 2464 1 1
1 2466 1 2
1 2467 1 2
1 2468 2 2
1 2469 2 2
1 2470 1 2
1 2471 1 2
1 2472 2 2
1 2473 1 2
1 2479 1 1
1 2460 1 1
1 2607 1 1
1 2608 1 1
1 2613 2 1
1 2614 2 1
1 2616 2 1
1 2617 1 1
1 2618 2 1
1 2620 1 1
1 2621 2 1
1 2623 1 2
1 2624 2 2
1 2629 1 1
1 2631 1 1
1 2632 1 2
1 2633 2 1
1 2634 1 1
1 2637 1 1
1 2638 1 1
1 2642 2 1
1 2643 1 1
1 2644 1 1
1 2645 2 1
1 2649 2 1
1 2650 2 1
1 2654 2 1
1 2602 2 1
1 2606 2 1
1 2677 2 1
1 2678 2 2
1 2679 1 1
1 2685 2 2
1 2688 1 2
1 2695 1 2
1 2696 2 1
1 2697 1 2
1 2698 1 1
1 2699 1 1
1 2700 2 2
1 2706 1 1
1 2707 1 1
1 2658 1 1
1 2660 2 1
1 2661 2 1
1 2662 2 1
1 2663 1 1
1 2664 1 1
1 2667 2 1
1 2668 1 1
1 2669 2 1
1 2670 2 2
1 2671 1 2
1 2655 2 1
1 2657 1 1
1 2675 2 1
1 2795 2 1
1 2796 2 1
1 2794 1 1
1 2802 2 2
1 2803 1 2
1 2799 1 1
1 2801 2 1
1 2806 1 2
1 2807 1 1
1 2804 1 1
1 2805 2 2
1 2848 2 2
1 2849 1 2
1 2850 2 1
1 2851 2 1
1 2852 2 1
1 2853 1 1
1 2854 1 1
1 2855 1 1
1 2857 2 2
1 2858 2 2
1 2861 1 1
1 2863 2 1
1 2864 2 1
1 2866 1 2
1 2867 1 2
1 2868 1 1
1 2869 2 2
1 2870 1 2
1 2871 1 1
1 2873 1 1
1 2875 2 1
1 2881 1 1
1 2882 1 1
1 2885 1 1
1 2887 1 2
1 2888 2 2
1 2893 1 2
1 2894 2 2
1 2898 1 2
1 2899 1 2
1 2906 1 1
1 2909 1 1
1 2910 2 1
1 2911 2 1
1 2912 1 2
1 2913 2 2
1 2915 2 1
1 2916 1 2
1 2917 2 2
1 2919 2 1
1 2920 2 2
1 2922 1 1
1 2926 1 2
1 2928 2 1
1 2932 2 2
1 2933 2 1
1 2935 2 1
1 2937 1 1
1 2938 1 1
1 2939 1 1
1 2941 1 1
1 2943 1 1
1 2945 2 1
1 2962 2 1
1 2963 1 1
1 2964 1 2
1 2818 2 1
1 2822 2 1
1 2823 1 2
1 2824 1 2
1 2829 1 1
1 2830 1 1
1 2833 1 1
1 2834 1 1
1 2808 2 2
1 2809 1 2
1 2811 2 1
1 2812 2 1
1 2817 2 1
1 2842 1 1
1 2846 1 1
1 3011 1 1
1 3012 1 1
1 3005 2 1
1 3008 1 1
1 3018 1 1
1 3021 2 1
1 3013 2 1
1 3014 1 1
1 3047 1 1
1 3053 1 1
1 3054 1 1
1 3056 1 2
1 3058 1 1
1 3059 1 1
1 3060 1 1
1 3062 1 1
1 3065 1 2
1 3071 2 1
1 3072 1 1
1 3074 2 2
1 3075 2 1
1 3076 1 1
1 3077 1 1
1 3078 2 2
1 3083 1 1
1 3084 2 1
1 3085 1 1
1 3086 1 2
1 3087 2 2
1 3090 1 1
1 3094 2 2
1 3095 2 2
1 3096 1 2
1 3022 1 1
1 3025 2 1
1 3026 2 1
1 3028 2 1
1 3029 1 1
1 3030 2 1
1 3034 2 1
1 3035 1 1
1 3036 2 1
1 3038 1 1
1 3039 1 1
1 3041 2 1
1 3042 2 1
1 3044 1 2
1 3045 2 2
1 3134 1 1
1 3101 1 1
1 3102 2 1
1 3105 1 2
1 3106 2 2
1 3107 2 2
1 3108 2 1
1 3111 1 1
1 3113 2 1
1 3117 2 2
1 3122 2 1
1 3123 1 1
1 3124 2 2
1 3097 1 1
1 3129 1 1
1 3127 1 1
1 3199 1 1
1 3202 1 1
1 3203 1 1
1 3214 1 1
1 3215 2 1
1 3220 1 1
1 3208 2 1
1 3222 1 1
1 3224 1 1
1 3225 2 1
1 3221 1 1
1 3198 1 1
1 3230 2 1
1 3231 1 1
1 3232 1 1
1 3238 2 1
1 3239 1 1
1 3240 2 1
1 3241 1 2
1 3242 1 2
1 3243 1 1
1 3245 1 1
1 3248 1 1
1 3226 1 1
1 3229 1 1
1 3269 1 2
1 3270 2 1
1 3272 1 1
1 3275 1 1
1 3276 1 2
1 3277 2 2
1 3278 2 1
1 3280 1 1
1 3282 1 1
1 3283 2 1
1 3284 2 1
1 3286 2 1
1 3287 2 1
1 3288 1 1
1 3289 1 1
1 3291 1 1
1 3292 2 1
1 3293 1 1
1 3294 2 1
1 3296 2 1
1 3297 1 1
1 3298 1 1
1 3262 2 1
1 3265 1 2
1 3266 2 2
1 3249 1 2
1 3250 1 1
1 3251 2 1
1 3252 2 2
1 3253 2 2
1 3255 1 1
1 3256 2 1
1 3258 1 1
1 3259 1 1
1 3260 1 1
1 3268 1 2
1 3267 2 1
1 3399 1 2
1 3400 2 2
1 3398 2 1
1 3434 2 2
1 3438 1 1
1 3439 2 1
1 3441 2 1
1 3445 1 1
1 3448 2 1
1 3455 2 1
1 3458 1 2
1 3459 2 2
1 3460 2 2
1 3461 2 2
1 3462 1 1
1 3464 1 1
1 3465 1 1
1 3466 1 2
1 3467 1 2
1 3468 1 1
1 3469 1 1
1 3470 1 1
1 3471 1 1
1 3472 1 1
1 3473 1 1
1 3474 1 1
1 3475 2 1
1 3401 2 1
1 3403 2 1
1 3409 1 2
1 3410 2 2
1 3411 2 1
1 3418 2 2
1 3419 2 1
1 3420 1 1
1 3423 2 1
1 3424 2 1
1 3425 1 1
1 3426 2 1
1 3428 1 1
1 3429 2 1
1 3430 2 1
1 3496 2 1
1 3498 2 1
1 3499 2 2
1 3500 1 2
1 3501 2 1
1 3502 2 2
1 3503 2 2
1 3504 2 1
1 3506 1 1
1 3507 2 1
1 3509 2 1
1 3511 1 1
1 3514 2 2
1 3515 1 2
1 3517 2 1
1 3518 2 1
1 3519 1 1
1 3522 1 1
1 3523 1 1
1 3525 2 1
1 3527 2 1
1 3529 1 1
1 3532 2 1
1 3533 1 1
1 3535 1 1
1 3536 2 1
1 3540 1 2
1 3541 2 2
1 3543 2 2
1 3544 2 2
1 3545 2 1
1 3547 1 1
1 3548 1 1
1 3491 1 1
1 3492 1 2
1 3493 2 2
1 3494 2 2
1 3477 2 1
1 3478 1 1
1 3480 1 1
1 3481 1 1
1 3482 2 2
1 3486 2 1
1 3487 1 1
1 3490 1 1
1 3476 1 2
1 3671 2 1
1 3674 2 2
1 3675 2 2
1 3647 2 1
1 3654 2 1
1 3661 1 1
1 3662 1 1
1 3664 1 1
1 3666 2 2
1 3667 1 2
1 3669 1 2
1 3670 2 2
1 3700 2 1
1 3701 2 1
1 3704 1 1
1 3681 1 1
1 3683 1 1
1 3684 2 1
1 3685 1 1
1 3686 2 2
1 3687 2 2
1 3690 1 1
1 3692 1 1
1 3693 2 1
1 3695 1 1
1 3635 2 1
1 3637 2 1
1 3641 1 1
1 3642 2 1
1 3645 2 1
1 3736 1 1
1 3737 2 1
1 3738 1 1
1 3739 1 2
1 3740 1 2
1 3741 1 2
1 3742 1 2
1 3743 1 1
1 3744 2 2
1 3745 2 2
1 3746 2 1
1 3747 2 1
1 3749 2 1
1 3750 1 1
1 3756 2 1
1 3757 1 1
1 3758 2 1
1 3760 1 1
1 3762 1 1
1 3765 2 2
1 3767 2 1
1 3768 2 1
1 3769 1 1
1 3770 2 1
1 3772 2 1
1 3710 2 1
1 3711 2 1
1 3712 2 1
1 3713 1 2
1 3714 2 2
1 3717 2 1
1 3718 2 1
1 3720 2 1
1 3721 1 1
1 3724 2 1
1 3726 1 2
1 3727 1 2
1 3728 1 1
1 3729 2 1
1 3733 2 1
1 3811 2 1
1 3812 1 2
1 3813 2 2
1 3814 2 1
1 3816 1 1
1 3818 2 1
1 3789 2 1
1 3793 2 2
1 3794 2 1
1 3800 2 2
1 3801 2 2
1 3773 2 1
1 3774 2 1
1 3778 1 1
1 3779 1 2
1 3780 2 2
1 3786 1 1
1 3787 2 1
1 3788 1 1
1 3809 2 1
1 3810 2 1
1 3878 1 2
1 3881 1 1
1 3887 2 1
1 3880 1 1
1 3892 1 1
1 3893 2 2
1 3894 1 2
1 3895 2 2
1 3896 2 1
1 3898 1 1
1 3901 2 1
1 3902 2 1
1 3903 1 1
1 3907 2 1
1 3908 1 1
1 3889 1 1
1 3891 2 1
1 3928 1 1
1 3929 2 1
1 3931 2 1
1 3932 1 2
1 3933 1 2
1 3936 1 2
1 3937 1 2
1 3938 2 2
1 3939 2 2
1 3940 2 2
1 3941 2 1
1 3942 1 1
1 3943 2 1
1 3944 1 1
1 3945 1 1
1 3946 2 1
1 3949 2 1
1 3950 1 2
1 3951 1 1
1 3953 2 2
1 3962 1 1
1 3965 1 1
1 3968 1 1
1 3909 1 1
1 3910 1 1
1 3911 2 1
1 3913 2 1
1 3914 1 1
1 3915 2 2
1 3916 1 2
1 3917 2 2
1 3918 1 2
1 3920 1 1
1 3921 2 1
1 3924 2 1
1 3925 1 2
1 3926 1 2
1 3927 1 1
1 4001 2 1
1 4002 2 1
1 4003 1 1
1 4004 1 1
1 4010 2 1
1 4013 1 1
1 4015 2 1
1 4020 2 1
1 4021 2 1
1 4024 1 1
1 4031 1 1
1 4032 1 1
1 4035 2 1
1 4040 2 1
1 4041 1 1
1 4042 2 1
1 4043 1 1
1 4044 2 1
1 4045 2 1
1 4050 2 1
1 4051 1 1
1 4053 1 1
1 4054 2 1
1 4057 2 1
1 4061 2 1
1 3971 2 1
1 3972 2 2
1 3973 1 2
1 3974 1 1
1 3976 2 1
1 3977 2 1
1 3980 2 1
1 3987 2 1
1 3988 2 1
1 3989 2 1
1 3990 1 1
1 3994 1 1
1 3999 2 1
1 4000 2 1
1 4062 1 1
1 4064 1 1
1 4071 2 1
1 4074 2 1
1 4176 2 1
1 4179 2 1
1 4183 1 1
1 4185 2 1
1 4188 2 1
1 4189 2 1
1 4190 1 1
1 4191 2 1
1 4193 1 1
1 4170 1 1
1 4172 2 1
1 4173 2 1
1 4174 1 1
1 4201 2 1
1 4202 2 1
1 4205 2 2
1 4206 2 2
1 4207 2 1
1 4208 2 1
1 4209 2 1
1 4210 2 1
1 4211 2 1
1 4194 2 1
1 4195 1 1
1 4198 1 1
1 4199 1 1
1 4217 1 1
1 4218 2 1
1 4222 2 1
1 4223 1 1
1 4224 2 2
1 4225 2 2
1 4226 1 1
1 4227 1 1
1 4229 2 1
1 4230 2 1
1 4231 1 1
1 4232 1 1
1 4233 2 1
1 4234 2 1
1 4235 2 1
1 4236 1 1
1 4237 2 1
1 4239 1 1
1 4240 1 1
1 4241 1 1
1 4243 1 1
1 4244 1 1
1 4248 2 1
1 4249 2 2
1 4250 1 1
1 4251 2 1
1 4253 2 1
1 4254 2 1
1 4255 1 1
1 4256 1 1
1 4258 1 1
1 4259 1 1
1 4260 2 2
1 4261 1 2
1 4212 1 1
1 4213 2 1
1 4215 1 1
1 4216 2 1
1 4150 2 1
1 4151 1 1
1 4153 1 1
1 4155 1 1
1 4158 1 1
1 4159 2 1
1 4161 1 1
1 4164 2 1
1 4166 1 1
1 4167 2 1
1 4168 2 2
1 4388 1 2
1 4393 2 1
1 4395 1 1
1 4397 2 1
1 4389 2 2
1 4406 1 2
1 4407 1 2
1 4408 1 1
1 4405 1 1
1 4383 2 1
1 4386 1 1
1 4387 1 1
1 4424 2 1
1 4425 2 1
1 4426 2 1
1 4433 1 1
1 4434 2 1
1 4435 2 1
1 4444 1 2
1 4445 1 1
1 4446 2 2
1 4412 1 1
1 4417 2 2
1 4418 2 2
1 4419 2 1
1 4333 1 2
1 4334 1 2
1 4337 2 1
1 4338 2 1
1 4343 2 1
1 4353 2 1
1 4363 1 1
1 4366 1 1
1 4375 2 1
1 4379 1 1
1 4382 1 1
1 4474 2 1
1 4472 1 1
1 4448 1 1
1 4450 2 1
1 4453 1 1
1 4454 1 1
1 4459 1 1
1 4462 2 1
1 4463 2 1
1 4465 1 2
1 4466 2 2
1 4467 1 2
1 4468 1 2
1 4469 1 1
1 4447 2 2
1 4471 2 1
1 5061 1 1
1 5066 2 1
1 5067 2 1
1 5059 2 1
1 5073 1 1
1 5076 1 1
1 5077 2 1
1 5071 2 1
1 5084 1 1
1 5086 2 1
1 5087 2 1
1 5081 1 2
1 5091 2 1
1 5092 2 2
1 5093 1 2
1 5095 1 1
1 5096 2 1
1 5097 2 2
1 5100 1 1
1 5101 1 2
1 5102 2 2
1 5103 1 2
1 5104 1 2
1 5105 2 1
1 5090 1 1
1 5056 2 1
1 5137 1 1
1 5138 2 2
1 5141 1 1
1 5144 1 1
1 5145 2 1
1 5147 2 1
1 5150 1 2
1 5151 2 2
1 5155 2 1
1 5157 2 1
1 5158 2 1
1 5129 2 1
1 5106 2 1
1 5107 1 1
1 5109 2 1
1 5111 1 1
1 5112 1 1
1 5113 2 1
1 5114 2 1
1 5116 2 1
1 5117 2 1
1 5120 1 1
1 5127 1 1
1 5128 2 1
1 5131 1 1
1 5132 2 1
1 5421 1 1
1 5428 1 1
1 5430 1 1
1 5432 2 2
1 5435 2 2
1 5436 1 2
1 5437 2 1
1 5439 1 1
1 5440 2 2
1 5441 2 2
1 5442 2 1
1 5443 1 2
1 5423 2 2
1 5425 2 1
1 5472 2 1
1 5473 1 1
1 5474 1 1
1 5475 2 1
1 5479 1 1
1 5480 2 1
1 5481 2 1
1 5482 1 1
1 5483 1 2
1 5484 2 2
1 5485 1 1
1 5486 1 1
1 5489 2 1
1 5490 1 1
1 5491 1 2
1 5493 2 2
1 5494 2 2
1 5495 1 1
1 5499 2 1
1 5500 2 1
1 5501 1 1
1 5502 2 1
1 5503 2 1
1 5506 1 1
1 5509 2 1
1 5444 1 2
1 5446 1 2
1 5447 1 2
1 5451 1 1
1 5452 2 1
1 5454 2 1
1 5457 2 2
1 5458 2 1
1 5462 2 1
1 5463 2 1
1 5464 2 1
1 5465 2 1
1 5466 1 1
1 5468 2 1
1 5471 1 1
1 5540 1 1
1 5541 1 1
1 5542 1 1
1 5543 1 1
1 5546 2 2
1 5547 1 2
1 5548 1 1
1 5551 2 1
1 5552 1 1
1 5553 2 1
1 5554 1 1
1 5555 1 1
1 5558 1 1
1 5562 1 1
1 5563 1 1
1 5523 1 1
1 5524 1 1
1 5525 1 1
1 5526 1 1
1 5527 2 2
1 5528 1 2
1 5531 1 1
1 5534 2 1
1 5535 1 1
1 5536 2 2
1 5510 1 1
1 5516 2 2
1 5520 1 1
1 5537 2 2
1 5538 1 1
1 5728 1 1
1 5731 2 2
1 5741 1 1
1 5744 2 1
1 5732 2 2
1 5734 2 1
1 5750 1 1
1 5752 1 1
1 5747 1 1
1 5749 1 1
1 5811 2 1
1 5813 1 2
1 5814 1 2
1 5815 1 2
1 5816 2 2
1 5817 1 1
1 5819 2 2
1 5820 1 2
1 5822 2 1
1 5826 1 2
1 5827 2 1
1 5830 2 1
1 5833 1 2
1 5834 2 2
1 5840 2 2
1 5841 2 1
1 5842 1 2
1 5843 2 2
1 5844 1 1
1 5845 2 1
1 5848 1 1
1 5849 2 1
1 5853 1 1
1 5874 2 1
1 5875 1 1
1 5755 1 1
1 5758 2 1
1 5763 1 1
1 5768 2 1
1 5772 1 1
1 5775 1 2
1 5776 2 2
1 5778 1 1
1 5780 2 1
1 5783 2 2
1 5795 2 2
1 5796 1 1
1 5797 1 1
1 5801 2 1
1 5804 1 1
1 5904 1 1
1 5905 2 2
1 5906 2 2
1 5907 1 1
1 5908 2 1
1 5909 1 1
1 5914 1 2
1 5919 2 1
1 5920 2 1
1 5921 2 2
1 5922 2 2
1 5925 1 1
1 5927 1 1
1 5931 2 1
1 5932 2 1
1 5935 1 1
1 5973 2 2
1 5974 2 2
1 5976 1 1
1 5977 1 1
1 5978 2 1
1 5988 2 1
1 5990 2 1
1 5992 1 1
1 5876 2 1
1 5877 2 2
1 5878 1 2
1 5879 2 1
1 5880 1 1
1 5886 1 1
1 5890 2 1
1 5894 2 1
1 5895 1 1
1 5896 2 1
1 5898 2 1
1 5899 2 1
1 5900 1 1
1 5901 2 1
1 5903 1 1
1 5993 1 1
1 5998 2 1
1 6123 1 1
1 6124 1 1
1 6125 1 1
1 6131 1 1
1 6133 1 1
1 6150 1 1
1 6151 1 1
1 6152 2 1
1 6154 1 2
1 6155 1 2
1 6163 2 1
1 6121 2 1
1 6122 2 1
1 6166 2 1
1 6167 2 1
1 6170 2 1
1 6171 1 1
1 6172 1 1
1 6173 1 1
1 6174 1 1
1 6175 2 1
1 6176 1 1
1 6181 2 1
1 6183 1 1
1 6164 1 1
1 6165 1 1
1 6191 2 1
1 6196 1 1
1 6197 1 1
1 6200 1 1
1 6201 2 1
1 6202 2 1
1 6103 1 1
1 6106 2 1
1 6113 1 1
1 6114 2 1
1 6116 2 1
1 6117 1 1
1 6120 1 1
1 6189 1 1
1 6084 1 1
1 6085 1 1
1 6088 2 1
1 6090 1 1
1 6095 2 1
1 6102 2 1
1 6184 2 1
1 6399 2 1
1 6402 2 1
1 6403 2 1
1 6404 2 2
1 6400 2 1
1 6380 1 1
1 6386 1 1
1 6391 1 2
1 6392 2 2
1 6395 2 1
1 6396 1 2
1 6398 2 1
1 6422 2 2
1 6423 2 2
1 6439 2 1
1 6443 2 1
1 6445 1 1
1 6405 1 2
1 6406 1 1
1 6409 1 1
1 6410 1 1
1 6412 2 1
1 6415 1 1
1 6418 2 1
1 6421 1 1
1 6340 2 1
1 6346 2 1
1 6347 2 1
1 6348 1 1
1 6349 1 1
1 6363 1 1
1 6368 2 1
1 6479 2 1
1 6482 2 2
1 6483 2 2
1 6484 1 1
1 6486 2 1
1 6487 1 1
1 6488 1 1
1 6489 2 2
1 6503 2 1
1 6504 2 1
1 6506 2 1
1 6475 2 1
1 6446 1 1
1 6447 2 1
1 6453 2 1
1 6454 1 1
1 6458 2 1
1 6459 1 1
1 6460 2 1
1 6462 1 1
1 6464 2 1
1 6465 2 1
1 6473 1 1
1 6474 1 1
1 6476 2 1
1 6478 2 1
1 6563 2 1
1 6567 2 1
1 6574 2 1
1 6577 2 1
1 6583 1 1
1 6584 1 1
1 6585 1 1
1 6586 2 2
1 6587 1 2
1 6588 1 1
1 6590 2 1
1 6591 2 1
1 6564 2 1
1 6565 2 1
1 6620 2 1
1 6621 2 1
1 6622 1 1
1 6623 2 1
1 6624 1 1
1 6625 1 1
1 6628 1 1
1 6630 2 2
1 6632 1 1
1 6633 2 1
1 6634 2 1
1 6635 1 1
1 6636 2 1
1 6644 1 1
1 6645 2 1
1 6646 1 1
1 6649 2 1
1 6650 2 1
1 6651 1 1
1 6652 2 2
1 6655 1 2
1 6656 1 2
1 6659 1 1
1 6662 2 1
1 6663 1 1
1 6666 1 1
1 6667 2 1
1 6670 1 2
1 6671 2 1
1 6672 1 1
1 6673 2 1
1 6674 1 1
1 6675 2 2
1 6677 1 1
1 6678 1 1
1 6679 1 1
1 6682 1 1
1 6683 1 1
1 6687 2 1
1 6689 2 1
1 6691 1 1
1 6692 1 1
1 6693 2 1
1 6694 2 2
1 6695 1 2
1 6696 2 1
1 6700 1 1
1 6703 2 1
1 6704 2 1
1 6705 2 1
1 6706 2 1
1 6708 1 2
1 6710 1 2
1 6711 2 2
1 6713 1 1
1 6714 1 1
1 6715 1 1
1 6716 2 1
1 6717 1 1
1 6718 1 1
1 6719 2 1
1 6720 2 1
1 6721 2 1
1 6722 2 2
1 6724 1 1
1 6725 1 1
1 6727 2 1
1 6730 1 1
1 6731 2 2
1 6732 1 2
1 6597 2 2
1 6599 2 1
1 6600 1 1
1 6605 1 2
1 6608 1 1
1 6611 1 1
1 6612 2 1
1 6613 2 2
1 6614 1 2
1 6615 1 1
1 6616 2 1
1 6617 1 2
1 6595 2 2
1 6596 2 2
1 6592 1 1
1 6857 1 1
1 6858 1 1
1 6862 1 2
1 6863 1 1
1 6864 1 1
1 6861 2 2
1 6868 2 1
1 6869 2 1
1 6870 1 1
1 6865 1 1
1 6855 1 2
1 6856 2 2
1 6879 2 1
1 6881 2 2
1 6883 1 1
1 6884 2 1
1 6886 2 1
1 6890 1 2
1 6891 2 2
1 6892 1 1
1 6897 1 2
1 6898 2 2
1 6872 2 1
1 6875 1 1
1 6876 1 1
1 6824 1 2
1 6825 2 2
1 6826 2 1
1 6827 1 1
1 6828 2 1
1 6830 2 1
1 6835 1 1
1 6838 1 1
1 6839 2 1
1 6845 2 1
1 6850 2 1
1 6851 1 1
1 6927 1 1
1 6928 1 1
1 6929 1 1
1 6930 1 1
1 6931 1 1
1 6934 1 1
1 6936 2 2
1 6937 1 2
1 6939 1 1
1 6940 2 1
1 6941 2 2
1 6942 1 2
1 6944 2 1
1 6945 1 1
1 6946 1 2
1 6947 1 2
1 6948 1 1
1 6949 2 1
1 6950 1 2
1 6955 2 1
1 6956 1 1
1 6957 2 2
1 6958 1 1
1 6959 2 1
1 6960 2 2
1 6963 2 1
1 6964 2 1
1 6966 2 1
1 6967 1 1
1 6968 2 1
1 6969 1 1
1 6971 1 2
1 6972 1 1
1 6974 1 1
1 6978 2 1
1 6979 1 1
1 6980 2 1
1 6984 2 1
1 6985 2 1
1 6989 2 1
1 6990 1 1
1 6903 2 1
1 6904 1 2
1 6905 2 2
1 6906 2 1
1 6910 1 1
1 6912 2 1
1 6913 2 1
1 6915 2 1
1 6916 1 1
1 6918 1 1
1 6919 2 1
1 6921 2 1
1 6902 2 1
1 6924 2 1
1 6923 2 1
1 7108 1 1
1 7113 1 1
1 7118 1 1
1 7120 1 1
1 7121 1 1
1 7124 1 1
1 7119 2 1
1 7132 2 1
1 7134 2 1
1 7136 1 1
1 7129 1 1
1 7107 2 1
1 7140 1 1
1 7142 1 1
1 7144 1 1
1 7145 1 1
1 7146 1 1
1 7150 1 2
1 7151 1 2
1 7152 2 1
1 7153 2 2
1 7154 2 2
1 7156 2 1
1 7137 2 2
1 7139 2 1
1 7179 1 2
1 7180 1 2
1 7181 2 2
1 7182 2 1
1 7185 1 1
1 7186 1 1
1 7188 2 2
1 7189 2 1
1 7194 1 1
1 7195 2 1
1 7198 1 1
1 7199 2 1
1 7200 2 1
1 7202 1 1
1 7203 1 1
1 7204 2 1
1 7205 1 1
1 7206 1 1
1 7207 2 1
1 7209 2 1
1 7210 1 1
1 7213 1 1
1 7216 2 1
1 7218 2 2
1 7158 2 1
1 7159 1 1
1 7161 1 2
1 7162 1 2
1 7163 1 1
1 7164 2 2
1 7165 2 2
1 7169 2 1
1 7172 1 1
1 7173 2 1
1 7174 2 1
1 7175 1 2
1 7176 1 2
1 7177 2 1
1 7178 2 2
1 7246 1 1
1 7248 2 2
1 7249 1 2
1 7250 2 1
1 7251 2 1
1 7252 1 1
1 7254 2 1
1 7256 2 1
1 7260 2 1
1 7261 1 1
1 7262 1 1
1 7267 1 1
1 7307 2 2
1 7308 2 1
1 7220 1 1
1 7221 2 1
1 7229 1 1
1 7230 1 1
1 7233 2 1
1 7234 1 1
1 7235 1 1
1 7236 2 2
1 7238 2 1
1 7239 2 1
1 7240 2 1
1 7241 1 1
1 7219 2 1
1 7245 1 1
1 7242 2 1
1 7436 2 1
1 7437 2 2
1 7438 1 1
1 7441 1 1
1 7444 2 1
1 7446 1 1
1 7440 2 1
1 7451 2 1
1 7452 1 1
1 7453 1 1
1 7447 1 1
1 7435 2 1
1 7485 1 1
1 7486 1 1
1 7488 2 1
1 7490 1 1
1 7491 1 1
1 7492 2 1
1 7496 2 1
1 7501 1 1
1 7502 2 2
1 7511 2 1
1 7512 1 1
1 7513 1 2
1 7514 1 2
1 7515 1 1
1 7516 1 1
1 7517 1 1
1 7519 1 1
1 7520 2 2
1 7521 2 1
1 7522 2 1
1 7523 2 1
1 7524 1 1
1 7525 1 1
1 7526 2 1
1 7528 1 1
1 7454 1 1
1 7455 1 1
1 7457 2 1
1 7462 1 2
1 7463 2 2
1 7467 2 1
1 7471 1 1
1 7472 1 1
1 7473 2 1
1 7476 1 1
1 7478 1 1
1 7480 1 1
1 7482 2 1
1 7483 1 1
1 7484 1 1
1 7552 1 1
1 7553 1 1
1 7558 1 1
1 7559 2 1
1 7560 1 2
1 7561 2 1
1 7562 2 1
1 7563 2 1
1 7565 1 1
1 7569 1 1
1 7571 2 1
1 7572 1 1
1 7573 1 2
1 7574 1 2
1 7575 1 1
1 7576 1 1
1 7577 1 1
1 7578 1 1
1 7580 2 1
1 7581 2 1
1 7582 2 1
1 7586 2 1
1 7591 1 1
1 7593 1 1
1 7595 1 1
1 7529 1 1
1 7530 1 1
1 7531 1 2
1 7532 1 1
1 7533 1 1
1 7536 1 1
1 7537 2 2
1 7538 2 2
1 7541 2 1
1 7542 1 1
1 7543 2 2
1 7544 2 2
1 7545 2 1
1 7546 2 1
1 7548 1 2
1 7681 1 1
1 7600 1 1
1 7602 2 1
1 7603 1 1
1 7682 2 1
1 8236 1 1
1 8247 2 1
1 8248 1 1
1 8250 1 1
1 8251 2 1
1 8252 2 1
1 8254 1 1
1 8255 1 1
1 8256 1 1
1 8237 1 1
1 8238 1 1
1 8239 2 1
1 8245 2 1
1 8246 2 1
1 8265 1 1
1 8267 2 1
1 8269 1 1
1 8271 2 2
1 8273 1 1
1 8276 2 1
1 8277 1 2
1 8257 1 1
1 8258 1 1
1 8259 2 1
1 8260 2 2
1 8263 2 1
1 8284 2 1
1 8285 1 1
1 8286 1 1
1 8289 1 1
1 8292 1 1
1 8295 1 1
1 8296 1 1
1 8297 2 1
1 8299 2 1
1 8300 1 1
1 8301 1 1
1 8302 1 1
1 8303 1 1
1 8304 2 1
1 8307 2 1
1 8308 2 2
1 8314 2 1
1 8315 1 1
1 8317 1 1
1 8318 1 1
1 8319 1 1
1 8324 2 1
1 8325 2 1
1 8327 1 1
1 8328 1 1
1 8329 2 1
1 8341 1 1
1 8345 1 2
1 8346 2 2
1 8349 2 1
1 8351 1 1
1 8352 2 1
1 8353 2 1
1 8354 2 2
1 8359 2 1
1 8278 2 2
1 8280 1 1
1 8281 1 1
1 8282 2 1
1 8283 1 1
1 8213 1 1
1 8219 1 1
1 8220 2 1
1 8224 2 1
1 8227 2 1
1 8228 2 1
1 8229 2 1
1 8231 2 1
1 8233 2 1
1 8234 2 1
1 8452 1 1
1 8457 1 1
1 8361 2 1
1 8753 1 1
1 8754 2 1
1 8756 1 1
1 8752 1 1
1 8764 2 1
1 8765 1 1
1 8757 2 1
1 8744 1 1
1 8746 2 1
1 8747 2 1
1 8772 2 1
1 8776 2 1
1 8780 1 1
1 8781 2 1
1 8782 2 1
1 8783 1 1
1 8789 1 1
1 8790 1 1
1 8767 1 1
1 8769 2 1
1 8770 2 1
1 8771 1 1
1 8710 2 1
1 8713 2 1
1 8722 2 1
1 8723 2 1
1 8724 2 1
1 8727 2 1
1 8730 1 1
1 8731 1 1
1 8733 2 1
1 8736 1 1
1 8743 1 1
1 8792 1 1
1 8793 1 1
1 8794 1 1
1 8798 1 1
1 8799 2 1
1 8800 1 1
1 8806 1 1
1 8811 1 1
1 8812 1 1
1 9026 2 2
1 9027 1 1
1 9028 2 1
1 9011 1 2
1 9012 2 1
1 9013 1 1
1 9015 2 1
1 9017 1 1
1 9018 2 1
1 9022 2 1
1 9023 1 1
1 9024 2 1
1 9025 1 2
1 9046 1 2
1 9048 1 2
1 9050 1 2
1 9033 1 1
1 9034 1 2
1 9035 1 2
1 9036 1 1
1 9040 2 1
1 9041 1 2
1 9042 2 2
1 9043 1 1
1 9044 2 1
1 9045 2 2
1 9068 2 1
1 9072 2 2
1 9073 1 2
1 9074 1 1
1 9076 2 1
1 9079 2 1
1 9080 1 1
1 9081 1 2
1 9082 2 2
1 9084 2 1
1 9087 2 2
1 9088 1 1
1 9089 1 1
1 9090 2 2
1 9091 1 2
1 9092 1 1
1 9093 1 1
1 9098 1 1
1 9101 2 1
1 9106 1 1
1 9109 2 1
1 9111 1 1
1 9112 1 1
1 9113 2 1
1 9114 1 2
1 9115 2 2
1 9116 2 1
1 9120 1 2
1 9121 1 2
1 9122 2 1
1 9051 2 2
1 9055 2 2
1 9056 1 2
1 9057 1 1
1 9058 2 1
1 9059 2 1
1 9060 1 1
1 9062 2 1
1 9063 2 1
1 9065 1 1
1 9144 2 2
1 9145 2 2
1 9147 2 2
1 9148 2 2
1 9149 2 1
1 9155 2 2
1 9156 2 2
1 9158 2 1
1 9161 2 1
1 9162 2 1
1 9163 1 1
1 9164 1 1
1 9136 1 1
1 9142 1 1
1 9001 2 1
1 9004 1 1
1 9008 2 1
1 9126 2 1
1 9127 1 2
1 9129 1 1
1 9130 1 1
1 9132 2 1
1 9133 2 1
1 9134 1 2
1 9135 2 2
1 9009 1 1
1 9010 1 2
1 9753 2 1
1 9757 2 1
1 9758 2 1
1 9754 1 1
1 9756 2 1
1 9763 2 1
1 9766 1 1
1 9767 2 1
1 9768 1 1
1 9769 1 1
1 9775 2 1
1 9776 1 1
1 9780 2 1
1 9781 1 2
1 9782 2 2
1 9784 1 1
1 9759 1 1
1 9762 2 1
1 9810 2 2
1 9811 1 2
1 9815 1 1
1 9821 2 1
1 9824 2 1
1 9827 1 1
1 9830 1 1
1 9834 1 1
1 9835 2 1
1 9836 1 1
1 9839 2 1
1 9840 2 1
1 9841 1 1
1 9842 1 1
1 9844 2 1
1 9850 1 1
1 9851 2 2
1 9852 1 2
1 9854 2 2
1 9855 1 2
1 9856 2 2
1 9857 1 2
1 9859 2 2
1 9862 2 2
1 9865 1 1
1 9869 2 1
1 9870 1 1
1 9873 2 1
1 9874 2 1
1 9875 2 2
1 9877 2 2
1 9878 2 1
1 9879 1 1
1 9880 2 1
1 9885 2 1
1 9887 2 1
1 9888 2 1
1 9889 2 1
1 9895 1 2
1 9897 2 1
1 9898 2 1
1 9899 1 1
1 9901 1 1
1 9902 2 1
1 9903 1 1
1 9904 1 1
1 9905 2 1
1 9907 2 2
1 9911 1 1
1 9912 2 1
1 9915 1 2
1 9918 2 1
1 9919 1 2
1 9920 2 2
1 9921 1 2
1 9790 1 1
1 9793 1 1
1 9794 1 1
1 9795 1 1
1 9797 1 1
1 9798 2 1
1 9800 2 1
1 9801 2 1
1 9802 1 1
1 9803 2 1
1 9787 1 1
1 9788 1 1
1 9809 2 1
1 9804 2 2
1 10180 1 1
1 10181 1 1
1 10179 2 1
1 10187 2 2
1 10188 1 2
1 10183 1 1
1 10184 2 1
1 10196 1 1
1 10197 2 1
1 10193 1 1
1 10194 2 1
1 10224 2 1
1 10227 2 1
1 10228 1 1
1 10229 1 2
1 10230 2 2
1 10231 1 1
1 10233 2 1
1 10235 2 1
1 10238 2 1
1 10239 1 2
1 10240 2 2
1 10242 1 1
1 10245 1 1
1 10246 1 2
1 10247 1 2
1 10251 1 1
1 10256 2 1
1 10258 2 1
1 10259 1 2
1 10262 1 1
1 10263 1 1
1 10266 1 1
1 10272 1 1
1 10273 1 2
1 10274 1 2
1 10199 1 1
1 10201 1 1
1 10202 2 1
1 10203 2 2
1 10205 1 1
1 10206 1 1
1 10207 2 1
1 10208 2 1
1 10210 2 1
1 10211 1 1
1 10217 2 1
1 10218 2 1
1 10220 1 1
1 10221 2 1
1 10223 1 1
1 10308 1 2
1 10309 2 2
1 10310 1 1
1 10312 1 1
1 10313 1 1
1 10314 2 1
1 10316 1 1
1 10318 1 1
1 10319 2 1
1 10320 1 1
1 10321 1 1
1 10322 2 1
1 10325 1 1
1 10328 2 2
1 10331 2 2
1 10332 1 2
1 10333 2 1
1 10335 1 1
1 10336 2 1
1 10337 1 1
1 10338 2 2
1 10340 1 1
1 10341 1 1
1 10342 2 2
1 10343 2 1
1 10345 1 2
1 10346 2 1
1 10354 2 1
1 10355 1 1
1 10279 2 1
1 10281 2 1
1 10282 1 1
1 10290 2 1
1 10291 2 1
1 10292 1 1
1 10293 1 1
1 10298 2 1
1 10299 1 1
1 10300 1 1
1 10301 1 1
1 10302 2 1
1 10303 2 1
1 10278 1 1
1 10277 1 1
1 10536 1 1
1 10540 2 1
1 10541 2 1
1 10543 1 1
1 10545 1 1
1 10547 2 1
1 10542 2 1
1 10553 1 1
1 10555 2 1
1 10556 1 2
1 10550 1 1
1 10535 2 1
1 10559 2 1
1 10565 1 1
1 10566 2 1
1 10567 1 2
1 10569 2 1
1 10570 1 2
1 10576 1 1
1 10579 1 1
1 10580 1 1
1 10582 1 1
1 10585 1 1
1 10557 2 2
1 10558 1 1
1 10514 2 1
1 10517 2 2
1 10518 1 1
1 10519 2 1
1 10521 1 1
1 10522 1 1
1 10524 2 1
1 10527 1 1
1 10528 2 1
1 10531 1 1
1 10532 2 1
1 10533 2 1
1 10534 2 1
1 10611 1 1
1 10615 2 1
1 10616 2 1
1 10617 1 1
1 10618 1 1
1 10619 1 1
1 10620 2 1
1 10621 1 1
1 10622 1 1
1 10625 2 1
1 10626 1 1
1 10628 1 1
1 10630 2 1
1 10631 2 1
1 10635 1 1
1 10640 2 1
1 10642 1 1
1 10643 2 1
1 10644 1 1
1 10645 1 1
1 10646 1 1
1 10655 2 2
1 10658 1 1
1 10659 2 1
1 10660 1 1
1 10586 2 1
1 10587 2 1
1 10589 2 1
1 10593 2 1
1 10594 1 1
1 10595 2 1
1 10597 2 1
1 10598 1 1
1 10599 2 1
1 10600 1 1
1 10601 1 2
1 10602 2 2
1 10606 1 1
1 10609 2 1
1 10610 1 1
1 10662 2 1
1 11137 2 1
1 11138 2 1
1 11139 2 1
1 11140 2 1
1 11141 2 2
1 11146 2 1
1 11147 2 1
1 11148 2 1
1 11149 1 1
1 11150 1 1
1 11154 1 1
1 11155 2 1
1 11136 2 1
1 11157 2 2
1 11158 1 1
1 11159 2 1
1 11160 1 1
1 11161 1 1
1 11162 1 1
1 11163 1 1
1 11164 1 1
1 11165 1 1
1 11173 1 1
1 11174 1 2
1 11175 1 2
1 11156 1 2
1 11179 2 1
1 11180 2 1
1 11182 1 1
1 11183 2 1
1 11184 1 2
1 11185 1 2
1 11187 2 1
1 11188 2 1
1 11193 2 1
1 11194 2 1
1 11197 1 1
1 11201 2 1
1 11204 1 1
1 11210 1 1
1 11211 1 2
1 11212 2 2
1 11213 1 1
1 11214 2 1
1 11216 1 2
1 11217 2 1
1 11222 1 1
1 11226 1 1
1 11227 2 1
1 11228 1 1
1 11231 1 1
1 11234 2 1
1 11235 1 1
1 11236 2 1
1 11240 1 1
1 11241 1 1
1 11242 2 1
1 11244 1 1
1 11245 2 2
1 11246 1 2
1 11248 2 1
1 11249 2 1
1 11250 1 1
1 11252 1 1
1 11253 2 1
1 11176 2 1
1 11257 2 1
1 11258 1 1
1 11260 2 1
1 11263 1 1
1 11268 1 1
1 11271 2 1
1 11272 1 1
1 11273 1 1
1 11274 1 1
1 11275 2 1
1 11277 2 1
1 11279 2 2
1 11134 1 1
1 11135 1 1
1 11114 2 1
1 11115 2 1
1 11116 1 1
1 11118 2 1
1 11122 1 1
1 11123 1 1
1 11126 2 2
1 11128 2 1
1 11129 2 1
1 11130 1 1
1 11131 2 1
1 11256 2 1
1 11510 2 1
1 11512 1 1
1 11514 2 1
1 11518 2 1
1 11519 2 1
1 11532 2 1
1 11533 2 1
1 11534 2 1
1 11535 1 1
1 11536 2 1
1 11537 2 2
1 11541 1 1
1 11544 1 1
1 11545 1 1
1 11548 2 1
1 11552 2 1
1 11554 2 1
1 11560 1 1
1 11561 1 1
1 11562 1 1
1 11563 2 1
1 11564 1 1
1 11565 2 1
1 11566 2 1
1 11508 1 2
1 11509 2 1
1 11589 1 1
1 11590 1 1
1 11592 2 1
1 11594 1 1
1 11595 2 1
1 11596 2 2
1 11597 1 1
1 11598 1 2
1 11599 1 2
1 11602 2 1
1 11603 1 1
1 11604 1 1
1 11605 1 1
1 11606 1 1
1 11608 2 1
1 11611 2 2
1 11612 1 2
1 11616 1 1
1 11617 2 2
1 11618 1 1
1 11619 1 1
1 11620 1 1
1 11621 1 1
1 11623 2 1
1 11624 1 1
1 11625 2 1
1 11628 1 1
1 11631 1 1
1 11571 1 1
1 11572 2 1
1 11573 2 1
1 11575 1 2
1 11576 1 2
1 11577 1 1
1 11578 2 2
1 11580 1 1
1 11581 1 1
1 11583 1 1
1 11585 2 1
1 11586 2 1
1 11587 2 1
1 11569 1 1
1 11568 1 1
