1 1592 14.5
1 1648 19.1000003814697
1 1665 16.1000003814697
1 1642 11.8999996185303
1 1739 21
1 1734 17
1 1743 19.5
1 1744 17
1 1745 19
1 1746 17.5
1 1749 18
1 1750 13
1 1751 16
1 1754 14
1 1741 16
1 1742 16.5
1 1779 13
1 1780 15.5
1 1784 10
1 1785 12
1 1790 14
1 1792 11.3000001907349
1 1793 10.8000001907349
1 1797 16.5
1 1799 19
1 1801 15
1 1803 18
1 1808 14
1 1817 15
1 1818 19
1 1819 16.5
1 1833 16
1 1834 12.1999998092651
1 1756 15.5
1 1758 12.8000001907349
1 1760 20.5
1 1762 16.5
1 1765 13
1 1767 14.3000001907349
1 1768 16.2999992370605
1 1769 17.5
1 1774 14.5
1 1777 16
1 1899 19
1 1847 15
1 1876 16.5
1 1877 19.5
1 1880 17.3999996185303
1 1883 18.5
1 1884 18.2999992370605
1 1885 14.5
1 1887 17.1000003814697
1 1835 16.5
1 1841 16
1 1891 15.5
1 1890 12.6999998092651
1 1963 18.7999992370605
1 2064 16.2000007629395
1 2066 15
1 2067 14
1 2069 18.3999996185303
1 2071 18
1 2072 16.7999992370605
1 2073 17.8999996185303
1 2074 17.2000007629395
1 2076 17.1000003814697
1 2098 21
1 2099 15.1000003814697
1 2126 11.1999998092651
1 2159 14.6000003814697
1 2169 11
1 2172 11.1999998092651
1 2173 18
1 2174 17.2000007629395
1 2108 15.8000001907349
1 2110 10.1999998092651
1 2252 14
1 2254 19.1000003814697
1 2248 14.3000001907349
1 2250 16.7000007629395
1 2299 10.6999998092651
1 2300 17.3999996185303
1 2301 14.8000001907349
1 2302 16.3999996185303
1 2303 21
1 2305 20.6000003814697
1 2308 12
1 2310 13.3000001907349
1 2311 15.6999998092651
1 2315 14.1999998092651
1 2323 16.6000003814697
1 2327 12.6999998092651
1 2339 16
1 2340 14.1000003814697
1 2342 14.8999996185303
1 2343 16.5
1 2344 18.2000007629395
1 2349 14.1999998092651
1 2350 16.3999996185303
1 2351 13.5
1 2354 13.8000001907349
1 2356 14
1 2358 14.6000003814697
1 2359 12.1000003814697
1 2362 15.8000001907349
1 2255 19.1000003814697
1 2259 19
1 2262 14.6000003814697
1 2263 15.8999996185303
1 2265 16.7999992370605
1 2267 13.1999998092651
1 2269 14.8000001907349
1 2274 16.7999992370605
1 2279 14.5
1 2281 18.5
1 2282 12.6000003814697
1 2285 14.1000003814697
1 2287 14.5
1 2293 12.1999998092651
1 2294 14.8999996185303
1 2369 13.1000003814697
1 2374 12.6000003814697
1 2375 15.8000001907349
1 2376 12.3999996185303
1 2377 16.1000003814697
1 2378 15
1 2379 17.1000003814697
1 2368 11.3999996185303
1 2435 18.2000007629395
1 2437 10.6000003814697
1 2440 13.5
1 2441 13.1999998092651
1 2436 11.6999998092651
1 2421 11.6000003814697
1 2422 14.8999996185303
1 2424 12.6000003814697
1 2426 12.3000001907349
1 2431 14
1 2432 16
1 2434 11.8000001907349
1 2452 12.6999998092651
1 2455 11.8000001907349
1 2456 14.8999996185303
1 2457 14.1000003814697
1 2459 18.2000007629395
1 2442 11.1999998092651
1 2444 17
1 2446 10.5
1 2447 14.6999998092651
1 2448 15
1 2449 12.8000001907349
1 2450 14.1999998092651
1 2451 12.3999996185303
1 2406 13.6000003814697
1 2408 8.80000019073486
1 2409 15.6999998092651
1 2414 14.1999998092651
1 2416 13.8000001907349
1 2417 15.3000001907349
1 2420 13.1999998092651
1 2483 12.1999998092651
1 2484 14.1999998092651
1 2485 15.3999996185303
1 2487 17.7999992370605
1 2488 15.1000003814697
1 2489 12.3000001907349
1 2490 11.1999998092651
1 2494 18
1 2495 9.19999980926514
1 2496 13.3999996185303
1 2497 11.3999996185303
1 2498 17.6000003814697
1 2502 10.1999998092651
1 2503 16.3999996185303
1 2504 16
1 2505 11.6000003814697
1 2508 13.8999996185303
1 2509 15.1999998092651
1 2510 12
1 2516 17.2000007629395
1 2517 16.7999992370605
1 2519 17.8999996185303
1 2520 18.5
1 2521 14.3000001907349
1 2522 12
1 2523 16
1 2524 3.09999990463257
1 2525 14.3000001907349
1 2526 10.3000001907349
1 2527 9.60000038146973
1 2530 6.69999980926514
1 2533 5
1 2539 14
1 2540 19.5
1 2569 17.8999996185303
1 2571 15.1000003814697
1 2572 16.7999992370605
1 2480 14.1000003814697
1 2481 12.6000003814697
1 2461 11.3999996185303
1 2462 13.1999998092651
1 2464 8.80000019073486
1 2466 12.6000003814697
1 2467 13.1999998092651
1 2468 15.1999998092651
1 2469 14.3999996185303
1 2470 11.3999996185303
1 2471 12.8000001907349
1 2472 16.3999996185303
1 2473 14.1999998092651
1 2479 15.6999998092651
1 2460 15
1 2607 12.1999998092651
1 2608 12.1000003814697
1 2613 11.3000001907349
1 2614 16.8999996185303
1 2616 15.6999998092651
1 2617 11.1000003814697
1 2618 17.7000007629395
1 2620 14.1000003814697
1 2621 12
1 2623 10.6000003814697
1 2624 12.3000001907349
1 2629 8.80000019073486
1 2631 11.6000003814697
1 2632 13.8000001907349
1 2633 13.3000001907349
1 2634 16.5
1 2637 12.6000003814697
1 2638 11.8999996185303
1 2642 14.6999998092651
1 2643 15.8999996185303
1 2644 14.8999996185303
1 2645 15.8000001907349
1 2649 12.3999996185303
1 2650 15.6000003814697
1 2654 14.8999996185303
1 2602 14.1999998092651
1 2606 12.6000003814697
1 2677 12.1999998092651
1 2678 11.8999996185303
1 2679 10.6999998092651
1 2685 14
1 2688 13.6000003814697
1 2695 7.40000009536743
1 2696 9.39999961853027
1 2697 11
1 2698 14.6000003814697
1 2699 12.3000001907349
1 2700 9.80000019073486
1 2706 14.8000001907349
1 2707 13.1000003814697
1 2658 15.3999996185303
1 2660 16.2000007629395
1 2661 15.8000001907349
1 2662 17.1000003814697
1 2663 11.3999996185303
1 2664 6.80000019073486
1 2667 14.3000001907349
1 2668 12.8000001907349
1 2669 10.1999998092651
1 2670 12.3999996185303
1 2671 11.1000003814697
1 2655 15.8000001907349
1 2657 12.3000001907349
1 2675 13
1 2795 17.7000007629395
1 2796 19.3999996185303
1 2794 14.6000003814697
1 2802 11.6000003814697
1 2803 11.8999996185303
1 2799 10.5
1 2801 17.7999992370605
1 2806 12.6000003814697
1 2807 16.6000003814697
1 2804 15
1 2805 14.1999998092651
1 2848 13
1 2849 12.8999996185303
1 2850 17.7999992370605
1 2851 16.8999996185303
1 2852 10.1999998092651
1 2853 13.6000003814697
1 2854 11.8999996185303
1 2855 15
1 2857 15.3000001907349
1 2858 17.6000003814697
1 2861 15.6999998092651
1 2863 18.7000007629395
1 2864 16.6000003814697
1 2866 10
1 2867 11.1999998092651
1 2868 17
1 2869 12.1000003814697
1 2870 10.6000003814697
1 2871 12.3000001907349
1 2873 13.1999998092651
1 2875 10.1999998092651
1 2881 11.3000001907349
1 2882 12.3999996185303
1 2885 16.6000003814697
1 2887 10.8000001907349
1 2888 14.8999996185303
1 2893 11.5
1 2894 12.5
1 2898 12.6999998092651
1 2899 12.6999998092651
1 2906 14.6999998092651
1 2909 14.6000003814697
1 2910 17.3999996185303
1 2911 15
1 2912 10.6000003814697
1 2913 12.6000003814697
1 2915 17.2999992370605
1 2916 11.3999996185303
1 2917 11
1 2919 10.3000001907349
1 2920 14.1999998092651
1 2922 12.1999998092651
1 2926 11.1999998092651
1 2928 17.5
1 2932 14.8000001907349
1 2933 18.6000003814697
1 2935 15
1 2937 9.69999980926514
1 2938 8.30000019073486
1 2939 5.40000009536743
1 2941 14.5
1 2943 6.09999990463257
1 2945 18.8999996185303
1 2962 15.1999998092651
1 2963 15.6999998092651
1 2964 12.3000001907349
1 2818 21
1 2822 18
1 2823 10.1000003814697
1 2824 10.6000003814697
1 2829 13.8999996185303
1 2830 15
1 2833 14.8999996185303
1 2834 13.6000003814697
1 2808 13.1999998092651
1 2809 11.8000001907349
1 2811 17
1 2812 16.8999996185303
1 2817 15.8999996185303
1 2842 16.2000007629395
1 2846 13.3999996185303
1 3011 12
1 3012 15.3999996185303
1 3005 16.3999996185303
1 3008 13.5
1 3018 14.8000001907349
1 3021 15
1 3013 17.6000003814697
1 3014 13.6000003814697
1 3047 11.8000001907349
1 3053 13.6000003814697
1 3054 13.8000001907349
1 3056 11.8000001907349
1 3058 14
1 3059 12.6999998092651
1 3060 15.6000003814697
1 3062 13.3999996185303
1 3065 12.5
1 3071 14.8999996185303
1 3072 14.1000003814697
1 3074 16.7999992370605
1 3075 11.6000003814697
1 3076 13.3000001907349
1 3077 14.1000003814697
1 3078 13.6000003814697
1 3083 14.1999998092651
1 3084 14.3999996185303
1 3085 13.5
1 3086 10
1 3087 8.5
1 3090 13.5
1 3094 14.3999996185303
1 3095 11.3000001907349
1 3096 9.30000019073486
1 3022 14.1000003814697
1 3025 16
1 3026 13
1 3028 17.3999996185303
1 3029 12
1 3030 16.2000007629395
1 3034 14
1 3035 15.8999996185303
1 3036 15
1 3038 13.8000001907349
1 3039 12
1 3041 15
1 3042 17.5
1 3044 13.6999998092651
1 3045 11.8000001907349
1 3134 9.69999980926514
1 3101 14
1 3102 9.19999980926514
1 3105 15
1 3106 11.1999998092651
1 3107 12.6000003814697
1 3108 15.6000003814697
1 3111 16.1000003814697
1 3113 16
1 3117 11.5
1 3122 14
1 3123 15.6000003814697
1 3124 13.8000001907349
1 3097 14
1 3129 13.3999996185303
1 3127 12.6999998092651
1 3199 11.1999998092651
1 3202 14.3999996185303
1 3203 15
1 3214 14.8999996185303
1 3215 13.8000001907349
1 3220 12.1999998092651
1 3208 13.5
1 3222 12.6000003814697
1 3224 9.80000019073486
1 3225 15.3999996185303
1 3221 13.3000001907349
1 3198 9.89999961853027
1 3230 18.2000007629395
1 3231 12.6000003814697
1 3232 10.8999996185303
1 3238 15.5
1 3239 12.1999998092651
1 3240 14.3999996185303
1 3241 11.1999998092651
1 3242 10.1000003814697
1 3243 12.3999996185303
1 3245 13.1000003814697
1 3248 15.1999998092651
1 3226 13.5
1 3229 12.8000001907349
1 3269 9.19999980926514
1 3270 14.6000003814697
1 3272 12.1000003814697
1 3275 12.3999996185303
1 3276 8.5
1 3277 9.19999980926514
1 3278 10.8999996185303
1 3280 15.3000001907349
1 3282 13.6000003814697
1 3283 14.6999998092651
1 3284 11.1999998092651
1 3286 17.3999996185303
1 3287 12.6999998092651
1 3288 10.8999996185303
1 3289 11.1000003814697
1 3291 14.8000001907349
1 3292 13.5
1 3293 13.8999996185303
1 3294 15.6999998092651
1 3296 16.3999996185303
1 3297 11.1999998092651
1 3298 12.6000003814697
1 3262 8.80000019073486
1 3265 9.80000019073486
1 3266 7
1 3249 10.6000003814697
1 3250 15
1 3251 9.89999961853027
1 3252 8.69999980926514
1 3253 8.39999961853027
1 3255 13.1000003814697
1 3256 17.2000007629395
1 3258 12.6999998092651
1 3259 17.7000007629395
1 3260 13.3000001907349
1 3268 12.1999998092651
1 3267 12
1 3399 10.8999996185303
1 3400 10.1999998092651
1 3398 15.3000001907349
1 3434 12.8999996185303
1 3438 13.3999996185303
1 3439 15.1000003814697
1 3441 16.7000007629395
1 3445 11.3999996185303
1 3448 12
1 3455 15
1 3458 8.80000019073486
1 3459 13
1 3460 10.3999996185303
1 3461 12.1999998092651
1 3462 11.8999996185303
1 3464 13.8999996185303
1 3465 5.5
1 3466 11.1000003814697
1 3467 11.1999998092651
1 3468 13.8999996185303
1 3469 15.8999996185303
1 3470 13.1000003814697
1 3471 12.8999996185303
1 3472 13.6000003814697
1 3473 12.3000001907349
1 3474 10.3999996185303
1 3475 17.7999992370605
1 3401 19.2999992370605
1 3403 13.5
1 3409 9.30000019073486
1 3410 10.6999998092651
1 3411 16.2000007629395
1 3418 10
1 3419 17.2999992370605
1 3420 15.3000001907349
1 3423 18.6000003814697
1 3424 19.2999992370605
1 3425 16.2999992370605
1 3426 15.5
1 3428 13.6999998092651
1 3429 16.7000007629395
1 3430 15
1 3496 13.6000003814697
1 3498 15.8000001907349
1 3499 11
1 3500 11.8999996185303
1 3501 17.1000003814697
1 3502 10.6999998092651
1 3503 9.19999980926514
1 3504 17.2000007629395
1 3506 6.59999990463257
1 3507 11.3000001907349
1 3509 17.6000003814697
1 3511 6.40000009536743
1 3514 12.6000003814697
1 3515 9.39999961853027
1 3517 14
1 3518 6.69999980926514
1 3519 8.89999961853027
1 3522 14.3999996185303
1 3523 9.69999980926514
1 3525 16.1000003814697
1 3527 14.1999998092651
1 3529 11
1 3532 15
1 3533 18.2000007629395
1 3535 8
1 3536 8.60000038146973
1 3540 9.89999961853027
1 3541 12.5
1 3543 12.6000003814697
1 3544 11.3999996185303
1 3545 15.3999996185303
1 3547 7
1 3548 14.1999998092651
1 3491 14.5
1 3492 12
1 3493 12.6000003814697
1 3494 7.69999980926514
1 3477 15.3999996185303
1 3478 14.1000003814697
1 3480 14.6999998092651
1 3481 7.69999980926514
1 3482 9.69999980926514
1 3486 14.8999996185303
1 3487 9.69999980926514
1 3490 14.6999998092651
1 3476 12.8000001907349
1 3671 12
1 3674 12.1000003814697
1 3675 12.1999998092651
1 3647 12.6000003814697
1 3654 16.5
1 3661 14.8999996185303
1 3662 10.6999998092651
1 3664 15.3999996185303
1 3666 6.09999990463257
1 3667 10.1999998092651
1 3669 11.6999998092651
1 3670 14.3999996185303
1 3700 15.8000001907349
1 3701 16
1 3704 12.3999996185303
1 3681 14.6999998092651
1 3683 14.1999998092651
1 3684 14.8000001907349
1 3685 11.8999996185303
1 3686 10.1000003814697
1 3687 10.5
1 3690 11.1000003814697
1 3692 11.8000001907349
1 3693 12.5
1 3695 15.6000003814697
1 3635 14.3000001907349
1 3637 11.1000003814697
1 3641 13.6999998092651
1 3642 16.5
1 3645 13.6000003814697
1 3736 13.5
1 3737 12
1 3738 15
1 3739 11.3999996185303
1 3740 10.5
1 3741 8.5
1 3742 8.60000038146973
1 3743 13.8999996185303
1 3744 10
1 3745 10.1999998092651
1 3746 13.6000003814697
1 3747 15.6000003814697
1 3749 14.6000003814697
1 3750 13.6000003814697
1 3756 12.3999996185303
1 3757 14.5
1 3758 14.8999996185303
1 3760 12.5
1 3762 12.1999998092651
1 3765 8.5
1 3767 9.5
1 3768 14.1000003814697
1 3769 12.3999996185303
1 3770 15.6000003814697
1 3772 15.6999998092651
1 3710 12.6000003814697
1 3711 13.1999998092651
1 3712 9.39999961853027
1 3713 6.80000019073486
1 3714 9.30000019073486
1 3717 13
1 3718 16.2999992370605
1 3720 9.10000038146973
1 3721 12
1 3724 12.8000001907349
1 3726 11.6999998092651
1 3727 11.5
1 3728 14.5
1 3729 17
1 3733 15
1 3811 13
1 3812 7.19999980926514
1 3813 10.3000001907349
1 3814 18.3999996185303
1 3816 14.1999998092651
1 3818 17
1 3789 14.1999998092651
1 3793 12.3000001907349
1 3794 15.3999996185303
1 3800 10.3000001907349
1 3801 10.6999998092651
1 3773 11.8999996185303
1 3774 15.6999998092651
1 3778 8
1 3779 8.39999961853027
1 3780 10.1999998092651
1 3786 14.5
1 3787 15.3999996185303
1 3788 13
1 3809 13.8000001907349
1 3810 14.8999996185303
1 3878 9.39999961853027
1 3881 12.3000001907349
1 3887 14.5
1 3880 12.3000001907349
1 3892 11
1 3893 12.1999998092651
1 3894 8.80000019073486
1 3895 9.19999980926514
1 3896 13.8999996185303
1 3898 10.8999996185303
1 3901 15.8000001907349
1 3902 10.6000003814697
1 3903 13.6999998092651
1 3907 17.1000003814697
1 3908 13.6999998092651
1 3889 12.6999998092651
1 3891 15.3000001907349
1 3928 12.8999996185303
1 3929 13.8999996185303
1 3931 10.1000003814697
1 3932 9.60000038146973
1 3933 9.69999980926514
1 3936 12.1999998092651
1 3937 11.1000003814697
1 3938 10.3000001907349
1 3939 11.8999996185303
1 3940 9.80000019073486
1 3941 14.6000003814697
1 3942 13
1 3943 13.1999998092651
1 3944 13.6999998092651
1 3945 13.3999996185303
1 3946 16
1 3949 17
1 3950 10.6999998092651
1 3951 13.5
1 3953 7.59999990463257
1 3962 12.6000003814697
1 3965 10.8999996185303
1 3968 11.3000001907349
1 3909 13.1000003814697
1 3910 12.8999996185303
1 3911 12.1000003814697
1 3913 14.1999998092651
1 3914 13.8000001907349
1 3915 6.59999990463257
1 3916 6.09999990463257
1 3917 9.39999961853027
1 3918 9.10000038146973
1 3920 11.5
1 3921 14.5
1 3924 14
1 3925 12.5
1 3926 11.8000001907349
1 3927 11.6999998092651
1 4001 12.6000003814697
1 4002 9.19999980926514
1 4003 11.6999998092651
1 4004 14.1000003814697
1 4010 14.5
1 4013 12.8999996185303
1 4015 15
1 4020 9.30000019073486
1 4021 15.1000003814697
1 4024 14.5
1 4031 14
1 4032 11.3999996185303
1 4035 13.8000001907349
1 4040 18.5
1 4041 15.1000003814697
1 4042 13.3000001907349
1 4043 14.1999998092651
1 4044 15.3000001907349
1 4045 12.6999998092651
1 4050 13.5
1 4051 11.8000001907349
1 4053 12.3000001907349
1 4054 11.8000001907349
1 4057 14.6999998092651
1 4061 8.39999961853027
1 3971 17.5
1 3972 11.6000003814697
1 3973 10.5
1 3974 12.3999996185303
1 3976 13.8999996185303
1 3977 12.5
1 3980 14.1000003814697
1 3987 15.6999998092651
1 3988 14
1 3989 12.1999998092651
1 3990 12.8999996185303
1 3994 14.1000003814697
1 3999 15.3000001907349
1 4000 13.5
1 4062 15.3000001907349
1 4064 12.5
1 4071 8.39999961853027
1 4074 14.1999998092651
1 4176 13.8000001907349
1 4179 12.8999996185303
1 4183 12
1 4185 17.2999992370605
1 4188 15.3999996185303
1 4189 13.8000001907349
1 4190 15.1000003814697
1 4191 16.2999992370605
1 4193 15.8000001907349
1 4170 14.1000003814697
1 4172 11.3999996185303
1 4173 17.5
1 4174 14.6000003814697
1 4201 18.2999992370605
1 4202 13.8000001907349
1 4205 10.1000003814697
1 4206 12.1000003814697
1 4207 12.3000001907349
1 4208 13.1999998092651
1 4209 13.1000003814697
1 4210 15.6999998092651
1 4211 16.3999996185303
1 4194 16.7000007629395
1 4195 11.1999998092651
1 4198 13.3999996185303
1 4199 15.1000003814697
1 4217 16
1 4218 15.6999998092651
1 4222 16
1 4223 10.6000003814697
1 4224 13
1 4225 11.1999998092651
1 4226 15.6000003814697
1 4227 8.60000038146973
1 4229 18.7000007629395
1 4230 15.5
1 4231 12.8000001907349
1 4232 10.3000001907349
1 4233 12.1999998092651
1 4234 10.6999998092651
1 4235 13.3000001907349
1 4236 12.5
1 4237 12.8999996185303
1 4239 13.3000001907349
1 4240 11.1999998092651
1 4241 13
1 4243 12.1999998092651
1 4244 13.6999998092651
1 4248 8.19999980926514
1 4249 16.1000003814697
1 4250 13
1 4251 13.1000003814697
1 4253 16.2000007629395
1 4254 14.6000003814697
1 4255 11.3000001907349
1 4256 13.5
1 4258 10.8999996185303
1 4259 10.1999998092651
1 4260 8.69999980926514
1 4261 7.90000009536743
1 4212 13.8000001907349
1 4213 17.7000007629395
1 4215 12.3999996185303
1 4216 15.6999998092651
1 4150 15.6000003814697
1 4151 12.6999998092651
1 4153 14.1999998092651
1 4155 14.8000001907349
1 4158 13.1000003814697
1 4159 15.6999998092651
1 4161 12.6000003814697
1 4164 17.8999996185303
1 4166 13.3000001907349
1 4167 17.2000007629395
1 4168 14.8999996185303
1 4388 10.3999996185303
1 4393 14
1 4395 17
1 4397 17.6000003814697
1 4389 12.1999998092651
1 4406 12
1 4407 11.8000001907349
1 4408 13.3999996185303
1 4405 14.1999998092651
1 4383 15.1999998092651
1 4386 12.3999996185303
1 4387 14.1999998092651
1 4424 15.3999996185303
1 4425 17.3999996185303
1 4426 17.3999996185303
1 4433 14.8000001907349
1 4434 17.7999992370605
1 4435 16.8999996185303
1 4444 13.8000001907349
1 4445 17.7000007629395
1 4446 13.6000003814697
1 4412 16.2000007629395
1 4417 11.1999998092651
1 4418 14.1999998092651
1 4419 16.3999996185303
1 4333 9.60000038146973
1 4334 8.80000019073486
1 4337 15.8000001907349
1 4338 18.3999996185303
1 4343 17.2000007629395
1 4353 15.8000001907349
1 4363 12.1999998092651
1 4366 14.1999998092651
1 4375 17.6000003814697
1 4379 15
1 4382 10.8000001907349
1 4474 14.3999996185303
1 4472 10.3999996185303
1 4448 14.1999998092651
1 4450 14.8000001907349
1 4453 17.7999992370605
1 4454 15.1999998092651
1 4459 15
1 4462 18.6000003814697
1 4463 18.3999996185303
1 4465 13.1999998092651
1 4466 13.6999998092651
1 4467 10.6000003814697
1 4468 10.8000001907349
1 4469 13.8000001907349
1 4447 14.8000001907349
1 4471 17.6000003814697
1 5061 11
1 5066 17
1 5067 16.8000011444092
1 5059 16.2000007629395
1 5073 10.8000001907349
1 5076 15.8000001907349
1 5077 14.8999996185303
1 5071 16.6000003814697
1 5084 15.4000005722046
1 5086 18
1 5087 14.3999996185303
1 5081 13.8000001907349
1 5091 10
1 5092 13.3999996185303
1 5093 10.3999996185303
1 5095 13.1999998092651
1 5096 16.2000007629395
1 5097 13.0999994277954
1 5100 11.3999996185303
1 5101 9.30000019073486
1 5102 10.3999996185303
1 5103 11.1999998092651
1 5104 10.5999994277954
1 5105 12
1 5090 13.3000001907349
1 5056 14.5999994277954
1 5137 15.1999998092651
1 5138 14.0999994277954
1 5141 13.3999996185303
1 5144 9.89999961853027
1 5145 14.5
1 5147 14.8999996185303
1 5150 10.6999998092651
1 5151 11.8000001907349
1 5155 15.9999990463257
1 5157 7.80000019073486
1 5158 18.2000007629395
1 5129 9.19999980926514
1 5106 12.0999994277954
1 5107 12.5999994277954
1 5109 15.0999994277954
1 5111 6.5
1 5112 10.3999996185303
1 5113 13
1 5114 13.8000001907349
1 5116 10.3000001907349
1 5117 15.4000005722046
1 5120 9.5
1 5127 9.19999980926514
1 5128 11.6999998092651
1 5131 8.39999961853027
1 5132 14
1 5421 15.5
1 5428 12.5500001907349
1 5430 14.6999998092651
1 5432 13.8500003814697
1 5435 11.8999996185303
1 5436 12.9499998092651
1 5437 18.3500003814697
1 5439 16.25
1 5440 9.5
1 5441 9.89999961853027
1 5442 17.2999992370605
1 5443 12.1000003814697
1 5423 20.6499996185303
1 5425 17.25
1 5472 17.1000003814697
1 5473 14.8999996185303
1 5474 15.8000001907349
1 5475 7.69999980926514
1 5479 13.6499996185303
1 5480 19.9500007629395
1 5481 16.4500007629395
1 5482 10.25
1 5483 10.6999998092651
1 5484 11.3999996185303
1 5485 12.75
1 5486 16.4500007629395
1 5489 14.5
1 5490 14.0500001907349
1 5491 11.9499998092651
1 5493 13.8500003814697
1 5494 15.1000003814697
1 5495 15.5500001907349
1 5499 17.3500003814697
1 5500 15.5
1 5501 12.8000001907349
1 5502 14.4499998092651
1 5503 15.75
1 5506 9.55000019073486
1 5509 17.8999996185303
1 5444 12.3000001907349
1 5446 10.8500003814697
1 5447 11.6499996185303
1 5451 16.6000003814697
1 5452 17.1000003814697
1 5454 11.3500003814697
1 5457 20.3500003814697
1 5458 14.5
1 5462 17.7999992370605
1 5463 16.6499996185303
1 5464 17.2999992370605
1 5465 15.3999996185303
1 5466 12.0500001907349
1 5468 15.3999996185303
1 5471 14.1499996185303
1 5540 11.8500003814697
1 5541 15.1499996185303
1 5542 12.9499998092651
1 5543 13.1000003814697
1 5546 11.1999998092651
1 5547 10.5500001907349
1 5548 15.75
1 5551 15.8999996185303
1 5552 15.8500003814697
1 5553 10.3500003814697
1 5554 10.9499998092651
1 5555 13.3500003814697
1 5558 6.44999980926514
1 5562 12.5500001907349
1 5563 11.6999998092651
1 5523 14.8000001907349
1 5524 11.8999996185303
1 5525 13.4499998092651
1 5526 14.75
1 5527 12.6000003814697
1 5528 12.5500001907349
1 5531 13.75
1 5534 12.8000001907349
1 5535 12.6499996185303
1 5536 13.3999996185303
1 5510 14.6999998092651
1 5516 11.9499998092651
1 5520 14.25
1 5537 11.1999998092651
1 5538 10.1999998092651
1 5728 16
1 5731 8.80000019073486
1 5741 14.3999996185303
1 5744 11.1999998092651
1 5732 8.94999980926514
1 5734 8.19999980926514
1 5750 12.6499996185303
1 5752 13.1499996185303
1 5747 11.25
1 5749 12.1499996185303
1 5811 17.6000003814697
1 5813 10.6999998092651
1 5814 10.8999996185303
1 5815 10.3500003814697
1 5816 9.60000038146973
1 5817 12.8999996185303
1 5819 12.75
1 5820 11.3000001907349
1 5822 9.14999961853027
1 5826 13.1499996185303
1 5827 10.6000003814697
1 5830 12.6499996185303
1 5833 9.5
1 5834 11.75
1 5840 13.3999996185303
1 5841 13.1499996185303
1 5842 10.8000001907349
1 5843 12.3999996185303
1 5844 10.6499996185303
1 5845 10.0500001907349
1 5848 14.4499998092651
1 5849 12.9499998092651
1 5853 11.8999996185303
1 5874 13.6999998092651
1 5875 11.3999996185303
1 5755 12
1 5758 14.9499998092651
1 5763 13.6999998092651
1 5768 17.25
1 5772 13.75
1 5775 11.1999998092651
1 5776 14.1999998092651
1 5778 8.60000038146973
1 5780 12.6000003814697
1 5783 9.60000038146973
1 5795 12.6999998092651
1 5796 11.4499998092651
1 5797 12.6999998092651
1 5801 12.6000003814697
1 5804 14.6000003814697
1 5904 14.6000003814697
1 5905 11.8000001907349
1 5906 9.19999980926514
1 5907 9.94999980926514
1 5908 11.3999996185303
1 5909 13.8000001907349
1 5914 8.5
1 5919 13.1999998092651
1 5920 13.5500001907349
1 5921 13.8500003814697
1 5922 13.3500003814697
1 5925 9.05000019073486
1 5927 9.64999961853027
1 5931 6.75
1 5932 9.44999980926514
1 5935 7.34999990463257
1 5973 8.64999961853027
1 5974 8.10000038146973
1 5976 8.55000019073486
1 5977 8.60000038146973
1 5978 14
1 5988 12.3500003814697
1 5990 11.9499998092651
1 5992 13.3999996185303
1 5876 10.0500001907349
1 5877 8.30000019073486
1 5878 8
1 5879 13.6000003814697
1 5880 12.5500001907349
1 5886 13.8000001907349
1 5890 11.1000003814697
1 5894 14.4499998092651
1 5895 12
1 5896 13.8500003814697
1 5898 12.8500003814697
1 5899 14.6499996185303
1 5900 7.25
1 5901 15
1 5903 14.0500001907349
1 5993 15.1999998092651
1 5998 11.9499998092651
1 6123 9.05000019073486
1 6124 10.6999998092651
1 6125 9.30000019073486
1 6131 12.6000003814697
1 6133 12.3500003814697
1 6150 11.8999996185303
1 6151 12.5
1 6152 13.8500003814697
1 6154 10.6000003814697
1 6155 10.5500001907349
1 6163 13.75
1 6121 13.8500003814697
1 6122 12.8500003814697
1 6166 13.6000003814697
1 6167 15.4499998092651
1 6170 15
1 6171 12.8999996185303
1 6172 9.39999961853027
1 6173 8.60000038146973
1 6174 11.6499996185303
1 6175 10.6499996185303
1 6176 11
1 6181 7.90000009536743
1 6183 8.60000038146973
1 6164 13.8999996185303
1 6165 13.3999996185303
1 6191 14.25
1 6196 13.1999998092651
1 6197 11.25
1 6200 12.3999996185303
1 6201 10.1000003814697
1 6202 15.1499996185303
1 6103 10.3000001907349
1 6106 10.8500003814697
1 6113 10.1499996185303
1 6114 14.6000003814697
1 6116 16.75
1 6117 10.6999998092651
1 6120 14.8999996185303
1 6189 9.35000038146973
1 6084 11.25
1 6085 14.6000003814697
1 6088 10.8500003814697
1 6090 10.5
1 6095 13.75
1 6102 14.6499996185303
1 6184 13.8999996185303
1 6399 12
1 6402 12.5500001907349
1 6403 13.1499996185303
1 6404 12.8000001907349
1 6400 16.5
1 6380 13.3999996185303
1 6386 14.1000003814697
1 6391 8.80000019073486
1 6392 8.10000038146973
1 6395 7.15000009536743
1 6396 9.19999980926514
1 6398 14.3999996185303
1 6422 9.85000038146973
1 6423 8.60000038146973
1 6439 11.8500003814697
1 6443 9.39999961853027
1 6445 11
1 6405 8.19999980926514
1 6406 14.4499998092651
1 6409 12.6000003814697
1 6410 12.75
1 6412 17
1 6415 11.6999998092651
1 6418 13.8000001907349
1 6421 13.8000001907349
1 6340 13.3999996185303
1 6346 12.75
1 6347 18.0499992370605
1 6348 13.1000003814697
1 6349 12.0500001907349
1 6363 10.5500001907349
1 6368 17.2000007629395
1 6479 16.0499992370605
1 6482 13.3000001907349
1 6483 13.3999996185303
1 6484 11.75
1 6486 17.25
1 6487 9.14999961853027
1 6488 13.3000001907349
1 6489 10.6000003814697
1 6503 13.4499998092651
1 6504 13.5
1 6506 9
1 6475 14.3500003814697
1 6446 11.25
1 6447 11.3500003814697
1 6453 17.0499992370605
1 6454 11.5500001907349
1 6458 11.8500003814697
1 6459 12.3500003814697
1 6460 14.8999996185303
1 6462 12.8999996185303
1 6464 12.1499996185303
1 6465 14.6000003814697
1 6473 13.1999998092651
1 6474 13.8000001907349
1 6476 15.6000003814697
1 6478 15.0500001907349
1 6563 16.8999996185303
1 6567 11.6999998092651
1 6574 12.1999998092651
1 6577 17.7999992370605
1 6583 14.8999996185303
1 6584 11.6999998092651
1 6585 14.6000003814697
1 6586 12.1999998092651
1 6587 11.3999996185303
1 6588 14.3999996185303
1 6590 7
1 6591 12.6999998092651
1 6564 16.2000007629395
1 6565 15.5
1 6620 15.8999996185303
1 6621 15.5
1 6622 15.3999996185303
1 6623 13.8999996185303
1 6624 15.3999996185303
1 6625 12.3999996185303
1 6628 12.8999996185303
1 6630 14.1000003814697
1 6632 14.6999998092651
1 6633 12.5
1 6634 13.5
1 6635 11.3000001907349
1 6636 13.6000003814697
1 6644 13.1999998092651
1 6645 12.6999998092651
1 6646 12.6999998092651
1 6649 15.6999998092651
1 6650 13.6000003814697
1 6651 9.19999980926514
1 6652 11.8999996185303
1 6655 11.1999998092651
1 6656 11.3999996185303
1 6659 11.6999998092651
1 6662 14.6999998092651
1 6663 12.8000001907349
1 6666 14.5
1 6667 15
1 6670 9.89999961853027
1 6671 16.6000003814697
1 6672 11.8000001907349
1 6673 11.8999996185303
1 6674 12.1000003814697
1 6675 13.8999996185303
1 6677 14
1 6678 14.3000001907349
1 6679 12.8000001907349
1 6682 13.8000001907349
1 6683 13.1000003814697
1 6687 14.6999998092651
1 6689 14
1 6691 12.8000001907349
1 6692 12.8999996185303
1 6693 11.8999996185303
1 6694 10.1999998092651
1 6695 9.30000019073486
1 6696 13.8999996185303
1 6700 11.6999998092651
1 6703 16.3999996185303
1 6704 11.3000001907349
1 6705 8.60000038146973
1 6706 17.1000003814697
1 6708 10.8999996185303
1 6710 9.30000019073486
1 6711 10
1 6713 14
1 6714 12.1999998092651
1 6715 12.1000003814697
1 6716 16.5
1 6717 13.3000001907349
1 6718 11.6999998092651
1 6719 11.6999998092651
1 6720 13.8000001907349
1 6721 16.5
1 6722 14.6999998092651
1 6724 14.1000003814697
1 6725 12.8000001907349
1 6727 17.2000007629395
1 6730 14.1000003814697
1 6731 10.8000001907349
1 6732 10.3999996185303
1 6597 12.3000001907349
1 6599 15.6000003814697
1 6600 12.8000001907349
1 6605 12.1999998092651
1 6608 15.1000003814697
1 6611 10.1999998092651
1 6612 13.8999996185303
1 6613 9.60000038146973
1 6614 8.30000019073486
1 6615 12.3999996185303
1 6616 15.6999998092651
1 6617 9.60000038146973
1 6595 13.8999996185303
1 6596 10.8000001907349
1 6592 13.5
1 6857 11.6999998092651
1 6858 12.6000003814697
1 6862 9.30000019073486
1 6863 10.1000003814697
1 6864 14.6000003814697
1 6861 10.75
1 6868 13
1 6869 14.3999996185303
1 6870 13.6999998092651
1 6865 11.8999996185303
1 6855 11.3000001907349
1 6856 10.8000001907349
1 6879 14.1999998092651
1 6881 8.39999961853027
1 6883 12.6000003814697
1 6884 14.8999996185303
1 6886 18.7000007629395
1 6890 9.5
1 6891 9.19999980926514
1 6892 14.6999998092651
1 6897 10
1 6898 12.6999998092651
1 6872 17.1000003814697
1 6875 13
1 6876 13
1 6824 10.3999996185303
1 6825 12.5
1 6826 14.1000003814697
1 6827 11.8000001907349
1 6828 16.5
1 6830 14.6999998092651
1 6835 13.1999998092651
1 6838 15.3000001907349
1 6839 15.6000003814697
1 6845 17.8999996185303
1 6850 16.7999992370605
1 6851 11.6999998092651
1 6927 13.8999996185303
1 6928 13.3999996185303
1 6929 12.3999996185303
1 6930 13.3999996185303
1 6931 13.8000001907349
1 6934 11
1 6936 10.1999998092651
1 6937 10.3999996185303
1 6939 14.8000001907349
1 6940 13.8999996185303
1 6941 10
1 6942 9.69999980926514
1 6944 13.8999996185303
1 6945 14.1999998092651
1 6946 9.10000038146973
1 6947 10.6000003814697
1 6948 13.6000003814697
1 6949 10.3000001907349
1 6950 10.1000003814697
1 6955 14.1000003814697
1 6956 13.8999996185303
1 6957 15.3000001907349
1 6958 15.6000003814697
1 6959 12.1999998092651
1 6960 14.5
1 6963 15.1000003814697
1 6964 15.1000003814697
1 6966 13.1000003814697
1 6967 14.6000003814697
1 6968 12.3999996185303
1 6969 12.8999996185303
1 6971 9.5
1 6972 12.8999996185303
1 6974 11.8999996185303
1 6978 9.60000038146973
1 6979 14.8000001907349
1 6980 15.1000003814697
1 6984 11.5
1 6985 13.1000003814697
1 6989 10.3000001907349
1 6990 12.3000001907349
1 6903 12.3999996185303
1 6904 11.6999998092651
1 6905 12.6999998092651
1 6906 9.69999980926514
1 6910 15.3999996185303
1 6912 14
1 6913 14.1000003814697
1 6915 13.8999996185303
1 6916 14.5
1 6918 12.1999998092651
1 6919 12.3999996185303
1 6921 16.2999992370605
1 6902 17.25
1 6924 13.6000003814697
1 6923 15.1000003814697
1 7108 12.3999996185303
1 7113 13.1999998092651
1 7118 14.6999998092651
1 7120 13.8999996185303
1 7121 12.5
1 7124 14
1 7119 14.5
1 7132 16.2000007629395
1 7134 16.6000003814697
1 7136 13.6000003814697
1 7129 9
1 7107 15.8999996185303
1 7140 12.1999998092651
1 7142 14.5
1 7144 11.6000003814697
1 7145 12
1 7146 13.8999996185303
1 7150 10.1999998092651
1 7151 8.10000038146973
1 7152 12.3000001907349
1 7153 9
1 7154 9.69999980926514
1 7156 14.6000003814697
1 7137 14
1 7139 13.8999996185303
1 7179 11.6999998092651
1 7180 9
1 7181 9.60000038146973
1 7182 14.1000003814697
1 7185 15.1999998092651
1 7186 11.3000001907349
1 7188 11.1000003814697
1 7189 11.3000001907349
1 7194 14.6000003814697
1 7195 12.3999996185303
1 7198 13.6999998092651
1 7199 15.5
1 7200 16.3999996185303
1 7202 12.1999998092651
1 7203 12.6999998092651
1 7204 14.5
1 7205 15.6999998092651
1 7206 15.8999996185303
1 7207 15.3000001907349
1 7209 14.5
1 7210 11.1999998092651
1 7213 13.5
1 7216 15.6999998092651
1 7218 11.8000001907349
1 7158 16.3999996185303
1 7159 12.3999996185303
1 7161 6.69999980926514
1 7162 8.80000019073486
1 7163 14.6999998092651
1 7164 13
1 7165 10.1999998092651
1 7169 13.3999996185303
1 7172 13.1999998092651
1 7173 14.1000003814697
1 7174 14.8999996185303
1 7175 10.6000003814697
1 7176 11.8999996185303
1 7177 13.5
1 7178 12.3000001907349
1 7246 9.69999980926514
1 7248 10.6999998092651
1 7249 7.90000009536743
1 7250 16.2000007629395
1 7251 15
1 7252 11.8000001907349
1 7254 10.1000003814697
1 7256 15.8000001907349
1 7260 11.8999996185303
1 7261 11.6999998092651
1 7262 13.3999996185303
1 7267 14.1000003814697
1 7307 9.10000038146973
1 7308 9.69999980926514
1 7220 12.1999998092651
1 7221 9.80000019073486
1 7229 12.8000001907349
1 7230 13.3999996185303
1 7233 16
1 7234 14.3999996185303
1 7235 15.6000003814697
1 7236 10.1999998092651
1 7238 16.1000003814697
1 7239 11.3000001907349
1 7240 14.6000003814697
1 7241 13.5
1 7219 16.7000007629395
1 7245 11.8000001907349
1 7242 15
1 7436 16.5
1 7437 11.5
1 7438 12.8999996185303
1 7441 11
1 7444 12.1000003814697
1 7446 13.1000003814697
1 7440 12.3000001907349
1 7451 14.8000001907349
1 7452 10.3999996185303
1 7453 11.3000001907349
1 7447 9.80000019073486
1 7435 14.6999998092651
1 7485 13.5
1 7486 10.8000001907349
1 7488 16
1 7490 9.30000019073486
1 7491 10.1000003814697
1 7492 13.1000003814697
1 7496 12
1 7501 12.1000003814697
1 7502 8.19999980926514
1 7511 14.8999996185303
1 7512 10.5
1 7513 8.69999980926514
1 7514 9.30000019073486
1 7515 11.6999998092651
1 7516 7
1 7517 12.6000003814697
1 7519 6.09999990463257
1 7520 11.3999996185303
1 7521 12
1 7522 9.89999961853027
1 7523 10.1999998092651
1 7524 12.5
1 7525 13.6999998092651
1 7526 10.6999998092651
1 7528 10.8999996185303
1 7454 12.6000003814697
1 7455 12
1 7457 10.8999996185303
1 7462 8.19999980926514
1 7463 9.19999980926514
1 7467 9.69999980926514
1 7471 12.6000003814697
1 7472 11.8000001907349
1 7473 15.3999996185303
1 7476 14.5
1 7478 10.3999996185303
1 7480 15.3999996185303
1 7482 16.7000007629395
1 7483 11.6999998092651
1 7484 14
1 7552 13
1 7553 12.6000003814697
1 7558 11.3000001907349
1 7559 13.3000001907349
1 7560 11.8000001907349
1 7561 13.8000001907349
1 7562 17
1 7563 14.8000001907349
1 7565 14.5
1 7569 10.1999998092651
1 7571 9.10000038146973
1 7572 7.19999980926514
1 7573 8.60000038146973
1 7574 9.39999961853027
1 7575 12.3000001907349
1 7576 9.69999980926514
1 7577 9.19999980926514
1 7578 9.10000038146973
1 7580 10.6000003814697
1 7581 11.6999998092651
1 7582 11.6000003814697
1 7586 16.5
1 7591 12.8999996185303
1 7593 11.8000001907349
1 7595 9.5
1 7529 10.5
1 7530 9.89999961853027
1 7531 7.69999980926514
1 7532 9.60000038146973
1 7533 11.8000001907349
1 7536 14
1 7537 13.1999998092651
1 7538 11.8999996185303
1 7541 11.6999998092651
1 7542 12
1 7543 9.89999961853027
1 7544 9.80000019073486
1 7545 9.30000019073486
1 7546 18.3999996185303
1 7548 6.40000009536743
1 7681 7.09999990463257
1 7600 13.6000003814697
1 7602 11
1 7603 14.5
1 7682 13.3000001907349
1 8236 10.1000003814697
1 8247 12.6999998092651
1 8248 10.1000003814697
1 8250 11.5
1 8251 14.1999998092651
1 8252 13.3000001907349
1 8254 14.3999996185303
1 8255 12.3000001907349
1 8256 9.89999961853027
1 8237 13.1000003814697
1 8238 8.60000038146973
1 8239 10.5
1 8245 10.5
1 8246 9.19999980926514
1 8265 13.3999996185303
1 8267 15.6000003814697
1 8269 13.3000001907349
1 8271 12.6999998092651
1 8273 5.5
1 8276 14.6999998092651
1 8277 6.19999980926514
1 8257 11.3000001907349
1 8258 12.6999998092651
1 8259 11.8999996185303
1 8260 6.30000019073486
1 8263 10.8000001907349
1 8284 14.5
1 8285 11.3000001907349
1 8286 10.3999996185303
1 8289 11
1 8292 12.3000001907349
1 8295 8.80000019073486
1 8296 10.8000001907349
1 8297 11.6999998092651
1 8299 12.1999998092651
1 8300 11.1999998092651
1 8301 5.40000009536743
1 8302 11.1000003814697
1 8303 9.69999980926514
1 8304 14.3000001907349
1 8307 11.6000003814697
1 8308 10.8999996185303
1 8314 8.80000019073486
1 8315 13.6999998092651
1 8317 9.89999961853027
1 8318 11.6999998092651
1 8319 12.3000001907349
1 8324 13.5
1 8325 14.1999998092651
1 8327 11
1 8328 11.3999996185303
1 8329 12.1999998092651
1 8341 10.8000001907349
1 8345 6.30000019073486
1 8346 8.39999961853027
1 8349 13.5
1 8351 8.30000019073486
1 8352 8.5
1 8353 11
1 8354 12.6999998092651
1 8359 15.1000003814697
1 8278 5.90000009536743
1 8280 13.3999996185303
1 8281 8.30000019073486
1 8282 12.5
1 8283 10.5
1 8213 11.1000003814697
1 8219 15.1000003814697
1 8220 14.1000003814697
1 8224 10.8999996185303
1 8227 14.1999998092651
1 8228 12.3000001907349
1 8229 14.8999996185303
1 8231 11.8000001907349
1 8233 12.6000003814697
1 8234 16.2999992370605
1 8452 11
1 8457 8.60000038146973
1 8361 11.6000003814697
1 8753 12.3000001907349
1 8754 12.8999996185303
1 8756 14.6999998092651
1 8752 10.3999996185303
1 8764 13.6999998092651
1 8765 14.1000003814697
1 8757 13.3999996185303
1 8744 8.89999961853027
1 8746 18.1000003814697
1 8747 10.8000001907349
1 8772 16.2000007629395
1 8776 14
1 8780 14.5
1 8781 15.1999998092651
1 8782 16.8999996185303
1 8783 13.6000003814697
1 8789 14.8000001907349
1 8790 13.3000001907349
1 8767 10.6999998092651
1 8769 16.6000003814697
1 8770 11.3999996185303
1 8771 13.3000001907349
1 8710 14.3000001907349
1 8713 16.7999992370605
1 8722 14.3000001907349
1 8723 17.7000007629395
1 8724 15.1000003814697
1 8727 16.2999992370605
1 8730 13.1000003814697
1 8731 13.3000001907349
1 8733 15.6999998092651
1 8736 9.5
1 8743 14.6000003814697
1 8792 15.1000003814697
1 8793 13.8000001907349
1 8794 12.6000003814697
1 8798 11.8000001907349
1 8799 11.8999996185303
1 8800 12.5
1 8806 6.5
1 8811 12.6000003814697
1 8812 14.1999998092651
1 9026 14.25
1 9027 14.3000001907349
1 9028 12.3000001907349
1 9011 12.1000003814697
1 9012 15.5
1 9013 12.5
1 9015 18.3500003814697
1 9017 16.5
1 9018 19.7000007629395
1 9022 19.2000007629395
1 9023 14.4499998092651
1 9024 18.7000007629395
1 9025 11.5
1 9046 10.3000001907349
1 9048 10.3000001907349
1 9050 11.1000003814697
1 9033 10
1 9034 9.55000019073486
1 9035 10.3000001907349
1 9036 11.8000001907349
1 9040 13.8999996185303
1 9041 13.6499996185303
1 9042 12.9499998092651
1 9043 15
1 9044 13.6999998092651
1 9045 10.1000003814697
1 9068 17.2999992370605
1 9072 12.3500003814697
1 9073 11.25
1 9074 17.7000007629395
1 9076 18
1 9079 16.7000007629395
1 9080 15.1000003814697
1 9081 11.5500001907349
1 9082 12.3999996185303
1 9084 12.8999996185303
1 9087 14.3999996185303
1 9088 13.0500001907349
1 9089 12.4499998092651
1 9090 12.25
1 9091 10.6499996185303
1 9092 13.8999996185303
1 9093 12.9499998092651
1 9098 10.5
1 9101 16.75
1 9106 16.3500003814697
1 9109 15.6000003814697
1 9111 7.94999980926514
1 9112 12.3500003814697
1 9113 16.6499996185303
1 9114 9.5
1 9115 11.6999998092651
1 9116 17.4500007629395
1 9120 8.44999980926514
1 9121 10
1 9122 15.8500003814697
1 9051 10.75
1 9055 10.0500001907349
1 9056 11
1 9057 10.3000001907349
1 9058 13.0500001907349
1 9059 16.3999996185303
1 9060 15.6999998092651
1 9062 14.8000001907349
1 9063 16.3500003814697
1 9065 12.6000003814697
1 9144 10.6499996185303
1 9145 9.5
1 9147 9.69999980926514
1 9148 9.14999961853027
1 9149 17.2999992370605
1 9155 12.6999998092651
1 9156 13.5
1 9158 9.25
1 9161 13.6999998092651
1 9162 12.75
1 9163 9.69999980926514
1 9164 15.75
1 9136 6.34999990463257
1 9142 13.25
1 9001 17.8999996185303
1 9004 15.6000003814697
1 9008 13.3999996185303
1 9126 16.1000003814697
1 9127 9.94999980926514
1 9129 8.19999980926514
1 9130 9
1 9132 14.8000001907349
1 9133 16
1 9134 11.0500001907349
1 9135 9.69999980926514
1 9009 12
1 9010 11.75
1 9753 17.2000007629395
1 9757 12.5500001907349
1 9758 14.6499996185303
1 9754 11.75
1 9756 11
1 9763 13.1999998092651
1 9766 10.8999996185303
1 9767 13.8000001907349
1 9768 10.8500003814697
1 9769 13.8000001907349
1 9775 18.6499996185303
1 9776 12.8000001907349
1 9780 16.8999996185303
1 9781 9.5
1 9782 10.3000001907349
1 9784 12.8999996185303
1 9759 12.9499998092651
1 9762 11.1000003814697
1 9810 8.60000038146973
1 9811 6.40000009536743
1 9815 11.1999998092651
1 9821 14.8000001907349
1 9824 18.2000007629395
1 9827 12.3999996185303
1 9830 12.3999996185303
1 9834 12.8500003814697
1 9835 18
1 9836 14.5
1 9839 16.5499992370605
1 9840 17.7999992370605
1 9841 15.25
1 9842 11.6999998092651
1 9844 16.25
1 9850 9.19999980926514
1 9851 11.1999998092651
1 9852 10.9499998092651
1 9854 9.39999961853027
1 9855 9.75
1 9856 9.69999980926514
1 9857 6.84999990463257
1 9859 9.64999961853027
1 9862 13.3500003814697
1 9865 13.6999998092651
1 9869 15.8000001907349
1 9870 13.5500001907349
1 9873 11.1999998092651
1 9874 12.1999998092651
1 9875 13.4499998092651
1 9877 13.6999998092651
1 9878 15.5
1 9879 13.5
1 9880 9.80000019073486
1 9885 14.5
1 9887 15.8000001907349
1 9888 12.6999998092651
1 9889 13.0500001907349
1 9895 12.9499998092651
1 9897 16.6499996185303
1 9898 15.25
1 9899 5.40000009536743
1 9901 9.94999980926514
1 9902 9.80000019073486
1 9903 9.80000019073486
1 9904 11.6999998092651
1 9905 11.8999996185303
1 9907 14.8000001907349
1 9911 13.6000003814697
1 9912 14.8000001907349
1 9915 9.30000019073486
1 9918 11.6999998092651
1 9919 10.3999996185303
1 9920 9.60000038146973
1 9921 8.30000019073486
1 9790 16.2999992370605
1 9793 14.1499996185303
1 9794 14.0500001907349
1 9795 11.5
1 9797 13
1 9798 14.8000001907349
1 9800 13.4499998092651
1 9801 13.9499998092651
1 9802 14.1499996185303
1 9803 12.8999996185303
1 9787 11.1000003814697
1 9788 10.8000001907349
1 9809 15.5
1 9804 15.25
1 10180 12.6499996185303
1 10181 11.5500001907349
1 10179 12.6000003814697
1 10187 10.3000001907349
1 10188 8.94999980926514
1 10183 8.60000038146973
1 10184 17.0499992370605
1 10196 13.25
1 10197 11.5
1 10193 10.9499998092651
1 10194 13.9499998092651
1 10224 11.5500001907349
1 10227 13.25
1 10228 10.8000001907349
1 10229 8.30000019073486
1 10230 7.80000019073486
1 10231 10.1999998092651
1 10233 12.0500001907349
1 10235 14.9499998092651
1 10238 12.6499996185303
1 10239 10
1 10240 9.14999961853027
1 10242 11.6999998092651
1 10245 10.5500001907349
1 10246 11.25
1 10247 7.40000009536743
1 10251 11.1499996185303
1 10256 12.8999996185303
1 10258 13.6999998092651
1 10259 9.30000019073486
1 10262 11.1000003814697
1 10263 11.25
1 10266 11.3999996185303
1 10272 12
1 10273 5.90000009536743
1 10274 6.34999990463257
1 10199 10.1999998092651
1 10201 13.3000001907349
1 10202 15.75
1 10203 14.0500001907349
1 10205 12.3000001907349
1 10206 5.75
1 10207 11.1000003814697
1 10208 12.6499996185303
1 10210 13.75
1 10211 13.3500003814697
1 10217 15.8999996185303
1 10218 13.8500003814697
1 10220 12.1000003814697
1 10221 12.3000001907349
1 10223 10.75
1 10308 7.30000019073486
1 10309 9.75
1 10310 12.3999996185303
1 10312 13.8999996185303
1 10313 12.0500001907349
1 10314 14.8999996185303
1 10316 10.4499998092651
1 10318 10.5
1 10319 12.25
1 10320 11.1499996185303
1 10321 9.39999961853027
1 10322 10.6499996185303
1 10325 12.8500003814697
1 10328 12.6000003814697
1 10331 8.69999980926514
1 10332 8.19999980926514
1 10333 11.3999996185303
1 10335 11.0500001907349
1 10336 7.05000019073486
1 10337 17.3500003814697
1 10338 9.14999961853027
1 10340 10.8999996185303
1 10341 13.6499996185303
1 10342 7.65000009536743
1 10343 11.3000001907349
1 10345 14.1000003814697
1 10346 10.5
1 10354 11.3500003814697
1 10355 11.5500001907349
1 10279 13.8000001907349
1 10281 7.80000019073486
1 10282 10.8999996185303
1 10290 14.1499996185303
1 10291 9.5
1 10292 11.1999998092651
1 10293 11.8999996185303
1 10298 13.3500003814697
1 10299 7.59999990463257
1 10300 8.64999961853027
1 10301 10.4499998092651
1 10302 9.94999980926514
1 10303 16.2000007629395
1 10278 11.6000003814697
1 10277 12.25
1 10536 11.5500001907349
1 10540 18.1499996185303
1 10541 15.3500003814697
1 10543 12
1 10545 13.1499996185303
1 10547 15.0500001907349
1 10542 15.8000001907349
1 10553 13.8999996185303
1 10555 13.6000003814697
1 10556 9.60000038146973
1 10550 13.5
1 10535 15.6000003814697
1 10559 13.6999998092651
1 10565 11.8999996185303
1 10566 16.8999996185303
1 10567 9.05000019073486
1 10569 12.3500003814697
1 10570 9.05000019073486
1 10576 13.5500001907349
1 10579 14.4499998092651
1 10580 14.1999998092651
1 10582 14.6000003814697
1 10585 12.6999998092651
1 10557 12.3000001907349
1 10558 12.25
1 10514 15.9499998092651
1 10517 13.3999996185303
1 10518 10.9499998092651
1 10519 15.25
1 10521 12.0500001907349
1 10522 12.9499998092651
1 10524 14.75
1 10527 13.3999996185303
1 10528 14.4499998092651
1 10531 13.1499996185303
1 10532 14.6999998092651
1 10533 15.3500003814697
1 10534 12.9499998092651
1 10611 14.0500001907349
1 10615 10.5500001907349
1 10616 9.85000038146973
1 10617 12.8999996185303
1 10618 13.5500001907349
1 10619 13.0500001907349
1 10620 16.3500003814697
1 10621 13.1000003814697
1 10622 14.8500003814697
1 10625 16.75
1 10626 12.5500001907349
1 10628 13.1999998092651
1 10630 13.5500001907349
1 10631 14.3500003814697
1 10635 10.4499998092651
1 10640 12.6000003814697
1 10642 13.1499996185303
1 10643 15.3500003814697
1 10644 11.5500001907349
1 10645 10
1 10646 10.3000001907349
1 10655 12.1999998092651
1 10658 8.69999980926514
1 10659 13.0500001907349
1 10660 11.1999998092651
1 10586 17.4500007629395
1 10587 14.8000001907349
1 10589 15.0500001907349
1 10593 15.3000001907349
1 10594 12.6000003814697
1 10595 12.4499998092651
1 10597 14.5500001907349
1 10598 11.9499998092651
1 10599 16.5
1 10600 12.3500003814697
1 10601 9.80000019073486
1 10602 10.8999996185303
1 10606 13.8000001907349
1 10609 17.7000007629395
1 10610 13.8999996185303
1 10662 10
1 11137 15.1499996185303
1 11138 11
1 11139 10.25
1 11140 16.0499992370605
1 11141 8.10000038146973
1 11146 16.6499996185303
1 11147 15.25
1 11148 14.1499996185303
1 11149 13.3000001907349
1 11150 12.4499998092651
1 11154 16.2000007629395
1 11155 13.1999998092651
1 11136 13.1000003814697
1 11157 11.0500001907349
1 11158 13.1499996185303
1 11159 17.6000003814697
1 11160 13.5500001907349
1 11161 11.1000003814697
1 11162 16.3999996185303
1 11163 12.1999998092651
1 11164 11.5
1 11165 11.6000003814697
1 11173 9.44999980926514
1 11174 8.25
1 11175 7.25
1 11156 9.85000038146973
1 11179 13.75
1 11180 13.25
1 11182 10.6000003814697
1 11183 12.6499996185303
1 11184 10.3000001907349
1 11185 8.55000019073486
1 11187 15.75
1 11188 15.6499996185303
1 11193 17
1 11194 16.1499996185303
1 11197 13.9499998092651
1 11201 15.0500001907349
1 11204 12.6999998092651
1 11210 10.3000001907349
1 11211 7.80000019073486
1 11212 7.90000009536743
1 11213 14.3000001907349
1 11214 10.1000003814697
1 11216 11.0500001907349
1 11217 12.8999996185303
1 11222 14.1999998092651
1 11226 12.1000003814697
1 11227 14.8500003814697
1 11228 13
1 11231 15.6999998092651
1 11234 11.3500003814697
1 11235 14
1 11236 15.8500003814697
1 11240 10.9499998092651
1 11241 11.6999998092651
1 11242 9.39999961853027
1 11244 13.8500003814697
1 11245 9.75
1 11246 6.69999980926514
1 11248 12.4499998092651
1 11249 10.8999996185303
1 11250 10.4499998092651
1 11252 11.9499998092651
1 11253 15.8500003814697
1 11176 14.8500003814697
1 11257 10.8000001907349
1 11258 13.8000001907349
1 11260 15.9499998092651
1 11263 10.4499998092651
1 11268 12.1999998092651
1 11271 14.6999998092651
1 11272 10.4499998092651
1 11273 9.10000038146973
1 11274 13.9499998092651
1 11275 12.3999996185303
1 11277 12.3500003814697
1 11279 8.05000019073486
1 11134 12.1000003814697
1 11135 6.59999990463257
1 11114 17.1499996185303
1 11115 12.8000001907349
1 11116 9.60000038146973
1 11118 14.9499998092651
1 11122 13.3500003814697
1 11123 18.5499992370605
1 11126 12.8500003814697
1 11128 13.5
1 11129 15.4499998092651
1 11130 10.5500001907349
1 11131 17.2000007629395
1 11256 10.5
1 11510 11.3999996185303
1 11512 13.1499996185303
1 11514 12.4499998092651
1 11518 14
1 11519 11.8500003814697
1 11532 15.9499998092651
1 11533 10.6999998092651
1 11534 12.3500003814697
1 11535 10.9499998092651
1 11536 15.1000003814697
1 11537 11.8999996185303
1 11541 12.1499996185303
1 11544 9.39999961853027
1 11545 8.10000038146973
1 11548 12.75
1 11552 13.8000001907349
1 11554 10.6999998092651
1 11560 13.3500003814697
1 11561 13.6000003814697
1 11562 8.80000019073486
1 11563 11.4499998092651
1 11564 13.1499996185303
1 11565 11.5
1 11566 9.69999980926514
1 11508 12.6499996185303
1 11509 13.25
1 11589 15.5
1 11590 12
1 11592 15
1 11594 13.0500001907349
1 11595 10.9499998092651
1 11596 11.9499998092651
1 11597 11.5500001907349
1 11598 7.40000009536743
1 11599 10.3500003814697
1 11602 16.3500003814697
1 11603 14.9499998092651
1 11604 12.1999998092651
1 11605 5.25
1 11606 13.8500003814697
1 11608 13.1999998092651
1 11611 8.75
1 11612 10.0500001907349
1 11616 11.6000003814697
1 11617 13.8000001907349
1 11618 13.3500003814697
1 11619 9.44999980926514
1 11620 12.1499996185303
1 11621 13.1499996185303
1 11623 10.6999998092651
1 11624 12.5
1 11625 12.8500003814697
1 11628 14.1499996185303
1 11631 9.14999961853027
1 11571 13.8000001907349
1 11572 13.8000001907349
1 11573 11.1999998092651
1 11575 9
1 11576 8.19999980926514
1 11577 15.6499996185303
1 11578 9.05000019073486
1 11580 12.25
1 11581 14
1 11583 13
1 11585 11.3999996185303
1 11586 11.3000001907349
1 11587 14.0500001907349
1 11569 14.3999996185303
1 11568 11.8500003814697
