1 1336 509 6
1 1923 509 8
1 691 509 3
1 1770 509 7
1 660 211 2
1 743 211 2
1 662 211 2
1 635 211 2
1 713 211 2
1 763 211 2
1 770 211 2
1 665 211 2
1 771 211 2
1 694 211 2
1 661 211 2
1 703 211 2
1 686 211 2
1 2449 211 9
1 646 211 2
1 1699 211 6
1 1174 211 4
1 1366 211 5
1 1664 211 6
1 4426 211 15
1 1425 211 5
1 2514 211 9
1 2043 211 7
1 1367 211 5
1 1787 211 6
1 645 211 2
1 1100 211 4
1 2435 211 9
1 1720 211 6
1 2965 211 11
1 1031 211 3
1 2437 211 9
1 638 211 2
1 1108 331 3
1 1385 331 4
1 1622 331 5
1 1025 331 2
1 2504 331 8
1 1173 331 3
1 1365 331 4
1 1698 331 5
1 2049 331 6
1 2697 331 9
1 2969 331 10
1 1482 331 4
1 1099 331 3
1 1016 331 2
1 1218 331 3
1 1502 331 4
1 1039 331 2
1 1540 331 4
1 1193 331 3
1 2966 331 10
1 1291 331 4
1 1718 331 5
1 1856 331 6
1 2387 331 8
1 1270 331 4
1 1019 331 2
1 2967 331 10
1 1111 331 3
1 1719 331 5
1 2727 331 9
1 1293 331 4
1 1857 331 6
1 1048 331 2
1 2378 331 8
1 1112 331 3
1 1786 331 5
1 1023 331 2
1 2081 331 6
1 2814 331 9
1 1424 331 4
1 1127 331 3
1 1756 331 5
1 1035 331 2
1 2968 331 10
1 1646 331 5
1 1423 331 4
1 1022 331 2
1 1926 331 6
1 1875 331 6
1 1324 331 4
1 1757 331 5
1 1364 331 4
1 1041 331 2
1 1487 331 4
1 1876 331 6
1 1205 331 3
1 1110 331 3
1 1049 331 2
1 1292 331 4
1 2892 331 9
1 1988 331 6
1 1703 331 5
1 1390 331 4
1 2970 331 10
1 1161 457 2
1 1644 457 4
1 2053 457 5
1 2803 457 8
1 1696 457 4
1 1363 457 3
1 1972 457 5
1 3797 457 11
1 3519 457 10
1 1472 457 3
1 1126 457 2
1 1323 457 3
1 2590 457 8
1 1191 457 2
1 1532 457 3
1 1998 457 5
1 2891 457 8
1 1716 457 4
1 1676 457 4
1 1383 457 3
1 1446 457 3
1 1659 457 4
1 1774 457 4
1 2412 457 7
1 2971 457 9
1 3377 457 10
1 1645 457 4
1 2972 457 9
1 3378 457 10
1 1422 457 3
1 1192 457 2
1 2460 457 7
1 3379 457 10
1 2973 457 9
1 1697 457 4
1 1848 457 5
1 1269 457 3
1 1172 457 2
1 2389 457 7
1 1717 457 4
1 1858 457 5
1 2877 457 8
1 2844 457 8
1 2510 457 7
1 1941 457 5
1 1621 457 4
1 3173 457 9
1 1384 457 3
1 2367 457 7
1 1877 211 4
1 1751 211 3
1 2974 211 8
1 2879 211 7
1 1878 211 4
1 1752 211 3
1 1419 211 2
1 1501 211 2
1 1766 211 3
1 1333 211 2
1 1320 211 2
1 1443 211 2
1 1322 211 2
1 1879 211 4
1 1754 211 3
1 1420 211 2
1 1346 211 2
1 1780 211 3
1 1471 211 2
1 1486 211 2
1 1334 211 2
1 1495 211 2
1 1918 211 4
1 1421 211 2
1 2594 211 7
1 2064 211 4
1 2975 211 8
1 1694 211 3
1 2052 211 4
1 1361 211 2
1 2787 211 7
1 1321 211 2
1 2400 211 6
1 1880 211 4
1 2871 211 7
1 2976 211 8
1 1753 211 3
1 2726 211 7
1 1849 211 4
1 1695 211 3
1 2363 211 6
1 2977 211 8
1 1266 211 2
1 3373 211 9
1 1715 211 3
1 1381 211 2
1 1940 211 4
1 1611 211 3
1 1514 211 2
1 1620 211 3
1 1995 211 4
1 3174 211 8
1 1382 211 2
1 2508 211 6
1 3518 211 9
1 1993 211 4
1 1543 211 2
1 1335 211 2
1 2097 211 4
1 3151 211 8
1 2408 211 6
1 2691 211 7
1 1643 211 3
1 3374 211 9
1 1340 211 2
1 2089 211 4
1 2713 211 7
1 3375 211 9
1 2979 211 8
1 2980 211 8
1 2890 211 7
1 2048 211 4
1 1265 211 2
1 2978 211 8
1 2805 211 7
1 1445 211 2
1 1960 211 4
1 1347 211 2
1 2785 211 7
1 1362 211 2
1 3760 211 10
1 2042 211 4
1 1755 211 3
1 1267 211 2
1 1444 211 2
1 1658 211 3
1 2596 211 7
1 1962 211 4
1 2480 211 6
1 1507 211 2
1 1663 211 3
1 3239 211 8
1 2981 211 8
1 1714 211 3
1 2382 211 6
1 2732 211 7
1 3376 211 9
1 1290 211 2
1 1859 211 4
1 1268 211 2
1 1704 211 3
1 1812 211 3
1 2862 211 7
1 2369 211 6
1 3148 211 8
1 1835 211 4
1 2448 290 5
1 2045 290 3
1 2626 290 6
1 3436 290 8
1 4424 290 11
1 3756 290 9
1 4034 290 10
1 2990 290 7
1 1796 290 2
1 3512 290 8
1 2056 290 3
1 3552 290 8
1 2824 290 6
1 3178 290 7
1 2512 290 5
1 1976 290 3
1 3553 290 8
1 2489 290 5
1 4624 290 11
1 1672 290 2
1 3175 290 7
1 2556 290 6
1 1638 290 2
1 2011 290 3
1 1989 290 3
1 3516 290 8
1 1948 290 3
1 2762 290 6
1 1639 290 2
1 3515 290 8
1 2087 290 3
1 3755 290 9
1 2423 290 5
1 1640 290 2
1 1674 290 2
1 1742 290 2
1 1784 290 2
1 2982 290 7
1 1818 290 2
1 2041 290 3
1 1819 290 2
1 1777 290 2
1 1744 290 2
1 1795 290 2
1 1881 290 3
1 1745 290 2
1 1778 290 2
1 1927 290 3
1 2983 290 7
1 3372 290 8
1 1675 290 2
1 1641 290 2
1 2491 290 5
1 2763 290 6
1 3176 290 7
1 1883 290 3
1 1747 290 2
1 1884 290 3
1 2873 290 6
1 1748 290 2
1 2391 290 5
1 1820 290 2
1 1885 290 3
1 1749 290 2
1 1750 290 2
1 2428 290 5
1 3758 290 9
1 3177 290 7
1 1886 290 3
1 2764 290 6
1 2822 290 6
1 1954 290 3
1 2517 290 5
1 1642 290 2
1 1651 290 2
1 7769 290 13
1 2447 290 5
1 2623 290 6
1 7623 290 13
1 7194 290 12
1 2984 290 7
1 1850 290 3
1 2351 290 5
1 4564 290 11
1 4565 290 11
1 2060 290 3
1 1806 290 2
1 4094 290 10
1 2985 290 7
1 3826 290 9
1 2859 290 6
1 1814 290 2
1 2091 290 3
1 1817 290 2
1 2502 290 5
1 2823 290 6
1 1761 290 2
1 1838 290 3
1 1690 290 2
1 1839 290 3
1 1887 290 3
1 1740 290 2
1 1689 290 2
1 2986 290 7
1 2872 290 6
1 1851 290 3
1 2364 290 5
1 3435 290 8
1 1852 290 3
1 2624 290 6
1 1691 290 2
1 2987 290 7
1 3368 290 8
1 2352 290 5
1 1928 290 3
1 1779 290 2
1 1693 290 2
1 1919 290 3
1 1938 290 3
1 3370 290 8
1 1813 290 2
1 2988 290 7
1 2088 290 3
1 2860 290 6
1 1788 290 2
1 2000 290 3
1 1800 290 2
1 4139 290 10
1 4478 290 11
1 3513 290 8
1 2483 290 5
1 2544 290 5
1 2465 290 5
1 2017 290 3
1 1741 290 2
1 2848 290 6
1 3554 290 8
1 2010 290 3
1 2466 290 5
1 1789 290 2
1 1996 290 3
1 2603 290 6
1 2509 290 5
1 1853 290 3
1 2989 290 7
1 2353 290 5
1 1692 290 2
1 2625 290 6
1 2025 290 3
1 2627 290 6
1 2406 290 5
1 2991 290 7
1 1764 290 2
1 4093 290 10
1 2540 290 5
1 1974 290 3
1 1673 290 2
1 3514 290 8
1 2826 290 6
1 1803 290 2
1 1713 290 2
1 1860 290 3
1 1743 290 2
1 2718 290 6
1 1882 290 3
1 1746 290 2
1 2002 290 3
1 2499 290 5
1 2765 290 6
1 1610 290 2
1 2527 290 5
1 1657 290 2
1 3179 290 7
1 3517 290 8
1 2766 290 6
1 2373 290 5
1 4423 290 11
1 7597 290 13
1 2992 290 7
1 2050 290 3
1 3757 290 9
1 4033 290 10
1 7125 290 12
1 2628 290 6
1 3369 290 8
1 3152 290 7
1 4425 290 11
1 3371 290 8
1 2861 290 6
1 2066 290 3
1 3759 290 9
1 4035 290 10
1 2993 290 7
1 4623 290 11
1 2490 290 5
1 2047 290 3
1 1785 290 2
1 2751 290 6
1 1765 290 2
1 4091 414 9
1 2031 414 2
1 3001 414 6
1 2618 414 5
1 1861 414 2
1 2349 414 4
1 2994 414 6
1 3364 414 7
1 2995 414 6
1 2392 414 4
1 2887 414 5
1 2079 414 2
1 3434 414 7
1 3365 414 7
1 1862 414 2
1 2996 414 6
1 2619 414 5
1 2350 414 4
1 2029 414 2
1 2574 414 5
1 2464 414 4
1 2007 414 2
1 2500 414 4
1 3551 414 7
1 2530 414 4
1 3511 414 7
1 1964 414 2
1 3180 414 6
1 2554 414 5
1 4422 414 10
1 3901 414 8
1 1888 414 2
1 1982 414 2
1 4092 414 9
1 7274 414 11
1 2555 414 5
1 3433 414 7
1 2759 414 5
1 2420 414 4
1 1891 414 2
1 2528 414 4
1 1980 414 2
1 2576 414 5
1 3900 414 8
1 2830 414 5
1 2520 414 4
1 3181 414 6
1 3550 414 7
1 2760 414 5
1 2519 414 4
1 4138 414 9
1 2604 414 5
1 2545 414 4
1 1889 414 2
1 2620 414 5
1 2095 414 2
1 2761 414 5
1 2997 414 6
1 2621 414 5
1 3367 414 7
1 2082 414 2
1 2733 414 5
1 2998 414 6
1 2393 414 4
1 3362 414 7
1 1890 414 2
1 2875 414 5
1 2999 414 6
1 2065 414 2
1 3000 414 6
1 3366 414 7
1 2371 414 4
1 2061 414 2
1 2622 414 5
1 4090 414 9
1 3510 414 7
1 2549 414 4
1 2030 414 2
1 2599 414 5
1 2372 414 4
1 3363 414 7
1 2708 414 5
1 1840 414 2
1 3002 414 6
1 3549 414 7
1 2884 321 4
1 3016 321 5
1 3751 321 7
1 7123 321 10
1 7595 321 11
1 3354 321 6
1 3003 321 5
1 3361 321 6
1 2608 321 4
1 4420 321 9
1 2856 321 4
1 3004 321 5
1 2343 321 3
1 3182 321 5
1 2432 321 3
1 2752 321 4
1 4563 321 9
1 2753 321 4
1 3005 321 5
1 3006 321 5
1 2609 321 4
1 3546 321 6
1 2377 321 3
1 3240 321 5
1 3007 321 5
1 2344 321 3
1 2610 321 4
1 3357 321 6
1 3008 321 5
1 3548 321 6
1 3183 321 5
1 2754 321 4
1 2487 321 3
1 2802 321 4
1 3009 321 5
1 2800 321 4
1 2551 321 4
1 7130 321 10
1 2611 321 4
1 2345 321 3
1 2552 321 4
1 2365 321 3
1 2612 321 4
1 3359 321 6
1 8257 321 12
1 4476 321 9
1 3506 321 6
1 3241 321 5
1 2810 321 4
1 2446 321 3
1 3010 321 5
1 2547 321 3
1 3753 321 7
1 4031 321 8
1 3011 321 5
1 2857 321 4
1 3012 321 5
1 2613 321 4
1 3013 321 5
1 2346 321 3
1 2614 321 4
1 2553 321 4
1 3899 321 7
1 2858 321 4
1 3014 321 5
1 2479 321 3
1 2488 321 3
1 3897 321 7
1 3508 321 6
1 2755 321 4
1 4576 321 9
1 2347 321 3
1 3825 321 7
1 3356 321 6
1 3015 321 5
1 4089 321 8
1 2919 321 4
1 3547 321 6
1 4419 321 9
1 2874 321 4
1 2404 321 3
1 3017 321 5
1 2876 321 4
1 2413 321 3
1 2457 321 3
1 2710 321 4
1 3153 321 5
1 2740 321 4
1 3355 321 6
1 2444 321 3
1 2430 321 3
1 2757 321 4
1 3184 321 5
1 2758 321 4
1 3752 321 7
1 2482 321 3
1 3018 321 5
1 3509 321 6
1 7768 321 11
1 3898 321 7
1 2831 321 4
1 2537 321 3
1 2546 321 3
1 3507 321 6
1 3844 321 7
1 4477 321 9
1 3754 321 7
1 3358 321 6
1 2348 321 3
1 4421 321 9
1 4032 321 8
1 2616 321 4
1 7596 321 11
1 7124 321 10
1 8190 321 12
1 2368 321 3
1 7193 321 10
1 2617 321 4
1 3019 321 5
1 3360 321 6
1 2615 321 4
1 7592 443 10
1 7121 443 9
1 8182 443 11
1 3034 443 4
1 3823 443 6
1 2679 443 3
1 4557 443 8
1 4027 443 7
1 7593 443 10
1 4559 443 8
1 7122 443 9
1 3430 443 5
1 3749 443 6
1 8184 443 11
1 2379 443 2
1 2658 443 3
1 4029 443 7
1 8971 443 12
1 3156 443 4
1 3348 443 5
1 3021 443 4
1 2443 443 2
1 2883 443 3
1 2493 443 2
1 3427 443 5
1 2566 443 3
1 3185 443 4
1 7711 443 10
1 8187 443 11
1 2567 443 3
1 2568 443 3
1 2469 443 2
1 3020 443 4
1 2869 443 3
1 3022 443 4
1 2438 443 2
1 2399 443 2
1 3023 443 4
1 3426 443 5
1 4137 443 7
1 3024 443 4
1 3025 443 4
1 4620 443 8
1 3750 443 6
1 2429 443 2
1 3503 443 5
1 2539 443 2
1 2900 443 3
1 2398 443 2
1 3352 443 5
1 8183 443 11
1 2653 443 3
1 4558 443 8
1 3026 443 4
1 4028 443 7
1 7766 443 10
1 3746 443 6
1 3186 443 4
1 2467 443 2
1 3842 443 6
1 2424 443 2
1 2780 443 3
1 3027 443 4
1 2569 443 3
1 2359 443 2
1 2902 443 3
1 2360 443 2
1 2868 443 3
1 3748 443 6
1 3028 443 4
1 2361 443 2
1 2654 443 3
1 3187 443 4
1 2516 443 2
1 2781 443 3
1 3543 443 5
1 3029 443 4
1 2495 443 2
1 7767 443 10
1 3504 443 5
1 3895 443 6
1 4622 443 8
1 3188 443 4
1 8186 443 11
1 2903 443 3
1 4621 443 8
1 2496 443 2
1 2570 443 3
1 3542 443 5
1 2362 443 2
1 7191 443 9
1 8972 443 12
1 4030 443 7
1 9150 443 13
1 2655 443 3
1 7591 443 10
1 8188 443 11
1 4418 443 8
1 3824 443 6
1 3350 443 5
1 3030 443 4
1 3154 443 4
1 3431 443 5
1 2870 443 3
1 3841 443 6
1 3189 443 4
1 3500 443 5
1 2450 443 2
1 3545 443 5
1 2439 443 2
1 2782 443 3
1 2513 443 2
1 4136 443 7
1 2783 443 3
1 3843 443 6
1 2543 443 2
1 3190 443 4
1 3191 443 4
1 3505 443 5
1 3243 443 4
1 2904 443 3
1 2497 443 2
1 3499 443 5
1 2534 443 2
1 3192 443 4
1 2451 443 2
1 4562 443 8
1 3745 443 6
1 2452 443 2
1 3155 443 4
1 4575 443 8
1 7594 443 10
1 3428 443 5
1 2656 443 3
1 7192 443 9
1 8185 443 11
1 3822 443 6
1 2481 443 2
1 7007 443 8
1 3544 443 5
1 2784 443 3
1 3031 443 4
1 2886 443 3
1 3747 443 6
1 2682 443 3
1 4026 443 7
1 2390 443 2
1 3032 443 4
1 3432 443 5
1 3033 443 4
1 4561 443 8
1 2657 443 3
1 3351 443 5
1 3850 443 6
1 3429 443 5
1 4560 443 8
1 2659 443 3
1 3035 443 4
1 4088 443 7
1 2374 443 2
1 3036 443 4
1 2660 443 3
1 3353 443 5
1 2419 443 2
1 3349 443 5
1 2778 435 2
1 7190 435 8
1 3893 435 5
1 3193 435 3
1 8180 435 10
1 3424 435 4
1 2565 435 2
1 7765 435 9
1 3194 435 3
1 3894 435 5
1 3496 435 4
1 4614 435 7
1 3497 435 4
1 2649 435 2
1 3796 435 5
1 3037 435 3
1 7265 435 8
1 3541 435 4
1 3196 435 3
1 7710 435 9
1 2650 435 2
1 2779 435 2
1 3038 435 3
1 3425 435 4
1 3195 435 3
1 3744 435 5
1 2651 435 2
1 3244 435 3
1 4615 435 7
1 3498 435 4
1 3347 435 4
1 2652 435 2
1 3743 435 5
1 3039 435 3
1 4025 435 6
1 3245 435 3
1 3840 435 5
1 2686 435 2
1 3040 357 2
1 7120 357 7
1 4555 357 6
1 3197 357 2
1 7708 357 8
1 8179 357 9
1 3889 357 4
1 7269 357 7
1 4086 357 5
1 7587 357 8
1 4618 357 6
1 3729 357 4
1 3041 357 2
1 3422 357 3
1 3736 357 4
1 3730 357 4
1 4617 357 6
1 4019 357 5
1 7583 357 8
1 4085 357 5
1 8170 357 9
1 7271 357 7
1 3888 357 4
1 3494 357 3
1 7268 357 7
1 3246 357 2
1 3198 357 2
1 3042 357 2
1 3043 357 2
1 4619 357 6
1 3417 357 3
1 3157 357 2
1 3839 357 4
1 3199 357 2
1 3795 357 4
1 3492 357 3
1 8255 357 9
1 3886 357 4
1 7266 357 7
1 3044 357 2
1 3338 357 3
1 3892 357 4
1 4616 357 6
1 4087 357 5
1 8967 357 10
1 3045 357 2
1 7585 357 8
1 4024 357 5
1 8173 357 9
1 3821 357 4
1 7117 357 7
1 3339 357 3
1 4415 357 6
1 3410 357 3
1 3046 357 2
1 3411 357 3
1 3047 357 2
1 8968 357 10
1 3048 357 2
1 3740 357 4
1 4414 357 6
1 7116 357 7
1 10158 357 13
1 8177 357 9
1 4023 357 5
1 9147 357 11
1 7584 357 8
1 3734 357 4
1 9680 357 12
1 3890 357 4
1 9679 357 12
1 7764 357 8
1 7270 357 7
1 3049 357 2
1 4551 357 6
1 3346 357 3
1 4081 357 5
1 3200 357 2
1 3247 357 2
1 7273 357 7
1 3838 357 4
1 4473 357 6
1 8256 357 9
1 3050 357 2
1 3248 357 2
1 4022 357 5
1 7118 357 7
1 9146 357 11
1 8966 357 10
1 8172 357 9
1 4417 357 6
1 3345 357 3
1 7588 357 8
1 3735 357 4
1 3249 357 2
1 3416 357 3
1 3340 357 3
1 7189 357 7
1 3737 357 4
1 4554 357 6
1 3051 357 2
1 4550 357 6
1 7187 357 7
1 8241 357 9
1 7621 357 8
1 3052 357 2
1 3341 357 3
1 3419 357 3
1 3418 357 3
1 3238 357 2
1 8174 357 9
1 7586 357 8
1 4574 357 6
1 4082 357 5
1 3849 357 4
1 7185 357 7
1 3054 357 2
1 4084 357 5
1 7119 357 7
1 9681 357 12
1 7589 357 8
1 8178 357 9
1 4552 357 6
1 8969 357 10
1 9149 357 11
1 3055 357 2
1 3342 357 3
1 3819 357 4
1 4630 357 6
1 3728 357 4
1 7272 357 7
1 3493 357 3
1 3250 357 2
1 4416 357 6
1 4412 357 6
1 7113 357 7
1 4017 357 5
1 3415 357 3
1 3056 357 2
1 3732 357 4
1 7112 357 7
1 8240 357 9
1 4411 357 6
1 7581 357 8
1 3057 357 2
1 3731 357 4
1 4016 357 5
1 3414 357 3
1 3058 357 2
1 3420 357 3
1 7114 357 7
1 8168 357 9
1 3412 357 3
1 3739 357 4
1 3741 357 4
1 3343 357 3
1 4413 357 6
1 4018 357 5
1 8175 357 9
1 7582 357 8
1 7115 357 7
1 4100 357 5
1 3059 357 2
1 4102 357 5
1 3060 357 2
1 4133 357 5
1 3887 357 4
1 3251 357 2
1 3495 357 3
1 3252 357 2
1 4135 357 5
1 3344 357 3
1 3061 357 2
1 4079 357 5
1 8176 357 9
1 7590 357 8
1 7188 357 7
1 4553 357 6
1 3742 357 4
1 4021 357 5
1 8171 357 9
1 7622 357 8
1 3738 357 4
1 3062 357 2
1 3421 357 3
1 4629 357 6
1 3820 357 4
1 3423 357 3
1 4080 357 5
1 3063 357 2
1 3158 357 2
1 3064 357 2
1 3794 357 4
1 3891 357 4
1 4474 357 6
1 4134 357 5
1 4101 357 5
1 3065 357 2
1 4099 357 5
1 3253 357 2
1 7709 357 8
1 3558 357 3
1 8169 357 9
1 4083 357 5
1 9148 357 11
1 4549 357 6
1 3413 357 3
1 3159 357 2
1 7186 357 7
1 8970 357 10
1 4020 357 5
1 3733 357 4
1 3818 357 4
1 4556 357 6
1 3053 357 2
1 3536 575 2
1 4611 575 5
1 7763 575 7
1 9190 575 10
1 8965 575 9
1 3793 575 3
1 8167 575 8
1 10093 575 12
1 3556 575 2
1 7263 575 6
1 7707 575 7
1 8162 575 8
1 7139 575 6
1 3882 575 3
1 4078 575 4
1 3789 575 3
1 4098 575 4
1 3836 575 3
1 4472 575 5
1 3885 575 3
1 8161 575 8
1 7108 575 6
1 4131 575 4
1 4148 575 4
1 3817 575 3
1 3726 575 3
1 4077 575 4
1 3330 575 2
1 3337 575 2
1 3725 575 3
1 4015 575 4
1 4409 575 5
1 4547 575 5
1 3837 575 3
1 3537 575 2
1 4128 575 4
1 4471 575 5
1 7761 575 7
1 3538 575 2
1 9145 575 10
1 7579 575 7
1 8961 575 9
1 3727 575 3
1 7006 575 5
1 7111 575 6
1 4012 575 4
1 3331 575 2
1 8163 575 8
1 3408 575 2
1 9246 575 10
1 7762 575 7
1 3487 575 2
1 8254 575 8
1 3883 575 3
1 3488 575 2
1 7264 575 6
1 3884 575 3
1 9245 575 10
1 7575 575 7
1 8960 575 9
1 7181 575 6
1 4546 575 5
1 3332 575 2
1 8160 575 8
1 3722 575 3
1 3333 575 2
1 7576 575 7
1 7182 575 6
1 8165 575 8
1 3723 575 3
1 9143 575 10
1 8962 575 9
1 10092 575 12
1 4013 575 4
1 3334 575 2
1 9678 575 11
1 7580 575 7
1 7109 575 6
1 8239 575 8
1 4408 575 5
1 3724 575 3
1 3335 575 2
1 3847 575 3
1 7578 575 7
1 9144 575 10
1 8963 575 9
1 9873 575 11
1 7110 575 6
1 4410 575 5
1 8166 575 8
1 3792 575 3
1 9009 575 9
1 9814 575 11
1 3409 575 2
1 3539 575 2
1 3489 575 2
1 3848 575 3
1 7183 575 6
1 7577 575 7
1 8164 575 8
1 4014 575 4
1 3336 575 2
1 4132 575 4
1 7256 575 6
1 3490 575 2
1 3491 575 2
1 4612 575 5
1 3540 575 2
1 4407 575 5
1 8986 575 9
1 3790 575 3
1 7106 575 6
1 4129 575 4
1 3557 575 2
1 7107 575 6
1 9779 575 11
1 4613 575 5
1 3791 575 3
1 4130 575 4
1 3878 542 2
1 7760 542 6
1 3785 542 2
1 8985 542 8
1 4405 542 4
1 3881 542 2
1 4628 542 4
1 8238 542 7
1 8155 542 7
1 3786 542 2
1 8159 542 7
1 4470 542 4
1 4073 542 3
1 8157 542 7
1 3787 542 2
1 9777 542 10
1 10091 542 11
1 4545 542 4
1 7620 542 6
1 7105 542 5
1 3720 542 2
1 4404 542 4
1 4011 542 3
1 4406 542 4
1 7104 542 5
1 7572 542 6
1 3721 542 2
1 4609 542 4
1 3879 542 2
1 7102 542 5
1 4076 542 3
1 9007 542 8
1 7138 542 5
1 4147 542 3
1 3816 542 2
1 4544 542 4
1 8158 542 7
1 7184 542 5
1 8959 542 8
1 7573 542 6
1 7704 542 6
1 3880 542 2
1 8302 542 7
1 4126 542 3
1 8237 542 7
1 7101 542 5
1 7261 542 5
1 4610 542 4
1 7706 542 6
1 7705 542 6
1 9813 542 10
1 7258 542 5
1 8253 542 7
1 9008 542 8
1 9778 542 10
1 7260 542 5
1 4127 542 3
1 7259 542 5
1 8304 542 7
1 3788 542 2
1 7257 542 5
1 4074 542 3
1 4075 542 3
1 7757 591 5
1 4608 591 3
1 4402 591 3
1 4010 591 2
1 10660 591 11
1 7254 591 4
1 7571 591 5
1 4071 591 2
1 4146 591 2
1 8236 591 6
1 9189 591 8
1 7703 591 5
1 7569 591 5
1 7759 591 5
1 8154 591 6
1 7100 591 4
1 11374 591 12
1 8301 591 6
1 4072 591 2
1 8958 591 7
1 4403 591 3
1 7758 591 5
1 7255 591 4
1 9244 591 8
1 8298 325 5
1 7094 325 3
1 7750 325 4
1 9006 325 6
1 7093 325 3
1 4381 325 2
1 4463 325 2
1 7697 325 4
1 8299 325 5
1 4382 325 2
1 4601 325 2
1 4383 325 2
1 8232 325 5
1 4529 325 2
1 7751 325 4
1 7244 325 3
1 4384 325 2
1 7698 325 4
1 7245 325 3
1 4602 325 2
1 4385 325 2
1 4530 325 2
1 7565 325 4
1 7095 325 3
1 8148 325 5
1 4386 325 2
1 7699 325 4
1 7246 325 3
1 8149 325 5
1 4387 325 2
1 4531 325 2
1 10745 325 10
1 10282 325 9
1 7753 325 4
1 12533 325 13
1 13439 325 15
1 9142 325 7
1 7096 325 3
1 7566 325 4
1 8150 325 5
1 10659 325 10
1 10090 325 9
1 9677 325 8
1 4388 325 2
1 11741 325 12
1 8954 325 6
1 10984 325 11
1 7700 325 4
1 4603 325 2
1 4389 325 2
1 9005 325 6
1 8153 325 5
1 7619 325 4
1 4532 325 2
1 4391 325 2
1 4392 325 2
1 4533 325 2
1 4604 325 2
1 8955 325 6
1 7097 325 3
1 7567 325 4
1 8235 325 5
1 4393 325 2
1 4534 325 2
1 4464 325 2
1 9188 325 7
1 7247 325 3
1 8984 325 6
1 7755 325 4
1 7248 325 3
1 4535 325 2
1 4394 325 2
1 4465 325 2
1 4466 325 2
1 4607 325 2
1 8233 325 5
1 4536 325 2
1 7098 325 3
1 10658 325 10
1 4537 325 2
1 8300 325 5
1 4467 325 2
1 9776 325 8
1 7249 325 3
1 4468 325 2
1 4395 325 2
1 7754 325 4
1 4396 325 2
1 4397 325 2
1 4538 325 2
1 7251 325 3
1 4539 325 2
1 7701 325 4
1 8956 325 6
1 10157 325 9
1 10572 325 10
1 9675 325 8
1 7178 325 3
1 7625 325 4
1 4540 325 2
1 8152 325 5
1 7756 325 4
1 7252 325 3
1 4401 325 2
1 4398 325 2
1 4541 325 2
1 4605 325 2
1 4543 325 2
1 7099 325 3
1 7253 325 3
1 10574 325 10
1 10088 325 9
1 7702 325 4
1 4606 325 2
1 10089 325 9
1 7179 325 3
1 10573 325 10
1 9676 325 8
1 4542 325 2
1 8151 325 5
1 8957 325 6
1 7180 325 3
1 8234 325 5
1 4469 325 2
1 4528 325 2
1 4462 325 2
1 4390 325 2
1 4400 325 2
1 8130 461 4
1 10080 461 8
1 9665 461 7
1 8131 461 4
1 10566 461 9
1 7613 461 3
1 7687 461 3
1 7231 461 2
1 8983 461 5
1 7746 461 3
1 7232 461 2
1 8147 461 4
1 7051 461 2
1 7688 461 3
1 7233 461 2
1 9186 461 6
1 8297 461 4
1 7050 461 2
1 10087 461 8
1 10446 461 9
1 10084 461 8
1 9774 461 7
1 11740 461 11
1 7563 461 3
1 8142 461 4
1 7234 461 2
1 7689 461 3
1 7136 461 2
1 9133 461 6
1 8944 461 5
1 9674 461 7
1 7052 461 2
1 7551 461 3
1 11319 461 10
1 9672 461 7
1 8953 461 5
1 8132 461 4
1 9141 461 6
1 10086 461 8
1 10570 461 9
1 7053 461 2
1 7552 461 3
1 7686 461 3
1 7690 461 3
1 10654 461 9
1 8228 461 4
1 9666 461 7
1 7747 461 3
1 7236 461 2
1 10280 461 8
1 9773 461 7
1 7134 461 2
1 8945 461 5
1 7054 461 2
1 10081 461 8
1 9135 461 6
1 11317 461 10
1 10567 461 9
1 9667 461 7
1 7554 461 3
1 8133 461 4
1 9809 461 7
1 10082 461 8
1 7691 461 3
1 7237 461 2
1 10568 461 9
1 11065 461 10
1 9241 461 6
1 8134 461 4
1 7692 461 3
1 11320 461 10
1 10156 461 8
1 9673 461 7
1 8946 461 5
1 9136 461 6
1 7055 461 2
1 10571 461 9
1 7555 461 3
1 8135 461 4
1 10085 461 8
1 9243 461 6
1 8136 461 4
1 7748 461 3
1 9003 461 5
1 7695 461 3
1 7239 461 2
1 7614 461 3
1 7073 461 2
1 8948 461 5
1 8140 461 4
1 9668 461 7
1 10154 461 8
1 7561 461 3
1 11318 461 10
1 10569 461 9
1 7056 461 2
1 9137 461 6
1 9775 461 7
1 8947 461 5
1 7693 461 3
1 10657 461 9
1 8949 461 5
1 7562 461 3
1 7057 461 2
1 8141 461 4
1 9138 461 6
1 9004 461 5
1 8252 461 4
1 7059 461 2
1 9817 461 7
1 7694 461 3
1 9187 461 6
1 7087 461 2
1 10983 461 10
1 12532 461 12
1 7556 461 3
1 12800 461 13
1 10655 461 9
1 8145 461 4
1 9670 461 7
1 9140 461 6
1 10083 461 8
1 11739 461 11
1 8952 461 5
1 7088 461 2
1 8310 461 4
1 7557 461 3
1 8143 461 4
1 7089 461 2
1 7558 461 3
1 8950 461 5
1 8951 461 5
1 9669 461 7
1 7074 461 2
1 9139 461 6
1 10155 461 8
1 7559 461 3
1 8144 461 4
1 9811 461 7
1 7240 461 2
1 9812 461 7
1 7241 461 2
1 8146 461 4
1 10656 461 9
1 7091 461 2
1 9671 461 7
1 7616 461 3
1 7242 461 2
1 7564 461 3
1 7075 461 2
1 8231 461 4
1 8227 461 4
1 8138 461 4
1 7617 461 3
1 7092 461 2
1 9810 461 7
1 9242 461 6
1 8139 461 4
1 8137 461 4
1 7560 461 3
1 7235 461 2
1 10281 461 8
1 7749 461 3
1 7238 461 2
1 7243 461 2
1 10078 651 7
1 9661 651 6
1 8940 651 4
1 10563 651 8
1 7548 651 2
1 11315 651 9
1 11738 651 10
1 10564 651 8
1 9131 651 5
1 11314 651 9
1 8126 651 3
1 10079 651 7
1 7550 651 2
1 9240 651 5
1 10279 651 7
1 8941 651 4
1 9662 651 6
1 8127 651 3
1 7549 651 2
1 8942 651 4
1 11316 651 9
1 9663 651 6
1 8129 651 3
1 9132 651 5
1 12711 651 12
1 8128 651 3
1 10565 651 8
1 8982 651 4
1 12482 651 11
1 10153 651 7
1 8296 651 3
1 13354 651 13
1 7684 651 2
1 11103 651 9
1 7685 651 2
1 9664 651 6
1 8943 651 4
1 9239 651 5
1 14074 651 14
1 8289 335 2
1 8290 335 2
1 8098 335 2
1 10077 335 6
1 9202 335 4
1 9002 335 3
1 8099 335 2
1 8210 335 2
1 11307 335 8
1 10650 335 7
1 9643 335 5
1 8211 335 2
1 10069 335 6
1 9125 335 4
1 8981 335 3
1 9767 335 5
1 8212 335 2
1 8213 335 2
1 8102 335 2
1 8929 335 3
1 9644 335 5
1 10148 335 6
1 10651 335 7
1 9124 335 4
1 9236 335 4
1 8103 335 2
1 8214 335 2
1 9126 335 4
1 8105 335 2
1 8932 335 3
1 10274 335 6
1 9646 335 5
1 8106 335 2
1 8292 335 2
1 9001 335 3
1 9772 335 5
1 10445 335 7
1 8107 335 2
1 11737 335 9
1 8939 335 3
1 11313 335 8
1 8100 335 2
1 10560 335 7
1 9657 335 5
1 10073 335 6
1 9130 335 4
1 8215 335 2
1 8109 335 2
1 9647 335 5
1 10652 335 7
1 8216 335 2
1 8293 335 2
1 10562 335 7
1 10070 335 6
1 8217 335 2
1 9649 335 5
1 9183 335 4
1 8110 335 2
1 10071 335 6
1 11308 335 8
1 10275 335 6
1 8111 335 2
1 10072 335 6
1 9650 335 5
1 11309 335 8
1 11734 335 9
1 9651 335 5
1 8218 335 2
1 8112 335 2
1 8113 335 2
1 9769 335 5
1 10653 335 7
1 8114 335 2
1 10558 335 7
1 10742 335 7
1 11857 335 9
1 8115 335 2
1 10559 335 7
1 8116 335 2
1 11735 335 9
1 8933 335 3
1 8108 335 2
1 9127 335 4
1 10150 335 6
1 11311 335 8
1 9185 335 4
1 8219 335 2
1 8934 335 3
1 10074 335 6
1 9658 335 5
1 8117 335 2
1 8251 335 2
1 9807 335 5
1 11063 335 8
1 10444 335 7
1 10276 335 6
1 9237 335 4
1 9653 335 5
1 10151 335 6
1 8220 335 2
1 8935 335 3
1 9128 335 4
1 10075 335 6
1 11312 335 8
1 9659 335 5
1 10561 335 7
1 8119 335 2
1 9808 335 5
1 9238 335 4
1 8294 335 2
1 10277 335 6
1 8221 335 2
1 8222 335 2
1 8223 335 2
1 8120 335 2
1 8122 335 2
1 8936 335 3
1 9184 335 4
1 8123 335 2
1 10743 335 7
1 9654 335 5
1 8124 335 2
1 8937 335 3
1 9129 335 4
1 8125 335 2
1 9655 335 5
1 9770 335 5
1 10744 335 7
1 11102 335 8
1 8226 335 2
1 8295 335 2
1 8938 335 3
1 9656 335 5
1 10152 335 6
1 11310 335 8
1 9645 335 5
1 10149 335 6
1 8930 335 3
1 8104 335 2
1 9182 335 4
1 8931 335 3
1 10076 335 6
1 9660 335 5
1 8291 335 2
1 11733 335 9
1 9768 335 5
1 10199 335 6
1 8224 335 2
1 8225 335 2
1 9652 335 5
1 11856 494 8
1 10982 494 7
1 9638 494 4
1 9181 494 3
1 8903 494 2
1 10145 494 5
1 10739 494 6
1 9227 494 3
1 11852 494 8
1 9803 494 4
1 10977 494 7
1 10058 494 5
1 9802 494 4
1 10548 494 6
1 10266 494 5
1 10738 494 6
1 8904 494 2
1 10741 494 6
1 9614 494 4
1 14182 494 12
1 11730 494 8
1 10271 494 5
1 9764 494 4
1 10734 494 6
1 9228 494 3
1 9633 494 4
1 9178 494 3
1 10644 494 6
1 12527 494 9
1 11288 494 7
1 8905 494 2
1 12706 494 10
1 9112 494 3
1 10049 494 5
1 9615 494 4
1 10542 494 6
1 11289 494 7
1 8906 494 2
1 9616 494 4
1 11723 494 8
1 11718 494 8
1 9113 494 3
1 8907 494 2
1 11295 494 7
1 10050 494 5
1 10549 494 6
1 9617 494 4
1 8908 494 2
1 9618 494 4
1 10735 494 6
1 9765 494 4
1 8980 494 2
1 9196 494 3
1 8997 494 2
1 9229 494 3
1 9755 494 4
1 9766 494 4
1 11290 494 7
1 9619 494 4
1 10139 494 5
1 9114 494 3
1 8909 494 2
1 10543 494 6
1 9230 494 3
1 11853 494 8
1 9756 494 4
1 10060 494 5
1 9231 494 3
1 10443 494 6
1 9115 494 3
1 10544 494 6
1 8927 494 2
1 10545 494 6
1 10730 494 6
1 10200 494 5
1 14191 494 12
1 10976 494 7
1 11725 494 8
1 9632 494 4
1 10270 494 5
1 9179 494 3
1 13351 494 11
1 12479 494 9
1 11296 494 7
1 12708 494 10
1 14564 494 13
1 15073 494 14
1 14072 494 12
1 9620 494 4
1 11721 494 8
1 10051 494 5
1 10550 494 6
1 8910 494 2
1 9180 494 3
1 9232 494 3
1 11717 494 8
1 8911 494 2
1 12531 494 9
1 13352 494 11
1 10064 494 5
1 9621 494 4
1 11304 494 7
1 10649 494 6
1 11729 494 8
1 11719 494 8
1 10737 494 6
1 14181 494 12
1 8912 494 2
1 10979 494 7
1 14563 494 13
1 10052 494 5
1 14073 494 12
1 9116 494 3
1 12709 494 10
1 9622 494 4
1 12480 494 9
1 10556 494 6
1 13353 494 11
1 14974 494 14
1 13409 494 11
1 15672 494 15
1 8913 494 2
1 14565 494 13
1 10066 494 5
1 11305 494 7
1 11731 494 8
1 9804 494 4
1 10272 494 5
1 11061 494 7
1 11855 494 8
1 10978 494 7
1 9757 494 4
1 10059 494 5
1 9639 494 4
1 10146 494 5
1 8914 494 2
1 11722 494 8
1 9122 494 3
1 11297 494 7
1 10552 494 6
1 9233 494 3
1 9758 494 4
1 10057 494 5
1 9197 494 3
1 9198 494 3
1 11291 494 7
1 12707 494 10
1 12478 494 9
1 11716 494 8
1 10053 494 5
1 9623 494 4
1 13350 494 11
1 9117 494 3
1 14071 494 12
1 10546 494 6
1 8915 494 2
1 10061 494 5
1 11726 494 8
1 9118 494 3
1 9642 494 4
1 8916 494 2
1 10555 494 6
1 11300 494 7
1 11292 494 7
1 12799 494 10
1 12528 494 9
1 9624 494 4
1 8917 494 2
1 9625 494 4
1 12710 494 10
1 9119 494 3
1 8918 494 2
1 10067 494 5
1 10557 494 6
1 12481 494 9
1 11732 494 8
1 11306 494 7
1 11303 494 7
1 11728 494 8
1 9626 494 4
1 10063 494 5
1 10740 494 6
1 9636 494 4
1 10647 494 6
1 10142 494 5
1 9120 494 3
1 11302 494 7
1 11727 494 8
1 9000 494 2
1 10147 494 5
1 9640 494 4
1 8919 494 2
1 9123 494 3
1 10553 494 6
1 11298 494 7
1 10442 494 6
1 8920 494 2
1 10054 494 5
1 9627 494 4
1 9635 494 4
1 9199 494 3
1 11294 494 7
1 10062 494 5
1 11299 494 7
1 9641 494 4
1 13570 494 11
1 12530 494 9
1 8921 494 2
1 9805 494 4
1 8928 494 2
1 9121 494 3
1 10551 494 6
1 10143 494 5
1 9637 494 4
1 9806 494 4
1 9234 494 3
1 10267 494 5
1 10731 494 6
1 10981 494 7
1 8922 494 2
1 9763 494 4
1 10733 494 6
1 9759 494 4
1 11854 494 8
1 12854 494 10
1 10268 494 5
1 8999 494 2
1 8998 494 2
1 11101 494 7
1 13459 494 11
1 10732 494 6
1 10141 494 5
1 9235 494 3
1 9762 494 4
1 9201 494 3
1 10056 494 5
1 8925 494 2
1 10645 494 6
1 9634 494 4
1 9200 494 3
1 10646 494 6
1 9631 494 4
1 10269 494 5
1 11062 494 7
1 9629 494 4
1 10643 494 6
1 11293 494 7
1 10547 494 6
1 9628 494 4
1 10140 494 5
1 8924 494 2
1 9761 494 4
1 11060 494 7
1 10273 494 5
1 10736 494 6
1 10648 494 6
1 9630 494 4
1 11301 494 7
1 11720 494 8
1 10055 494 5
1 10980 494 7
1 12529 494 9
1 8923 494 2
1 8926 494 2
1 9754 494 4
1 9174 671 2
1 9610 671 3
1 10975 671 6
1 10048 671 4
1 10729 671 5
1 11287 671 6
1 10138 671 4
1 12525 671 8
1 11715 671 7
1 10728 671 5
1 9752 671 3
1 9753 671 3
1 10136 671 4
1 11714 671 7
1 9611 671 3
1 11284 671 6
1 10540 671 5
1 9175 671 2
1 11285 671 6
1 9612 671 3
1 11064 671 6
1 10137 671 4
1 9111 671 2
1 9613 671 3
1 11286 671 6
1 10541 671 5
1 9740 405 2
1 10041 405 3
1 9743 405 2
1 11850 405 6
1 9799 405 2
1 11058 405 5
1 9744 405 2
1 10133 405 3
1 11273 405 5
1 11706 405 6
1 9745 405 2
1 10534 405 4
1 9593 405 2
1 10263 405 3
1 9592 405 2
1 11713 405 6
1 10042 405 3
1 11283 405 5
1 9594 405 2
1 10197 405 3
1 10724 405 4
1 12853 405 8
1 10047 405 3
1 9746 405 2
1 9748 405 2
1 11059 405 5
1 10725 405 4
1 10727 405 4
1 12524 405 7
1 10265 405 3
1 9595 405 2
1 10535 405 4
1 10198 405 3
1 10641 405 4
1 11274 405 5
1 11707 405 6
1 9596 405 2
1 10134 405 3
1 12477 405 7
1 11275 405 5
1 9597 405 2
1 11712 405 6
1 10043 405 3
1 11100 405 5
1 9749 405 2
1 10723 405 4
1 9591 405 2
1 10536 405 4
1 11279 405 5
1 11710 405 6
1 9599 405 2
1 10044 405 3
1 9601 405 2
1 10642 405 4
1 11278 405 5
1 11709 405 6
1 14562 405 11
1 14118 405 10
1 9602 405 2
1 13349 405 9
1 9606 405 2
1 11277 405 5
1 10537 405 4
1 12476 405 7
1 11282 405 5
1 9607 405 2
1 10726 405 4
1 9750 405 2
1 10045 405 3
1 10538 405 4
1 11280 405 5
1 9608 405 2
1 11711 405 6
1 9800 405 2
1 11851 405 6
1 10264 405 3
1 9751 405 2
1 12475 405 7
1 10135 405 3
1 11281 405 5
1 9609 405 2
1 12798 405 8
1 10539 405 4
1 11276 405 5
1 9598 405 2
1 12474 405 7
1 11708 405 6
1 10974 405 5
1 9801 405 2
1 10525 467 3
1 10032 467 2
1 11098 467 4
1 11699 467 5
1 10526 467 3
1 11262 467 4
1 11261 467 4
1 10720 467 3
1 10257 467 2
1 10634 467 3
1 10129 467 2
1 10194 467 2
1 10528 467 3
1 14561 467 10
1 10033 467 2
1 12470 467 6
1 15111 467 11
1 14069 467 9
1 11263 467 4
1 13347 467 8
1 12704 467 7
1 11700 467 5
1 10195 467 2
1 10527 467 3
1 10258 467 2
1 10635 467 3
1 13655 467 8
1 10259 467 2
1 11326 467 4
1 10034 467 2
1 10640 467 3
1 13348 467 8
1 12473 467 6
1 12797 467 7
1 14070 467 9
1 12523 467 6
1 11099 467 4
1 13569 467 8
1 12882 467 7
1 11701 467 5
1 10130 467 2
1 12796 467 7
1 10035 467 2
1 10529 467 3
1 11264 467 4
1 10036 467 2
1 11265 467 4
1 11057 467 4
1 12552 467 6
1 10721 467 3
1 10260 467 2
1 11266 467 4
1 10636 467 3
1 10037 467 2
1 11704 467 5
1 10530 467 3
1 11267 467 4
1 11702 467 5
1 10131 467 2
1 11849 467 5
1 10038 467 2
1 10637 467 3
1 11848 467 5
1 10722 467 3
1 10261 467 2
1 10638 467 3
1 11780 467 5
1 10531 467 3
1 11268 467 4
1 10039 467 2
1 11270 467 4
1 10040 467 2
1 12705 467 7
1 13568 467 8
1 11703 467 5
1 12472 467 6
1 10639 467 3
1 11781 467 5
1 10132 467 2
1 11271 467 4
1 10532 467 3
1 12471 467 6
1 10196 467 2
1 10533 467 3
1 11056 467 4
1 10262 467 2
1 10621 447 2
1 11679 447 4
1 10622 447 2
1 11233 447 3
1 13561 447 7
1 10623 447 2
1 11234 447 3
1 12788 447 6
1 10624 447 2
1 11235 447 3
1 13562 447 7
1 12516 447 5
1 11838 447 4
1 11695 447 4
1 12787 447 6
1 10626 447 2
1 11839 447 4
1 10712 447 2
1 11049 447 3
1 11840 447 4
1 11772 447 4
1 12458 447 5
1 11236 447 3
1 12698 447 6
1 10510 447 2
1 12522 447 5
1 11238 447 3
1 10625 447 2
1 11778 447 4
1 13458 447 7
1 10714 447 2
1 10970 447 3
1 11779 447 4
1 11773 447 4
1 11841 447 4
1 11050 447 3
1 10715 447 2
1 11239 447 3
1 12459 447 5
1 11680 447 4
1 10511 447 2
1 12699 447 6
1 11681 447 4
1 13406 447 7
1 13342 447 7
1 11240 447 3
1 14062 447 8
1 12460 447 5
1 10512 447 2
1 12700 447 6
1 11241 447 3
1 10513 447 2
1 12701 447 6
1 11682 447 4
1 12461 447 5
1 11242 447 3
1 11683 447 4
1 10627 447 2
1 11243 447 3
1 11698 447 4
1 12792 447 6
1 12468 447 5
1 14063 447 8
1 10514 447 2
1 11244 447 3
1 15671 447 11
1 11245 447 3
1 10713 447 2
1 12469 447 5
1 15110 447 10
1 14064 447 8
1 10628 447 2
1 14558 447 9
1 12702 447 6
1 12793 447 6
1 11685 447 4
1 10629 447 2
1 11051 447 3
1 13456 447 7
1 10971 447 3
1 14117 447 8
1 16032 447 12
1 11696 447 4
1 11246 447 3
1 14114 447 8
1 11052 447 3
1 10716 447 2
1 11053 447 3
1 10717 447 2
1 11842 447 4
1 14066 447 8
1 12463 447 5
1 11247 447 3
1 14559 447 9
1 15072 447 10
1 11686 447 4
1 11248 447 3
1 12464 447 5
1 12794 447 6
1 10515 447 2
1 13345 447 7
1 14065 447 8
1 13407 447 7
1 12517 447 5
1 10972 447 3
1 11774 447 4
1 10718 447 2
1 10516 447 2
1 12466 447 5
1 11260 447 3
1 13346 447 7
1 14067 447 8
1 12703 447 6
1 11694 447 4
1 14115 447 8
1 11249 447 3
1 11687 447 4
1 13344 447 7
1 15727 447 11
1 13563 447 7
1 14180 447 8
1 10440 447 2
1 10630 447 2
1 12518 447 5
1 15124 447 10
1 13564 447 7
1 11250 447 3
1 13502 447 7
1 11843 447 4
1 11097 447 3
1 12881 447 6
1 11844 447 4
1 11251 447 3
1 10517 447 2
1 11775 447 4
1 10518 447 2
1 10519 447 2
1 10441 447 2
1 11845 447 4
1 11252 447 3
1 11846 447 4
1 11688 447 4
1 11253 447 3
1 10520 447 2
1 11254 447 3
1 10521 447 2
1 11689 447 4
1 12789 447 6
1 13565 447 7
1 11255 447 3
1 12519 447 5
1 11690 447 4
1 10631 447 2
1 11256 447 3
1 10522 447 2
1 13566 447 7
1 12790 447 6
1 11691 447 4
1 12791 447 6
1 11697 447 4
1 11257 447 3
1 12520 447 5
1 10632 447 2
1 14068 447 8
1 11258 447 3
1 12795 447 6
1 11692 447 4
1 12465 447 5
1 10523 447 2
1 12521 447 5
1 11259 447 3
1 10633 447 2
1 13408 447 7
1 13343 447 7
1 10973 447 3
1 10524 447 2
1 11054 447 3
1 11693 447 4
1 10719 447 2
1 11777 447 4
1 14116 447 8
1 13457 447 7
1 12852 447 6
1 11055 447 3
1 11847 447 4
1 14560 447 9
1 13567 447 7
1 12851 447 6
1 16018 447 12
1 11684 447 4
1 15145 567 9
1 14113 567 7
1 13338 567 6
1 10966 567 2
1 14640 567 8
1 12844 567 5
1 11828 567 3
1 11092 567 2
1 13556 567 6
1 11837 567 3
1 12848 567 5
1 13550 567 6
1 11829 567 3
1 11764 567 3
1 12696 567 5
1 11198 567 2
1 12513 567 4
1 13551 567 6
1 11039 567 2
1 11093 567 2
1 14111 567 7
1 13402 567 6
1 13329 567 6
1 12549 567 4
1 12845 567 5
1 11656 567 3
1 11040 567 2
1 12847 567 5
1 13559 567 6
1 14179 567 7
1 12850 567 5
1 14639 567 8
1 11094 567 2
1 11830 567 3
1 11831 567 3
1 11657 567 3
1 11199 567 2
1 11200 567 2
1 12777 567 5
1 12505 567 4
1 11658 567 3
1 13552 567 6
1 11832 567 3
1 12846 567 5
1 13553 567 6
1 11833 567 3
1 11201 567 2
1 11659 567 3
1 11041 567 2
1 11042 567 2
1 14671 567 8
1 11660 567 3
1 11202 567 2
1 10967 567 2
1 12849 567 5
1 13455 567 6
1 11043 567 2
1 11661 567 3
1 11203 567 2
1 11204 567 2
1 11662 567 3
1 12550 567 4
1 12879 567 5
1 11205 567 2
1 10968 567 2
1 12693 567 5
1 11676 567 3
1 11834 567 3
1 14552 567 8
1 13333 567 6
1 12455 567 4
1 11206 567 2
1 11663 567 3
1 11664 567 3
1 11207 567 2
1 13403 567 6
1 14055 567 7
1 11208 567 2
1 12781 567 5
1 13334 567 6
1 11665 567 3
1 12456 567 4
1 11666 567 3
1 12447 567 4
1 11209 567 2
1 13452 567 6
1 12691 567 5
1 14548 567 8
1 15070 567 9
1 14051 567 7
1 11044 567 2
1 11765 567 3
1 11210 567 2
1 11766 567 3
1 11211 567 2
1 13330 567 6
1 12506 567 4
1 14112 567 7
1 12695 567 5
1 14551 567 8
1 15109 567 9
1 13336 567 6
1 11213 567 2
1 11667 567 3
1 14557 567 8
1 14060 567 7
1 12785 567 5
1 11214 567 2
1 12448 567 4
1 11668 567 3
1 15123 567 9
1 13453 567 6
1 11767 567 3
1 12507 567 4
1 11215 567 2
1 13555 567 6
1 15611 567 10
1 12880 567 5
1 14588 567 8
1 13341 567 6
1 11217 567 2
1 15686 567 10
1 12784 567 5
1 12449 567 4
1 14059 567 7
1 13404 567 6
1 12450 567 4
1 12783 567 5
1 13340 567 6
1 14058 567 7
1 11669 567 3
1 11218 567 2
1 14555 567 8
1 16066 567 11
1 12515 567 4
1 11768 567 3
1 13337 567 6
1 11219 567 2
1 11220 567 2
1 12452 567 4
1 14054 567 7
1 11835 567 3
1 15219 567 9
1 14549 567 8
1 11670 567 3
1 15108 567 9
1 12508 567 4
1 10969 567 2
1 16031 567 11
1 13331 567 6
1 12778 567 5
1 11671 567 3
1 16017 567 11
1 13335 567 6
1 12457 567 4
1 14056 567 7
1 14553 567 8
1 12694 567 5
1 15670 567 10
1 11221 567 2
1 15071 567 9
1 11675 567 3
1 11222 567 2
1 11224 567 2
1 11672 567 3
1 13500 567 6
1 12551 567 4
1 11836 567 3
1 11045 567 2
1 11095 567 2
1 11225 567 2
1 14554 567 8
1 13557 567 6
1 11769 567 3
1 15039 567 9
1 12453 567 4
1 13339 567 6
1 12782 567 5
1 14057 567 7
1 12697 567 5
1 15612 567 10
1 11226 567 2
1 12509 567 4
1 13560 567 6
1 11046 567 2
1 11673 567 3
1 11227 567 2
1 13454 567 6
1 14053 567 7
1 12692 567 5
1 12451 567 4
1 14550 567 8
1 12510 567 4
1 11770 567 3
1 11228 567 2
1 13558 567 6
1 11677 567 3
1 11229 567 2
1 13554 567 6
1 11674 567 3
1 11230 567 2
1 12779 567 5
1 11231 567 2
1 12786 567 5
1 12454 567 4
1 14178 567 7
1 15246 567 9
1 12884 567 5
1 15178 567 9
1 11096 567 2
1 14638 567 8
1 15175 567 9
1 13501 567 6
1 15245 567 9
1 11048 567 2
1 13332 567 6
1 11771 567 3
1 11232 567 2
1 12511 567 4
1 13405 567 6
1 14052 567 7
1 13397 617 5
1 14173 617 6
1 14107 617 6
1 13398 617 5
1 11818 617 2
1 13321 617 5
1 13544 617 5
1 14139 617 6
1 11820 617 2
1 14140 617 6
1 15192 617 8
1 15609 617 9
1 13320 617 5
1 15037 617 8
1 13549 617 5
1 11636 617 2
1 12436 617 3
1 12682 617 4
1 12546 617 3
1 11759 617 2
1 13449 617 5
1 15610 617 9
1 12547 617 3
1 15038 617 8
1 14669 617 7
1 12878 617 4
1 13547 617 5
1 12502 617 3
1 15036 617 8
1 11637 617 2
1 11638 617 2
1 11821 617 2
1 12772 617 4
1 15693 617 9
1 13322 617 5
1 14045 617 6
1 11760 617 2
1 14637 617 7
1 12690 617 4
1 13451 617 5
1 12548 617 3
1 13324 617 5
1 14108 617 6
1 11649 617 2
1 16078 617 10
1 13325 617 5
1 13399 617 5
1 11819 617 2
1 14544 617 7
1 14048 617 6
1 12442 617 3
1 11650 617 2
1 12686 617 4
1 12443 617 3
1 11651 617 2
1 12681 617 4
1 15668 617 9
1 12434 617 3
1 14543 617 7
1 11826 617 2
1 13328 617 5
1 12773 617 4
1 11639 617 2
1 14110 617 6
1 14546 617 7
1 11640 617 2
1 12438 617 3
1 12683 617 4
1 11761 617 2
1 11641 617 2
1 12503 617 3
1 12437 617 3
1 12439 617 3
1 11642 617 2
1 16016 617 10
1 14046 617 6
1 12774 617 4
1 15669 617 9
1 15069 617 8
1 11643 617 2
1 12440 617 3
1 14174 617 6
1 11644 617 2
1 11762 617 2
1 12775 617 4
1 16139 617 10
1 13548 617 5
1 15608 617 9
1 14175 617 6
1 11645 617 2
1 11763 617 2
1 12504 617 3
1 13323 617 5
1 11822 617 2
1 14670 617 7
1 11823 617 2
1 14635 617 7
1 12684 617 4
1 14973 617 8
1 13401 617 5
1 13327 617 5
1 12441 617 3
1 14050 617 6
1 11646 617 2
1 14545 617 7
1 12771 617 4
1 12435 617 3
1 16140 617 10
1 11647 617 2
1 14047 617 6
1 11824 617 2
1 13497 617 5
1 15142 617 8
1 14109 617 6
1 13400 617 5
1 13326 617 5
1 12776 617 4
1 12444 617 3
1 11827 617 2
1 12843 617 4
1 11652 617 2
1 12445 617 3
1 11653 617 2
1 12688 617 4
1 14177 617 6
1 14547 617 7
1 11654 617 2
1 12446 617 3
1 14049 617 6
1 12687 617 4
1 11655 617 2
1 14636 617 7
1 11825 617 2
1 13545 617 5
1 15174 617 8
1 15173 617 8
1 13498 617 5
1 13499 617 5
1 14176 617 6
1 12685 617 4
1 12424 672 2
1 16015 672 9
1 15068 672 7
1 12544 672 2
1 15607 672 8
1 13540 672 4
1 14541 672 6
1 13542 672 4
1 14042 672 5
1 15667 672 8
1 12680 672 3
1 13317 672 4
1 16326 672 10
1 14041 672 5
1 13395 672 4
1 12769 672 3
1 15035 672 7
1 14043 672 5
1 13318 672 4
1 14542 672 6
1 12501 672 2
1 12877 672 3
1 13543 672 4
1 13447 672 4
1 15034 672 7
1 15949 672 9
1 12766 672 3
1 14534 672 6
1 15606 672 8
1 12426 672 2
1 13311 672 4
1 13396 672 4
1 12675 672 3
1 15663 672 8
1 12428 672 2
1 15106 672 7
1 13448 672 4
1 14036 672 5
1 12676 672 3
1 14536 672 6
1 16012 672 9
1 13391 672 4
1 15664 672 8
1 13312 672 4
1 14037 672 5
1 12677 672 3
1 15066 672 7
1 14537 672 6
1 12765 672 3
1 15107 672 7
1 12425 672 2
1 14540 672 6
1 12768 672 3
1 14044 672 5
1 12430 672 2
1 13392 672 4
1 14039 672 5
1 14538 672 6
1 12678 672 3
1 12432 672 2
1 15067 672 7
1 15665 672 8
1 13314 672 4
1 12431 672 2
1 12767 672 3
1 14883 672 6
1 14038 672 5
1 13313 672 4
1 12433 672 2
1 14972 672 7
1 12679 672 3
1 14040 672 5
1 15666 672 8
1 16014 672 9
1 13393 672 4
1 14539 672 6
1 13316 672 4
1 15726 672 8
1 16388 672 10
1 15143 672 7
1 12545 672 2
1 14172 672 5
1 13541 672 4
1 12842 672 3
1 15144 672 7
1 13495 672 4
1 13496 672 4
1 14634 672 6
1 16013 672 9
1 12429 672 2
1 13319 672 4
1 13394 672 4
1 12770 672 3
1 12427 672 2
1 13315 672 4
1 12500 672 2
1 15950 672 9
1 12762 649 2
1 12763 649 2
1 15685 649 7
1 13308 649 3
1 15105 649 6
1 14033 649 4
1 14586 649 5
1 14529 649 5
1 14028 649 4
1 14035 649 4
1 14034 649 4
1 14533 649 5
1 15692 649 7
1 14531 649 5
1 14032 649 4
1 16065 649 8
1 13310 649 3
1 13390 649 3
1 14171 649 4
1 12827 649 2
1 14667 649 5
1 12764 649 2
1 14029 649 4
1 14633 649 5
1 13494 649 3
1 13446 649 3
1 12828 649 2
1 15761 649 7
1 15209 649 6
1 14030 649 4
1 12674 649 2
1 16064 649 8
1 13309 649 3
1 14530 649 5
1 13389 649 3
1 14587 649 5
1 14031 649 4
1 14668 649 5
1 12673 649 2
1 14106 649 4
1 13539 649 3
1 14168 362 3
1 13437 362 2
1 14582 362 4
1 14100 362 3
1 13490 362 2
1 14630 362 4
1 14663 362 4
1 15208 362 5
1 14511 362 4
1 13489 362 2
1 14629 362 4
1 14631 362 4
1 15217 362 5
1 15029 362 5
1 13536 362 2
1 16426 362 8
1 13441 362 2
1 15604 362 6
1 15659 362 6
1 16338 362 8
1 14015 362 3
1 13294 362 2
1 14513 362 4
1 15061 362 5
1 16007 362 7
1 15218 362 5
1 16062 362 7
1 14169 362 3
1 14514 362 4
1 14512 362 4
1 15030 362 5
1 14016 362 3
1 14101 362 3
1 13295 362 2
1 14516 362 4
1 13491 362 2
1 14517 362 4
1 16063 362 7
1 16138 362 7
1 15031 362 5
1 15603 362 6
1 13442 362 2
1 15207 362 5
1 14632 362 4
1 15759 362 6
1 14017 362 3
1 14518 362 4
1 16146 362 7
1 14664 362 4
1 15605 362 6
1 13443 362 2
1 15063 362 5
1 14102 362 3
1 16011 362 7
1 14583 362 4
1 14665 362 4
1 13537 362 2
1 14103 362 3
1 15244 362 5
1 14170 362 3
1 13538 362 2
1 15760 362 6
1 14515 362 4
1 16009 362 7
1 14020 362 3
1 13297 362 2
1 14522 362 4
1 16337 362 8
1 15661 362 6
1 15064 362 5
1 14523 362 4
1 13298 362 2
1 14021 362 3
1 13384 362 2
1 14524 362 4
1 14022 362 3
1 15171 362 5
1 13493 362 2
1 14023 362 3
1 15682 362 6
1 13300 362 2
1 14584 362 4
1 13386 362 2
1 13301 362 2
1 14585 362 4
1 15684 362 6
1 13387 362 2
1 14024 362 3
1 13302 362 2
1 14027 362 3
1 15683 362 6
1 15033 362 5
1 13444 362 2
1 15172 362 5
1 14138 362 3
1 14666 362 4
1 16077 362 7
1 13492 362 2
1 14528 362 4
1 13303 362 2
1 14104 362 3
1 13445 362 2
1 14525 362 4
1 13304 362 2
1 15065 362 5
1 16010 362 7
1 16336 362 8
1 15662 362 6
1 14025 362 3
1 13305 362 2
1 14105 362 3
1 14526 362 4
1 13306 362 2
1 14026 362 3
1 14527 362 4
1 15028 362 5
1 15621 362 6
1 13535 362 2
1 14014 362 3
1 13307 362 2
1 15104 362 5
1 14184 362 3
1 14674 362 4
1 13388 362 2
1 15758 545 5
1 15100 545 4
1 15242 545 4
1 15658 545 5
1 14502 545 3
1 14969 545 4
1 16004 545 6
1 14628 545 3
1 16061 545 6
1 14098 545 2
1 14503 545 3
1 15027 545 4
1 15600 545 5
1 16096 545 6
1 14009 545 2
1 14508 545 3
1 15948 545 6
1 14008 545 2
1 16330 545 7
1 15601 545 5
1 16060 545 6
1 15757 545 5
1 14010 545 2
1 15026 545 4
1 14509 545 3
1 14099 545 2
1 16006 545 6
1 15602 545 5
1 15060 545 4
1 14135 545 2
1 14618 545 3
1 15943 545 6
1 15947 545 6
1 14971 545 4
1 14504 545 3
1 14501 545 3
1 16145 545 6
1 15206 545 4
1 14661 545 3
1 14619 545 3
1 16108 545 6
1 15944 545 6
1 14136 545 2
1 14620 545 3
1 15170 545 4
1 14011 545 2
1 16095 545 6
1 15101 545 4
1 14505 545 3
1 14581 545 3
1 15025 545 4
1 16005 545 6
1 15597 545 5
1 15103 545 4
1 14621 545 3
1 15945 545 6
1 14622 545 3
1 14137 545 2
1 14013 545 2
1 14507 545 3
1 14012 545 2
1 16093 545 6
1 15599 545 5
1 15243 545 4
1 14623 545 3
1 14166 545 2
1 16462 545 7
1 14167 545 2
1 14662 545 3
1 15756 545 5
1 14625 545 3
1 15205 545 4
1 16097 545 6
1 15620 545 5
1 14165 545 2
1 14510 545 3
1 14624 545 3
1 16107 545 6
1 15946 545 6
1 14970 545 4
1 15598 545 5
1 14506 545 3
1 16144 545 6
1 16421 545 7
1 15732 545 5
1 15024 545 4
1 16423 545 7
1 15102 545 4
1 16094 545 6
1 16109 545 6
1 14626 545 3
1 16110 545 6
1 14627 545 3
1 16106 545 6
1 14492 482 2
1 15941 482 5
1 14614 482 2
1 15241 482 3
1 15725 482 4
1 14578 482 2
1 15216 482 3
1 14489 482 2
1 16424 482 6
1 16076 482 5
1 15098 482 3
1 14490 482 2
1 15655 482 4
1 16121 482 5
1 14496 482 2
1 15724 482 4
1 16440 482 6
1 16122 482 5
1 16104 482 5
1 14493 482 2
1 15023 482 3
1 14494 482 2
1 14495 482 2
1 15117 482 3
1 14579 482 2
1 14498 482 2
1 16331 482 6
1 16002 482 5
1 15059 482 3
1 14968 482 3
1 15010 482 3
1 14616 482 2
1 15754 482 4
1 15236 482 3
1 15022 482 3
1 15596 482 4
1 15238 482 3
1 14499 482 2
1 14500 482 2
1 15595 482 4
1 15942 482 5
1 14659 482 2
1 15239 482 3
1 15755 482 4
1 16059 482 5
1 15679 482 4
1 14660 482 2
1 15753 482 4
1 16105 482 5
1 15240 482 3
1 14617 482 2
1 15169 482 3
1 15680 482 4
1 16057 482 5
1 15122 482 3
1 14580 482 2
1 16058 482 5
1 15099 482 3
1 15681 482 4
1 14615 482 2
1 15058 482 3
1 16332 482 6
1 14497 482 2
1 15656 482 4
1 16003 482 5
1 15657 482 4
1 15204 482 3
1 15116 482 3
1 15168 482 3
1 15184 482 3
1 15653 513 3
1 15723 513 3
1 15588 513 3
1 15057 513 2
1 14965 513 2
1 15015 513 2
1 15654 513 3
1 16333 513 5
1 15097 513 2
1 15999 513 4
1 16001 513 4
1 15589 513 3
1 15938 513 4
1 15590 513 3
1 15017 513 2
1 15191 513 2
1 16054 513 4
1 15593 513 3
1 15939 513 4
1 15021 513 2
1 14966 513 2
1 16055 513 4
1 16469 513 5
1 15233 513 2
1 16092 513 4
1 15594 513 3
1 15018 513 2
1 15619 513 3
1 16056 513 4
1 15121 513 2
1 15678 513 3
1 15166 513 2
1 16075 513 4
1 16120 513 4
1 15722 513 3
1 15009 513 2
1 16392 513 5
1 15234 513 2
1 15167 513 2
1 15752 513 3
1 15235 513 2
1 16137 513 4
1 16490 513 5
1 16334 513 5
1 14967 513 2
1 16000 513 4
1 15652 513 3
1 15019 513 2
1 16425 513 5
1 15591 513 3
1 15016 513 2
1 15020 513 2
1 15592 513 3
1 15721 513 3
1 15940 513 4
1 15014 513 2
1 15141 513 2
1 15646 444 2
1 15647 444 2
1 15718 444 2
1 16027 444 3
1 15562 444 2
1 15937 444 3
1 15618 444 2
1 16422 444 4
1 15648 444 2
1 16329 444 4
1 16050 444 3
1 15995 444 3
1 15649 444 2
1 16051 444 3
1 15650 444 2
1 15996 444 3
1 16327 444 4
1 16103 444 3
1 16437 444 4
1 15749 444 2
1 16119 444 3
1 15997 444 3
1 15676 444 2
1 15563 444 2
1 16102 444 3
1 16052 444 3
1 15677 444 2
1 15564 444 2
1 16028 444 3
1 15750 444 2
1 16438 444 4
1 16135 444 3
1 16029 444 3
1 15751 444 2
1 16461 444 4
1 16053 444 3
1 16030 444 3
1 15565 444 2
1 16328 444 4
1 15936 444 3
1 15561 444 2
1 15717 444 2
1 16147 444 3
1 16136 444 3
1 15719 444 2
1 16439 444 4
1 15651 444 2
1 15998 444 3
1 16389 528 3
1 16026 528 2
1 16390 528 3
1 16460 378 2
1 16412 378 2
1 16413 378 2
1 16446 378 2
1 16363 378 2
1 16445 378 2
1 16364 378 2
1 16416 378 2
1 16436 378 2
1 16435 378 2
1 16411 378 2
1 16375 378 2
1 16415 378 2
