1 1336 1554 135
1 1923 1554 125
1 691 1554 129
1 1770 1554 130
1 660 1592 126
1 743 1597 128
1 662 1604 140
1 635 1605 120
1 713 1610 120
1 763 1614 131
1 770 1617 138
1 665 1621 134
1 771 1625 127
1 694 1629 142
1 661 1598 122
1 703 1642 132
1 686 1648 136
1 2449 1649 120
1 646 1660 127
1 1699 1660 124
1 1174 1660 136
1 1366 1660 124
1 1664 1662 125
1 4426 1663 126
1 1425 1663 125
1 2514 1663 131
1 2043 1664 132
1 1367 1664 129
1 1787 1664 136
1 645 1664 138
1 1100 1664 125
1 2435 1664 129
1 1720 1666 126
1 2965 1666 133
1 1031 1666 131
1 2437 1666 122
1 638 1632 122
1 1108 1741 130
1 1385 1741 135
1 1622 1741 131
1 1025 1746 138
1 2504 1741 134
1 1173 1769 133
1 1365 1769 137
1 1698 1784 115
1 2049 1784 120
1 2697 1784 123
1 2969 1784 117
1 1482 1784 117
1 1099 1784 124
1 1016 1803 125
1 1218 1803 133
1 1502 1820 134
1 1039 1825 134
1 1540 1825 129
1 1193 1825 131
1 2966 1834 127
1 1291 1834 121
1 1718 1834 121
1 1856 1834 127
1 2387 1834 120
1 1270 1835 121
1 1019 1835 121
1 2967 1876 125
1 1111 1876 132
1 1719 1876 126
1 2727 1876 131
1 1293 1876 121
1 1857 1876 129
1 1048 1876 129
1 2378 1876 126
1 1112 1877 137
1 1786 1877 129
1 1023 1878 128
1 2081 1880 122
1 2814 1880 127
1 1424 1880 120
1 1127 1880 128
1 1756 1880 120
1 1035 1880 123
1 2968 1880 126
1 1646 1882 127
1 1423 1882 131
1 1022 1883 131
1 1926 1884 140
1 1875 1885 131
1 1324 1885 130
1 1757 1885 126
1 1364 1887 131
1 1041 1887 126
1 1487 1890 128
1 1876 1890 140
1 1205 1821 138
1 1110 1891 128
1 1049 1891 137
1 1292 1891 130
1 2892 1891 129
1 1988 1899 135
1 1703 1899 128
1 1390 1899 134
1 2970 1891 127
1 1161 1960 139
1 1644 1981 129
1 2053 2064 129
1 2803 2064 138
1 1696 2064 128
1 1363 2064 125
1 1972 2066 126
1 3797 2066 122
1 3519 2066 116
1 1472 2066 123
1 1126 2067 138
1 1323 2067 133
1 2590 2068 140
1 1191 2068 129
1 1532 2069 133
1 1998 2069 134
1 2891 2069 145
1 1716 2069 132
1 1676 2066 131
1 1383 2069 129
1 1446 2070 131
1 1659 2070 128
1 1774 2071 141
1 2412 2071 129
1 2971 2071 138
1 3377 2071 124
1 1645 2072 126
1 2972 2072 131
1 3378 2072 121
1 1422 2072 127
1 1192 2072 131
1 2460 2069 131
1 3379 2073 125
1 2973 2073 124
1 1697 2073 126
1 1848 2073 131
1 1269 2073 138
1 1172 2073 103
1 2389 2075 122
1 1717 2075 123
1 1858 2075 137
1 2877 2075 136
1 2844 2076 133
1 2510 2076 123
1 1941 2076 126
1 1621 2076 124
1 3173 2076 129
1 1384 2076 124
1 2367 2073 127
1 1877 2096 149
1 1751 2096 140
1 2974 2096 152
1 2879 2096 154
1 1878 2099 137
1 1752 2099 134
1 1419 2096 132
1 1501 2110 116
1 1766 2115 141
1 1333 2115 141
1 1320 2099 132
1 1443 2120 128
1 1322 2123 140
1 1879 2126 132
1 1754 2126 132
1 1420 2126 130
1 1346 2133 128
1 1780 2135 140
1 1471 2135 130
1 1486 2138 128
1 1334 2141 133
1 1495 2142 142
1 1918 2115 151
1 1421 2143 116
1 2594 2143 129
1 2064 2146 125
1 2975 2154 124
1 1694 2159 127
1 2052 2159 127
1 1361 2159 132
1 2787 2159 137
1 1321 2162 150
1 2400 2162 143
1 1880 2162 140
1 2871 2162 138
1 2976 2162 138
1 1753 2162 143
1 2726 2163 136
1 1849 2163 132
1 1695 2163 126
1 2363 2163 121
1 2977 2163 127
1 1266 2163 127
1 3373 2163 123
1 1715 2164 113
1 1381 2164 104
1 1940 2165 131
1 1611 2165 126
1 1514 2165 132
1 1620 2167 123
1 1995 2167 135
1 3174 2167 131
1 1382 2167 122
1 2508 2167 130
1 3518 2168 114
1 1993 2168 120
1 1543 2169 122
1 1335 2169 122
1 2097 2169 127
1 3151 2169 124
1 2408 2169 130
1 2691 2169 132
1 1643 2143 125
1 3374 2169 122
1 1340 2170 134
1 2089 2170 133
1 2713 2170 137
1 3375 2170 123
1 2979 2170 129
1 2980 2171 132
1 2890 2171 145
1 2048 2171 136
1 1265 2171 132
1 2978 2172 125
1 2805 2172 137
1 1445 2172 122
1 1960 2172 126
1 1347 2173 135
1 2785 2174 139
1 1362 2174 127
1 3760 2174 125
1 2042 2174 132
1 1755 2174 127
1 1267 2175 123
1 1444 2176 129
1 1658 2176 134
1 2596 2176 137
1 1962 2176 131
1 2480 2177 131
1 1507 2177 125
1 1663 2177 125
1 3239 2177 126
1 2981 2178 133
1 1714 2178 127
1 2382 2178 131
1 2732 2178 138
1 3376 2178 126
1 1290 2178 130
1 1859 2178 134
1 1268 2180 112
1 1704 2214 121
1 1812 2169 134
1 2862 2214 128
1 2369 2214 121
1 3148 2214 128
1 1835 2214 126
1 2448 2218 120
1 2045 2219 146
1 2626 2223 132
1 3436 2223 115
1 4424 2223 128
1 3756 2223 124
1 4034 2223 120
1 2990 2223 123
1 1796 2236 135
1 3512 2236 128
1 2056 2223 123
1 3552 2239 130
1 2824 2239 147
1 3178 2239 133
1 2512 2239 136
1 1976 2245 130
1 3553 2245 120
1 2489 2245 127
1 4624 2245 122
1 1672 2245 123
1 3175 2245 127
1 2556 2248 132
1 1638 2248 129
1 2011 2236 139
1 1989 2252 131
1 3516 2260 124
1 1948 2260 138
1 2762 2260 140
1 1639 2260 129
1 3515 2262 117
1 2087 2262 128
1 3755 2262 124
1 2423 2262 122
1 1640 2265 133
1 1674 2270 122
1 1742 2271 133
1 1784 2252 125
1 2982 2275 135
1 1818 2276 136
1 2041 2278 131
1 1819 2279 128
1 1777 2280 130
1 1744 2282 129
1 1795 2285 125
1 1881 2287 129
1 1745 2287 125
1 1778 2292 123
1 1927 2292 126
1 2983 2292 126
1 3372 2292 124
1 1675 2296 121
1 1641 2297 140
1 2491 2297 143
1 2763 2297 148
1 3176 2297 140
1 1883 2300 156
1 1747 2300 132
1 1884 2303 144
1 2873 2303 141
1 1748 2303 141
1 2391 2303 135
1 1820 2312 130
1 1885 2321 143
1 1749 2321 141
1 1750 2323 128
1 2428 2323 131
1 3758 2323 130
1 3177 2323 130
1 1886 2323 132
1 2764 2323 140
1 2822 2337 132
1 1954 2339 133
1 2517 2339 130
1 1642 2339 125
1 1651 2340 126
1 7769 2340 126
1 2447 2275 135
1 2623 2341 133
1 7623 2341 122
1 7194 2341 121
1 2984 2341 123
1 1850 2341 132
1 2351 2341 124
1 4564 2341 121
1 4565 2342 121
1 2060 2342 130
1 1806 2342 124
1 4094 2342 124
1 2985 2342 126
1 3826 2342 126
1 2859 2342 136
1 1814 2343 131
1 2091 2343 138
1 1817 2344 139
1 2502 2344 145
1 2823 2344 152
1 1761 2349 118
1 1838 2349 125
1 1690 2350 139
1 1839 2350 142
1 1887 2351 127
1 1740 2351 121
1 1689 2352 129
1 2986 2352 129
1 2872 2352 130
1 1851 2352 138
1 2364 2352 134
1 3435 2352 125
1 1852 2353 127
1 2624 2353 137
1 1691 2353 121
1 2987 2353 124
1 3368 2353 121
1 2352 2353 127
1 1928 2354 135
1 1779 2354 135
1 1693 2341 120
1 1919 2355 123
1 1938 2356 136
1 3370 2358 135
1 1813 2358 131
1 2988 2358 129
1 2088 2358 131
1 2860 2358 140
1 1788 2359 121
1 2000 2359 125
1 1800 2360 128
1 4139 2360 126
1 4478 2360 118
1 3513 2361 118
1 2483 2361 127
1 2544 2362 121
1 2465 2363 128
1 2017 2363 129
1 1741 2363 116
1 2848 2363 131
1 3554 2364 115
1 2010 2364 126
1 2466 2364 125
1 1789 2365 135
1 1996 2365 138
1 2603 2365 135
1 2509 2365 134
1 1853 2366 127
1 2989 2366 128
1 2353 2366 125
1 1692 2366 124
1 2625 2366 137
1 2025 2368 131
1 2627 2368 132
1 2406 2368 123
1 2991 2368 130
1 1764 2368 125
1 4093 2368 118
1 2540 2369 127
1 1974 2369 123
1 1673 2369 119
1 3514 2369 118
1 2826 2369 132
1 1803 2370 128
1 1713 2371 122
1 1860 2371 123
1 1743 2372 131
1 2718 2373 144
1 1882 2373 132
1 1746 2373 127
1 2002 2374 127
1 2499 2375 126
1 2765 2375 137
1 1610 2375 135
1 2527 2376 127
1 1657 2376 123
1 3179 2376 129
1 3517 2376 116
1 2766 2376 133
1 2373 2377 130
1 4423 2377 127
1 7597 2377 128
1 2992 2377 137
1 2050 2377 130
1 3757 2377 125
1 4033 2377 126
1 7125 2377 125
1 2628 2377 140
1 3369 2377 125
1 3152 2378 135
1 4425 2378 125
1 3371 2378 126
1 2861 2378 139
1 2066 2378 130
1 3759 2379 128
1 4035 2379 127
1 2993 2379 131
1 4623 2379 129
1 2490 2379 126
1 2047 2379 132
1 1785 2379 130
1 2751 2379 136
1 1765 2355 120
1 4091 2401 124
1 2031 2401 129
1 3001 2401 123
1 2618 2409 136
1 1861 2409 127
1 2349 2409 125
1 2994 2409 125
1 3364 2409 122
1 2995 2417 135
1 2392 2417 127
1 2887 2417 137
1 2079 2417 129
1 3434 2417 121
1 3365 2421 122
1 1862 2421 127
1 2996 2421 132
1 2619 2421 139
1 2350 2421 125
1 2029 2431 125
1 2574 2443 127
1 2464 2447 134
1 2007 2447 136
1 2500 2459 148
1 3551 2459 134
1 2530 2460 122
1 3511 2460 122
1 1964 2460 133
1 3180 2460 127
1 2554 2460 132
1 4422 2460 121
1 3901 2460 125
1 1888 2462 130
1 1982 2465 127
1 4092 2475 126
1 7274 2475 129
1 2555 2475 138
1 3433 2476 114
1 2759 2476 131
1 2420 2476 129
1 1891 2393 138
1 2528 2479 129
1 1980 2479 123
1 2576 2479 135
1 3900 2479 123
1 2830 2488 150
1 2520 2488 135
1 3181 2494 136
1 3550 2494 129
1 2760 2494 143
1 2519 2494 137
1 4138 2505 116
1 2604 2505 129
1 2545 2505 119
1 1889 2517 138
1 2620 2523 137
1 2095 2523 126
1 2761 2532 127
1 2997 2534 127
1 2621 2534 134
1 3367 2534 112
1 2082 2534 122
1 2733 2536 132
1 2998 2536 128
1 2393 2536 123
1 3362 2536 114
1 1890 2536 125
1 2875 2540 159
1 2999 2540 136
1 2065 2540 143
1 3000 2545 127
1 3366 2545 123
1 2371 2545 127
1 2061 2545 126
1 2622 2545 137
1 4090 2549 121
1 3510 2571 125
1 2549 2571 126
1 2030 2571 128
1 2599 2571 136
1 2372 2572 127
1 3363 2572 123
1 2708 2572 144
1 1840 2572 142
1 3002 2572 133
1 3549 2479 127
1 2884 2597 127
1 3016 2597 124
1 3751 2597 117
1 7123 2597 117
1 7595 2597 119
1 3354 2597 113
1 3003 2601 127
1 3361 2601 119
1 2608 2601 132
1 4420 2597 118
1 2856 2606 146
1 3004 2606 136
1 2343 2606 138
1 3182 2607 125
1 2432 2607 121
1 2752 2607 128
1 4563 2607 119
1 2753 2610 133
1 3005 2610 126
1 3006 2611 131
1 2609 2611 127
1 3546 2612 121
1 2377 2601 125
1 3240 2612 122
1 3007 2614 141
1 2344 2617 123
1 2610 2617 141
1 3357 2617 122
1 3008 2617 132
1 3548 2623 108
1 3183 2623 114
1 2754 2623 121
1 2487 2623 111
1 2802 2624 133
1 3009 2624 130
1 2800 2612 123
1 2551 2627 140
1 7130 2627 129
1 2611 2631 126
1 2345 2631 122
1 2552 2632 124
1 2365 2637 141
1 2612 2637 148
1 3359 2637 131
1 8257 2640 121
1 4476 2640 115
1 3506 2640 113
1 3241 2640 120
1 2810 2641 139
1 2446 2641 128
1 3010 2641 133
1 2547 2644 124
1 3753 2645 131
1 4031 2645 132
1 3011 2645 138
1 2857 2645 143
1 3012 2651 126
1 2613 2653 136
1 3013 2658 122
1 2346 2658 124
1 2614 2658 134
1 2553 2659 136
1 3899 2659 127
1 2858 2661 143
1 3014 2661 130
1 2479 2666 131
1 2488 2668 129
1 3897 2668 128
1 3508 2668 119
1 2755 2668 143
1 4576 2673 130
1 2347 2673 128
1 3825 2673 129
1 3356 2673 123
1 3015 2673 130
1 4089 2627 128
1 2919 2681 146
1 3547 2683 128
1 4419 2683 123
1 2874 2685 130
1 2404 2685 130
1 3017 2686 127
1 2876 2686 133
1 2413 2686 127
1 2457 2688 125
1 2710 2688 134
1 3153 2695 118
1 2740 2695 125
1 3355 2695 109
1 2444 2695 115
1 2430 2697 116
1 2757 2697 127
1 3184 2697 124
1 2758 2698 133
1 3752 2698 122
1 2482 2698 125
1 3018 2698 131
1 3509 2699 109
1 7768 2699 118
1 3898 2699 118
1 2831 2699 130
1 2537 2699 123
1 2546 2703 125
1 3507 2703 115
1 3844 2703 122
1 4477 2703 125
1 3754 2706 122
1 3358 2706 120
1 2348 2706 126
1 4421 2706 122
1 4032 2706 127
1 2616 2706 135
1 7596 2706 123
1 7124 2706 121
1 8190 2706 136
1 2368 2707 131
1 7193 2707 128
1 2617 2707 131
1 3019 2707 133
1 3360 2707 124
1 2615 2673 135
1 7592 2784 129
1 7121 2784 127
1 8182 2784 135
1 3034 2784 130
1 3823 2784 130
1 2679 2784 137
1 4557 2784 125
1 4027 2784 133
1 7593 2787 124
1 4559 2787 130
1 7122 2787 123
1 3430 2787 113
1 3749 2787 122
1 8184 2787 135
1 2379 2787 136
1 2658 2787 137
1 4029 2787 125
1 8971 2787 125
1 3156 2787 130
1 3348 2784 127
1 3021 2795 143
1 2443 2795 139
1 2883 2795 149
1 2493 2799 122
1 3427 2799 112
1 2566 2799 121
1 3185 2799 122
1 7711 2800 124
1 8187 2800 140
1 2567 2800 135
1 2568 2804 129
1 2469 2807 126
1 3020 2792 133
1 2869 2812 146
1 3022 2812 135
1 2438 2812 138
1 2399 2817 138
1 3023 2817 138
1 3426 2817 121
1 4137 2819 121
1 3024 2819 125
1 3025 2829 131
1 4620 2829 124
1 3750 2829 128
1 2429 2829 126
1 3503 2830 124
1 2539 2830 128
1 2900 2830 136
1 2398 2834 117
1 3352 2834 118
1 8183 2834 135
1 2653 2834 134
1 4558 2834 115
1 3026 2834 123
1 4028 2834 121
1 7766 2834 121
1 3746 2834 121
1 3186 2841 126
1 2467 2841 127
1 3842 2841 123
1 2424 2842 134
1 2780 2842 145
1 3027 2842 136
1 2569 2843 148
1 2359 2850 133
1 2902 2850 145
1 2360 2852 119
1 2868 2807 138
1 3748 2853 124
1 3028 2853 126
1 2361 2853 126
1 2654 2853 135
1 3187 2856 135
1 2516 2856 129
1 2781 2856 137
1 3543 2856 118
1 3029 2858 146
1 2495 2860 118
1 7767 2860 116
1 3504 2860 110
1 3895 2860 118
1 4622 2860 117
1 3188 2860 126
1 8186 2860 127
1 2903 2860 130
1 4621 2861 129
1 2496 2861 136
1 2570 2861 139
1 3542 2861 126
1 2362 2868 132
1 7191 2868 129
1 8972 2868 129
1 4030 2868 141
1 9150 2868 129
1 2655 2868 143
1 7591 2868 133
1 8188 2868 130
1 4418 2868 131
1 3824 2868 133
1 3350 2868 126
1 3030 2868 137
1 3154 2871 127
1 3431 2871 118
1 2870 2871 135
1 3841 2873 118
1 3189 2873 120
1 3500 2873 117
1 2450 2873 127
1 3545 2880 117
1 2439 2880 131
1 2782 2884 143
1 2513 2884 136
1 4136 2892 125
1 2783 2892 136
1 3843 2892 123
1 2543 2898 125
1 3190 2898 136
1 3191 2899 130
1 3505 2899 123
1 3243 2901 114
1 2904 2903 136
1 2497 2903 127
1 3499 2906 117
1 2534 2906 124
1 3192 2908 127
1 2451 2908 131
1 4562 2908 124
1 3745 2908 126
1 2452 2921 130
1 3155 2927 126
1 4575 2927 122
1 7594 2927 124
1 3428 2927 124
1 2656 2927 133
1 7192 2927 121
1 8185 2927 130
1 3822 2927 124
1 2481 2931 129
1 7007 2931 124
1 3544 2931 116
1 2784 2931 137
1 3031 2933 136
1 2886 2933 148
1 3747 2941 128
1 2682 2941 141
1 4026 2941 126
1 2390 2941 132
1 3032 2941 131
1 3432 2941 120
1 3033 2942 127
1 4561 2942 127
1 2657 2942 137
1 3351 2942 124
1 3850 2963 123
1 3429 2963 121
1 4560 2963 125
1 2659 2963 132
1 3035 2963 129
1 4088 2963 126
1 2374 2964 125
1 3036 2964 129
1 2660 2964 140
1 3353 2964 122
1 2419 2966 132
1 3349 2853 117
1 2778 3002 128
1 7190 3002 113
1 3893 3002 117
1 3193 3002 122
1 8180 3009 138
1 3424 3009 115
1 2565 3009 125
1 7765 3002 115
1 3194 3009 130
1 3894 3009 126
1 3496 3027 122
1 4614 3009 121
1 3497 3033 119
1 2649 3033 132
1 3796 3048 119
1 3037 3061 135
1 7265 3076 115
1 3541 3076 110
1 3196 3076 120
1 7710 3076 116
1 2650 3088 128
1 2779 3100 132
1 3038 3111 123
1 3425 3111 117
1 3195 3027 138
1 3744 3111 122
1 2651 3116 123
1 3244 3121 128
1 4615 3121 128
1 3498 3121 122
1 3347 3123 118
1 2652 3123 126
1 3743 3123 118
1 3039 3123 121
1 4025 3123 118
1 3245 3129 125
1 3840 3129 122
1 2686 3111 132
1 3040 3198 115
1 7120 3198 113
1 4555 3198 114
1 3197 3199 125
1 7708 3201 124
1 8179 3201 133
1 3889 3201 125
1 7269 3201 126
1 4086 3202 126
1 7587 3202 124
1 4618 3202 124
1 3729 3202 125
1 3041 3202 128
1 3422 3203 126
1 3736 3198 113
1 3730 3203 129
1 4617 3203 127
1 4019 3203 127
1 7583 3203 130
1 4085 3209 126
1 8170 3209 140
1 7271 3209 126
1 3888 3214 120
1 3494 3214 112
1 7268 3214 122
1 3246 3221 127
1 3198 3222 127
1 3042 3203 132
1 3043 3224 126
1 4619 3224 121
1 3417 3227 117
1 3157 3227 129
1 3839 3232 117
1 3199 3232 121
1 3795 3236 119
1 3492 3236 114
1 8255 3236 129
1 3886 3237 122
1 7266 3237 120
1 3044 3239 132
1 3338 3239 120
1 3892 3248 119
1 4616 3248 118
1 4087 3248 119
1 8967 3250 126
1 3045 3250 134
1 7585 3250 126
1 4024 3250 128
1 8173 3250 137
1 3821 3250 131
1 7117 3250 125
1 3339 3250 124
1 4415 3250 128
1 3410 3252 114
1 3046 3252 124
1 3411 3253 121
1 3047 3253 127
1 8968 3255 120
1 3048 3255 122
1 3740 3255 124
1 4414 3255 123
1 7116 3255 122
1 10158 3255 129
1 8177 3255 129
1 4023 3255 125
1 9147 3255 122
1 7584 3255 124
1 3734 3224 123
1 9680 3255 118
1 3890 3259 125
1 9679 3259 129
1 7764 3259 127
1 7270 3259 126
1 3049 3260 123
1 4551 3260 122
1 3346 3260 115
1 4081 3260 120
1 3200 3263 138
1 3247 3265 123
1 7273 3265 119
1 3838 3265 122
1 4473 3265 121
1 8256 3265 123
1 3050 3267 123
1 3248 3268 127
1 4022 3268 124
1 7118 3268 122
1 9146 3268 121
1 8966 3268 123
1 8172 3268 136
1 4417 3268 124
1 3345 3268 119
1 7588 3268 124
1 3735 3268 127
1 3249 3270 130
1 3416 3270 125
1 3340 3273 118
1 7189 3273 118
1 3737 3273 117
1 4554 3273 119
1 3051 3273 130
1 4550 3275 121
1 7187 3275 118
1 8241 3275 130
1 7621 3275 121
1 3052 3275 122
1 3341 3275 118
1 3419 3255 117
1 3418 3276 117
1 3238 3278 121
1 8174 3279 145
1 7586 3279 127
1 4574 3279 125
1 4082 3279 127
1 3849 3279 123
1 7185 3279 127
1 3054 3279 129
1 4084 3280 124
1 7119 3280 125
1 9681 3280 125
1 7589 3280 125
1 8178 3280 135
1 4552 3280 123
1 8969 3280 115
1 9149 3280 121
1 3055 3280 126
1 3342 3280 121
1 3819 3280 124
1 4630 3281 123
1 3728 3281 126
1 7272 3282 122
1 3493 3282 115
1 3250 3282 123
1 4416 3282 122
1 4412 3285 127
1 7113 3285 129
1 4017 3285 129
1 3415 3285 120
1 3056 3285 135
1 3732 3285 131
1 7112 3286 131
1 8240 3286 146
1 4411 3286 132
1 7581 3286 130
1 3057 3286 135
1 3731 3286 134
1 4016 3286 134
1 3414 3286 123
1 3058 3287 125
1 3420 3287 112
1 7114 3289 115
1 8168 3289 125
1 3412 3289 115
1 3739 3290 128
1 3741 3291 128
1 3343 3291 130
1 4413 3291 124
1 4018 3291 130
1 8175 3291 143
1 7582 3291 124
1 7115 3291 128
1 4100 3292 125
1 3059 3295 134
1 4102 3296 133
1 3060 3296 134
1 4133 3300 119
1 3887 3300 120
1 3251 3300 122
1 3495 3300 120
1 3252 3301 133
1 4135 3301 129
1 3344 3303 120
1 3061 3303 130
1 4079 3303 127
1 8176 3303 138
1 7590 3303 129
1 7188 3303 125
1 4553 3303 127
1 3742 3303 129
1 4021 3306 133
1 8171 3306 140
1 7622 3306 124
1 3738 3306 124
1 3062 3306 132
1 3421 3306 116
1 4629 3306 120
1 3820 3307 124
1 3423 3307 118
1 4080 3307 125
1 3063 3307 126
1 3158 3308 128
1 3064 3310 134
1 3794 3314 128
1 3891 3316 128
1 4474 3316 120
1 4134 3316 127
1 4101 3317 131
1 3065 3317 132
1 4099 3318 134
1 3253 3318 136
1 7709 3319 125
1 3558 3320 128
1 8169 3326 131
1 4083 3326 126
1 9148 3326 121
1 4549 3326 124
1 3413 3326 119
1 3159 3326 124
1 7186 3326 124
1 8970 3326 118
1 4020 3328 127
1 3733 3328 127
1 3818 3330 126
1 4556 3330 126
1 3053 3276 121
1 3536 3414 108
1 4611 3414 120
1 7763 3420 121
1 9190 3420 122
1 8965 3420 118
1 3793 3420 123
1 8167 3420 130
1 10093 3420 116
1 3556 3423 120
1 7263 3428 128
1 7707 3428 128
1 8162 3431 132
1 7139 3431 124
1 3882 3414 120
1 4078 3440 132
1 3789 3440 130
1 4098 3442 133
1 3836 3443 127
1 4472 3443 124
1 3885 3445 119
1 8161 3445 132
1 7108 3445 117
1 4131 3447 134
1 4148 3468 123
1 3817 3468 123
1 3726 3469 119
1 4077 3469 120
1 3330 3469 119
1 3337 3471 112
1 3725 3471 122
1 4015 3471 120
1 4409 3471 121
1 4547 3473 129
1 3837 3473 126
1 3537 3473 123
1 4128 3488 121
1 4471 3488 120
1 7761 3488 122
1 3538 3488 116
1 9145 3490 127
1 7579 3490 134
1 8961 3490 125
1 3727 3490 127
1 7006 3490 125
1 7111 3490 127
1 4012 3490 129
1 3331 3490 129
1 8163 3490 138
1 3408 3509 131
1 9246 3533 124
1 7762 3533 126
1 3487 3538 124
1 8254 3538 141
1 3883 3538 131
1 3488 3552 116
1 7264 3552 123
1 3884 3552 123
1 9245 3552 124
1 7575 3559 116
1 8960 3559 113
1 7181 3559 115
1 4546 3559 117
1 3332 3559 115
1 8160 3559 132
1 3722 3559 118
1 3333 3563 123
1 7576 3563 124
1 7182 3563 121
1 8165 3563 136
1 3723 3563 124
1 9143 3564 122
1 8962 3564 124
1 10092 3564 114
1 4013 3564 125
1 3334 3564 125
1 9678 3564 117
1 7580 3564 125
1 7109 3564 124
1 8239 3564 133
1 4408 3564 125
1 3724 3564 124
1 3335 3567 118
1 3847 3567 124
1 7578 3567 124
1 9144 3567 120
1 8963 3567 123
1 9873 3567 120
1 7110 3567 123
1 4410 3567 124
1 8166 3567 135
1 3792 3571 123
1 9009 3571 118
1 9814 3571 123
1 3409 3573 123
1 3539 3577 125
1 3489 3581 119
1 3848 3589 127
1 7183 3589 124
1 7577 3589 126
1 8164 3589 139
1 4014 3589 126
1 3336 3589 127
1 4132 3592 124
1 7256 3592 124
1 3490 3592 121
1 3491 3593 126
1 4612 3593 131
1 3540 3604 120
1 4407 3607 125
1 8986 3607 125
1 3790 3607 121
1 7106 3607 124
1 4129 3609 121
1 3557 3611 126
1 7107 4131 127
1 9779 3431 123
1 4613 4322 129
1 3791 4322 118
1 4130 4131 128
1 3878 3636 122
1 7760 3636 123
1 3785 3641 124
1 8985 3641 120
1 4405 3641 121
1 3881 3651 120
1 4628 3658 136
1 8238 3658 149
1 8155 3651 135
1 3786 3659 126
1 8159 3636 135
1 4470 3636 123
1 4073 3659 127
1 8157 3662 125
1 3787 3662 119
1 9777 3662 114
1 10091 3662 119
1 4545 3692 120
1 7620 3692 115
1 7105 3692 117
1 3720 3700 130
1 4404 3700 132
1 4011 3700 132
1 4406 3704 131
1 7104 3704 130
1 7572 3704 134
1 3721 3704 134
1 4609 3711 123
1 3879 3711 122
1 7102 3725 128
1 4076 3725 132
1 9007 3725 126
1 7138 3734 129
1 4147 3738 116
1 3816 3738 121
1 4544 3738 118
1 8158 3738 132
1 7184 3738 115
1 8959 3738 113
1 7573 3738 117
1 7704 3748 122
1 3880 3759 123
1 8302 3641 135
1 4126 3641 121
1 8237 3762 128
1 7101 3762 119
1 7261 3771 120
1 4610 3771 120
1 7706 3771 121
1 7705 3782 121
1 9813 3659 125
1 7258 3662 116
1 8253 3796 132
1 9008 3796 123
1 9778 3796 123
1 7260 4104 127
1 4127 3759 122
1 7259 3681 125
1 8304 4103 139
1 3788 3782 122
1 7257 4103 127
1 4074 3762 118
1 4075 3782 118
1 7757 3881 126
1 4608 3954 125
1 4402 3968 122
1 4010 3968 123
1 10660 4004 123
1 7254 4008 124
1 7571 3885 121
1 4071 3954 126
1 4146 4051 114
1 8236 4051 129
1 9189 4051 113
1 7703 4004 121
1 7569 4051 117
1 7759 4068 118
1 8154 4004 139
1 7100 4051 112
1 11374 4004 122
1 8301 4008 135
1 4072 4120 122
1 8958 4051 116
1 4403 4051 114
1 7758 3945 111
1 7255 4068 119
1 9244 4004 117
1 8298 4155 136
1 7094 4156 127
1 7750 4157 120
1 9006 4155 120
1 7093 4155 121
1 4381 4159 129
1 4463 4161 118
1 7697 4161 119
1 8299 4162 129
1 4382 4164 130
1 4601 4153 121
1 4383 4168 128
1 8232 4169 129
1 4529 4169 119
1 7751 4170 129
1 7244 4170 127
1 4384 4172 123
1 7698 4173 131
1 7245 4173 132
1 4602 4175 119
1 4385 4176 132
1 4530 4177 139
1 7565 4179 131
1 7095 4179 127
1 8148 4179 140
1 4386 4179 127
1 7699 4184 128
1 7246 4184 126
1 8149 4184 144
1 4387 4186 121
1 4531 4187 119
1 10745 4190 133
1 10282 4190 121
1 7753 4190 129
1 12533 4193 124
1 13439 4193 120
1 9142 4193 122
1 7096 4193 121
1 7566 4193 126
1 8150 4193 132
1 10659 4193 124
1 10090 4193 124
1 9677 4193 122
1 4388 4193 121
1 11741 4193 123
1 8954 4193 117
1 10984 4193 122
1 7700 4195 124
1 4603 4196 125
1 4389 4200 131
1 9005 4166 118
1 8153 4206 141
1 7619 4206 123
1 4532 4206 121
1 4391 4209 129
1 4392 4210 140
1 4533 4212 126
1 4604 4216 126
1 8955 4217 129
1 7097 4217 120
1 7567 4217 128
1 8235 4217 133
1 4393 4217 126
1 4534 4218 135
1 4464 4220 115
1 9188 4223 118
1 7247 4223 119
1 8984 4223 117
1 7755 4226 126
1 7248 4226 127
1 4535 4227 123
1 4394 4229 131
1 4465 4230 130
1 4466 4232 121
1 4607 4234 126
1 8233 4238 136
1 4536 4238 122
1 7098 4238 122
1 10658 4238 126
1 4537 4240 122
1 8300 4241 138
1 4467 4241 125
1 9776 4241 128
1 7249 4242 124
1 4468 4242 123
1 4395 4243 127
1 7754 4244 123
1 4396 4250 120
1 4397 4251 126
1 4538 4255 123
1 7251 4255 121
1 4539 4256 125
1 7701 4257 129
1 8956 4258 117
1 10157 4258 117
1 10572 4258 121
1 9675 4258 116
1 7178 4258 119
1 7625 4258 118
1 4540 4258 113
1 8152 4258 128
1 7756 4259 116
1 7252 4259 115
1 4401 4260 129
1 4398 4261 114
1 4541 4262 130
1 4605 4266 125
1 4543 4309 115
1 7099 4310 113
1 7253 4313 126
1 10574 4313 128
1 10088 4313 123
1 7702 4314 118
1 4606 4314 118
1 10089 4316 126
1 7179 4316 120
1 10573 4316 120
1 9676 4316 116
1 4542 4316 117
1 8151 4316 140
1 8957 4316 117
1 7180 4317 124
1 8234 4318 142
1 4469 4318 125
1 4528 4157 119
1 4462 4158 124
1 4390 4205 121
1 4400 4543 130
1 8130 4335 139
1 10080 4335 123
1 9665 4335 126
1 8131 4343 154
1 10566 4335 124
1 7613 4343 133
1 7687 4345 112
1 7231 4345 111
1 8983 4346 107
1 7746 4346 112
1 7232 4346 110
1 8147 4346 125
1 7051 4353 121
1 7688 4359 127
1 7233 4359 126
1 9186 4359 125
1 8297 4359 131
1 7050 4343 134
1 10087 4359 139
1 10446 4359 126
1 10084 4361 130
1 9774 4361 130
1 11740 4361 128
1 7563 4378 122
1 8142 4378 139
1 7234 4378 119
1 7689 4385 126
1 7136 4385 121
1 9133 4386 121
1 8944 4386 119
1 9674 4359 126
1 7052 4386 121
1 7551 4386 123
1 11319 4395 132
1 9672 4395 120
1 8953 4395 121
1 8132 4395 148
1 9141 4395 122
1 10086 4395 126
1 10570 4395 126
1 7053 4395 121
1 7552 4395 126
1 7686 4335 123
1 7690 4396 124
1 10654 4398 128
1 8228 4398 132
1 9666 4398 125
1 7747 4398 126
1 7236 4399 127
1 10280 4399 130
1 9773 4404 121
1 7134 4404 125
1 8945 4407 112
1 7054 4407 115
1 10081 4407 121
1 9135 4407 111
1 11317 4407 115
1 10567 4407 114
1 9667 4407 111
1 7554 4407 115
1 8133 4407 130
1 9809 4410 123
1 10082 4410 124
1 7691 4410 122
1 7237 4410 119
1 10568 4410 122
1 11065 4410 123
1 9241 4410 121
1 8134 4410 135
1 7692 4416 129
1 11320 4418 131
1 10156 4418 128
1 9673 4418 125
1 8946 4418 126
1 9136 4418 127
1 7055 4418 128
1 10571 4418 131
1 7555 4418 130
1 8135 4418 142
1 10085 4420 127
1 9243 4420 118
1 8136 4420 134
1 7748 4420 120
1 9003 4432 123
1 7695 4432 131
1 7239 4432 132
1 7614 4440 139
1 7073 4440 137
1 8948 4454 115
1 8140 4454 138
1 9668 4454 121
1 10154 4454 120
1 7561 4454 124
1 11318 4454 125
1 10569 4454 124
1 7056 4454 121
1 9137 4454 117
1 9775 4456 125
1 8947 4456 117
1 7693 4456 125
1 10657 4456 126
1 8949 4459 122
1 7562 4459 127
1 7057 4459 127
1 8141 4459 137
1 9138 4459 125
1 9004 4460 127
1 8252 4460 132
1 7059 4461 136
1 9817 4461 130
1 7694 4461 136
1 9187 4461 135
1 7087 4465 125
1 10983 4465 127
1 12532 4465 128
1 7556 4465 127
1 12800 4465 127
1 10655 4465 127
1 8145 4465 142
1 9670 4465 130
1 9140 4465 124
1 10083 4465 128
1 11739 4465 128
1 8952 4465 121
1 7088 4466 129
1 8310 4466 142
1 7557 4466 128
1 8143 4467 133
1 7089 4467 118
1 7558 4467 122
1 8950 4467 116
1 8951 4468 120
1 9669 4468 115
1 7074 4468 121
1 9139 4468 119
1 10155 4468 122
1 7559 4468 121
1 8144 4468 133
1 9811 4470 122
1 7240 4470 122
1 9812 4472 118
1 7241 4472 119
1 8146 4473 136
1 10656 4473 124
1 7091 4473 122
1 9671 4473 120
1 7616 4473 123
1 7242 4517 126
1 7564 4529 131
1 7075 4529 129
1 8231 4529 139
1 8227 4386 135
1 8138 4562 146
1 7617 4562 132
1 7092 4562 133
1 9810 5250 121
1 9242 5250 121
1 8139 4688 135
1 8137 4734 133
1 7560 4734 120
1 7235 4396 123
1 10281 5250 110
1 7749 5250 124
1 7238 5250 132
1 7243 4734 120
1 10078 4575 124
1 9661 4575 119
1 8940 4575 118
1 10563 4575 123
1 7548 4575 122
1 11315 4631 122
1 11738 4631 123
1 10564 4631 123
1 9131 4575 121
1 11314 4575 121
1 8126 4575 131
1 10079 4598 126
1 7550 4635 131
1 9240 4628 122
1 10279 4628 124
1 8941 4631 120
1 9662 4631 119
1 8127 4631 133
1 7549 4636 126
1 8942 4636 127
1 11316 4636 133
1 9663 4636 125
1 8129 4635 145
1 9132 4636 127
1 12711 4636 130
1 8128 4636 143
1 10565 4636 132
1 8982 4598 120
1 12482 4636 129
1 10153 4636 131
1 8296 5312 148
1 13354 4636 129
1 7684 5276 119
1 11103 5276 118
1 7685 5326 127
1 9664 5326 125
1 8943 5326 121
1 9239 5326 122
1 14074 4636 135
1 8289 5059 127
1 8290 5075 136
1 8098 5061 129
1 10077 5063 126
1 9202 5063 122
1 9002 5063 120
1 8099 5066 149
1 8210 5067 138
1 11307 5069 129
1 10650 5069 130
1 9643 5069 126
1 8211 5069 141
1 10069 5069 130
1 9125 5086 131
1 8981 5060 114
1 9767 5076 126
1 8212 5077 138
1 8213 5080 140
1 8102 5084 136
1 8929 5084 125
1 9644 5084 123
1 10148 5084 128
1 10651 5084 126
1 9124 5084 126
1 9236 5085 122
1 8103 5086 147
1 8214 5096 144
1 9126 5097 129
1 8105 5097 142
1 8932 5097 123
1 10274 5100 125
1 9646 5100 121
1 8106 5100 135
1 8292 5102 140
1 9001 5103 114
1 9772 5103 117
1 10445 5103 118
1 8107 5105 139
1 11737 5107 118
1 8939 5107 110
1 11313 5107 118
1 8100 5076 133
1 10560 5107 119
1 9657 5107 118
1 10073 5107 122
1 9130 5107 115
1 8215 5108 132
1 8109 5111 130
1 9647 5111 116
1 10652 5111 119
1 8216 5113 145
1 8293 5114 140
1 10562 5119 120
1 10070 5119 119
1 8217 5120 128
1 9649 5121 123
1 9183 5121 123
1 8110 5121 134
1 10071 5121 126
1 11308 5121 125
1 10275 5122 114
1 8111 5124 137
1 10072 5125 118
1 9650 5125 117
1 11309 5127 114
1 11734 5127 114
1 9651 5127 112
1 8218 5128 140
1 8112 5129 145
1 8113 5130 133
1 9769 5130 123
1 10653 5130 125
1 8114 5132 139
1 10558 5132 130
1 10742 5133 127
1 11857 5133 127
1 8115 5135 126
1 10559 5137 125
1 8116 5137 131
1 11735 5137 125
1 8933 5137 121
1 8108 5107 131
1 9127 5137 125
1 10150 5137 125
1 11311 5137 126
1 9185 5141 121
1 8219 5141 132
1 8934 5141 119
1 10074 5141 127
1 9658 5141 117
1 8117 5142 141
1 8251 5144 122
1 9807 5144 116
1 11063 5144 114
1 10444 5144 114
1 10276 5144 118
1 9237 5144 111
1 9653 5146 123
1 10151 5146 121
1 8220 5147 143
1 8935 5150 120
1 9128 5150 122
1 10075 5150 124
1 11312 5150 126
1 9659 5150 118
1 10561 5150 124
1 8119 5150 135
1 9808 5152 123
1 9238 5152 124
1 8294 5152 140
1 10277 5152 123
1 8221 5153 139
1 8222 5156 136
1 8223 5157 129
1 8120 5158 147
1 8122 5226 132
1 8936 5226 120
1 9184 5232 116
1 8123 5232 133
1 10743 5232 117
1 9654 5232 121
1 8124 5234 130
1 8937 5235 119
1 9129 5235 120
1 8125 5235 131
1 9655 5235 120
1 9770 5242 115
1 10744 5242 119
1 11102 5242 117
1 8226 5246 134
1 8295 5247 137
1 8938 5248 115
1 9656 5248 114
1 10152 5248 114
1 11310 5248 116
1 9645 5086 133
1 10149 5086 135
1 8930 5086 136
1 8104 5087 145
1 9182 5089 125
1 8931 5089 124
1 10076 5089 130
1 9660 5089 127
1 8291 5094 130
1 11733 5094 121
1 9768 5094 118
1 10199 5094 121
1 8224 5403 137
1 8225 5407 148
1 9652 5137 119
1 11856 5420 136
1 10982 5421 130
1 9638 5421 128
1 9181 5421 128
1 8903 5421 124
1 10145 5421 127
1 10739 5421 128
1 9227 5422 130
1 11852 5422 135
1 9803 5426 135
1 10977 5427 124
1 10058 5427 131
1 9802 5420 134
1 10548 5427 120
1 10266 5430 124
1 10738 5430 123
1 8904 5430 119
1 10741 5431 127
1 9614 5431 124
1 14182 5431 126
1 11730 5431 129
1 10271 5433 121
1 9764 5433 124
1 10734 5433 124
1 9228 5433 120
1 9633 5439 132
1 9178 5439 131
1 10644 5439 133
1 12527 5442 131
1 11288 5442 131
1 8905 5442 131
1 12706 5442 134
1 9112 5442 127
1 10049 5442 127
1 9615 5442 130
1 10542 5442 132
1 11289 5443 123
1 8906 5443 119
1 9616 5443 115
1 11723 5443 123
1 11718 5444 125
1 9113 5444 119
1 8907 5444 115
1 11295 5444 126
1 10050 5444 129
1 10549 5444 127
1 9617 5444 126
1 8908 5447 117
1 9618 5447 120
1 10735 5447 125
1 9765 5455 123
1 8980 5455 119
1 9196 5427 120
1 8997 5456 116
1 9229 5458 122
1 9755 5459 123
1 9766 5460 122
1 11290 5466 118
1 9619 5466 116
1 10139 5466 121
1 9114 5466 115
1 8909 5466 115
1 10543 5466 120
1 9230 5467 134
1 11853 5468 129
1 9756 5469 134
1 10060 5469 125
1 9231 5476 127
1 10443 5476 123
1 9115 5480 128
1 10544 5480 135
1 8927 5483 116
1 10545 5484 123
1 10730 5485 124
1 10200 5485 119
1 14191 5486 129
1 10976 5486 129
1 11725 5486 128
1 9632 5486 126
1 10270 5486 126
1 9179 5486 125
1 13351 5490 124
1 12479 5490 122
1 11296 5490 120
1 12708 5490 122
1 14564 5490 122
1 15073 5490 120
1 14072 5490 122
1 9620 5490 119
1 11721 5490 124
1 10051 5490 124
1 10550 5490 123
1 8910 5490 118
1 9180 5490 120
1 9232 5491 115
1 11717 5491 119
1 8911 5491 116
1 12531 5495 121
1 13352 5495 120
1 10064 5495 123
1 9621 5495 119
1 11304 5495 121
1 10649 5495 123
1 11729 5495 123
1 11719 5496 131
1 10737 5496 128
1 14181 5496 129
1 8912 5496 123
1 10979 5496 131
1 14563 5496 128
1 10052 5496 124
1 14073 5501 128
1 9116 5501 123
1 12709 5501 129
1 9622 5501 127
1 12480 5501 127
1 10556 5501 127
1 13353 5501 127
1 14974 5501 126
1 13409 5501 127
1 15672 5501 124
1 8913 5501 125
1 14565 5501 128
1 10066 5501 126
1 11305 5501 129
1 11731 5501 127
1 9804 5505 127
1 10272 5505 125
1 11061 5505 130
1 11855 5505 127
1 10978 5506 123
1 9757 5506 134
1 10059 5506 120
1 9639 5510 126
1 10146 5510 133
1 8914 5510 126
1 11722 5510 128
1 9122 5510 125
1 11297 5510 126
1 10552 5510 130
1 9233 5513 132
1 9758 5514 122
1 10057 5515 126
1 9197 5515 125
1 9198 5516 122
1 11291 5520 129
1 12707 5520 127
1 12478 5520 128
1 11716 5520 128
1 10053 5520 121
1 9623 5520 124
1 13350 5520 126
1 9117 5520 123
1 14071 5520 122
1 10546 5520 126
1 8915 5520 119
1 10061 5525 128
1 11726 5525 126
1 9118 5525 127
1 9642 5525 126
1 8916 5525 122
1 10555 5525 129
1 11300 5525 130
1 11292 5526 133
1 12799 5526 131
1 12528 5526 130
1 9624 5526 117
1 8917 5526 127
1 9625 5528 129
1 12710 5528 127
1 9119 5528 125
1 8918 5528 126
1 10067 5528 130
1 10557 5528 130
1 12481 5528 130
1 11732 5528 129
1 11306 5528 128
1 11303 5530 112
1 11728 5530 114
1 9626 5530 114
1 10063 5530 112
1 10740 5530 111
1 9636 5531 123
1 10647 5531 126
1 10142 5531 128
1 9120 5531 120
1 11302 5531 124
1 11727 5531 125
1 9000 5531 119
1 10147 5535 119
1 9640 5535 110
1 8919 5535 113
1 9123 5535 120
1 10553 5535 121
1 11298 5535 120
1 10442 5542 120
1 8920 5542 117
1 10054 5542 123
1 9627 5542 120
1 9635 5543 124
1 9199 5543 126
1 11294 5543 129
1 10062 5544 124
1 11299 5547 115
1 9641 5547 113
1 13570 5547 116
1 12530 5547 117
1 8921 5552 119
1 9805 5552 123
1 8928 5555 122
1 9121 5555 127
1 10551 5555 127
1 10143 5555 124
1 9637 5555 127
1 9806 5556 127
1 9234 5561 127
1 10267 5562 128
1 10731 5562 129
1 10981 5562 128
1 8922 5562 117
1 9763 5589 118
1 10733 5589 116
1 9759 5593 133
1 11854 5593 125
1 12854 5594 124
1 10268 5595 124
1 8999 5596 130
1 8998 5597 108
1 11101 5597 112
1 13459 5597 111
1 10732 5604 119
1 10141 5604 119
1 9235 5604 122
1 9762 5606 130
1 9201 5616 123
1 10056 5616 133
1 8925 5622 133
1 10645 5626 116
1 9634 5626 117
1 9200 5626 113
1 10646 5631 120
1 9631 5631 113
1 10269 5631 112
1 11062 5631 114
1 9629 5632 122
1 10643 5632 127
1 11293 5636 132
1 10547 5636 128
1 9628 5636 124
1 10140 5636 129
1 8924 5636 132
1 9761 5648 129
1 11060 5648 128
1 10273 5648 130
1 10736 5648 129
1 10648 5652 128
1 9630 5652 124
1 11301 5652 126
1 11720 5662 117
1 10055 5662 123
1 10980 5662 118
1 12529 5662 116
1 8923 5662 114
1 8926 5705 127
1 9754 5456 115
1 9174 5741 125
1 9610 5741 125
1 10975 5741 125
1 10048 5741 128
1 10729 5741 128
1 11287 5751 119
1 10138 5751 117
1 12525 5751 119
1 11715 5751 119
1 10728 5751 118
1 9752 5759 122
1 9753 5762 141
1 10136 5768 132
1 11714 5768 136
1 9611 5768 135
1 11284 5768 137
1 10540 5768 136
1 9175 5751 116
1 11285 5891 123
1 9612 5891 118
1 11064 5917 122
1 10137 6302 129
1 9111 5768 131
1 9613 6302 131
1 11286 6302 133
1 10541 6302 137
1 9740 6082 122
1 10041 6084 126
1 9743 6084 118
1 11850 6086 117
1 9799 6089 126
1 11058 6089 127
1 9744 6086 116
1 10133 6116 130
1 11273 6116 132
1 11706 6116 130
1 9745 6099 121
1 10534 6116 133
1 9593 6118 112
1 10263 6118 118
1 9592 6116 124
1 11713 6124 120
1 10042 6124 120
1 11283 6124 118
1 9594 6124 119
1 10197 6125 121
1 10724 6125 126
1 12853 6127 122
1 10047 6127 131
1 9746 6127 119
1 9748 6136 134
1 11059 6136 126
1 10725 6136 121
1 10727 6145 131
1 12524 6145 125
1 10265 6145 126
1 9595 6145 125
1 10535 6124 121
1 10198 6147 125
1 10641 6150 125
1 11274 6150 126
1 11707 6150 125
1 9596 6150 120
1 10134 6150 127
1 12477 6151 127
1 11275 6151 128
1 9597 6151 122
1 11712 6151 128
1 10043 6155 123
1 11100 6099 125
1 9749 6147 124
1 10723 6100 133
1 9591 6100 130
1 10536 6155 126
1 11279 6159 130
1 11710 6159 129
1 9599 6159 124
1 10044 6159 127
1 9601 6164 122
1 10642 6168 117
1 11278 6168 118
1 11709 6168 119
1 14562 6168 117
1 14118 6168 117
1 9602 6168 114
1 13349 6168 120
1 9606 6171 128
1 11277 6171 128
1 10537 6176 122
1 12476 6176 123
1 11282 6176 124
1 9607 6176 119
1 10726 6186 118
1 9750 6186 113
1 10045 6189 121
1 10538 6189 121
1 11280 6189 122
1 9608 6189 117
1 11711 6189 120
1 9800 6193 126
1 11851 6193 125
1 10264 6193 122
1 9751 6195 140
1 12475 6196 120
1 10135 6196 123
1 11281 6196 122
1 9609 6196 118
1 12798 6196 121
1 10539 6196 121
1 11276 6155 121
1 9598 6155 118
1 12474 6155 123
1 11708 6155 121
1 10974 6100 132
1 9801 6528 122
1 10525 6332 131
1 10032 6332 130
1 11098 6331 128
1 11699 6332 129
1 10526 6333 128
1 11262 6333 129
1 11261 6332 131
1 10720 6338 121
1 10257 6342 127
1 10634 6342 128
1 10129 6333 132
1 10194 6345 133
1 10528 6348 116
1 14561 6348 116
1 10033 6348 116
1 12470 6348 119
1 15111 6348 117
1 14069 6348 116
1 11263 6348 118
1 13347 6348 115
1 12704 6348 117
1 11700 6348 124
1 10195 6354 121
1 10527 6345 137
1 10258 6362 119
1 10635 6362 127
1 13655 6369 125
1 10259 6369 125
1 11326 6406 129
1 10034 6406 121
1 10640 6406 128
1 13348 6406 133
1 12473 6406 127
1 12797 6406 129
1 14070 6406 126
1 12523 6408 119
1 11099 6354 125
1 13569 6408 122
1 12882 6408 123
1 11701 6408 122
1 10130 6408 119
1 12796 6332 130
1 10035 6411 131
1 10529 6411 131
1 11264 6411 131
1 10036 6414 122
1 11265 6425 124
1 11057 6435 125
1 12552 6435 125
1 10721 6435 128
1 10260 6435 121
1 11266 6441 118
1 10636 6441 118
1 10037 6441 117
1 11704 6441 121
1 10530 6451 127
1 11267 6451 127
1 11702 6451 129
1 10131 6451 122
1 11849 6452 129
1 10038 6452 130
1 10637 6452 130
1 11848 6455 119
1 10722 6455 126
1 10261 6455 117
1 10638 6459 127
1 11780 6463 129
1 10531 6463 131
1 11268 6463 129
1 10039 6463 128
1 11270 6479 133
1 10040 6479 133
1 12705 6479 134
1 13568 6479 134
1 11703 6479 133
1 12472 6479 132
1 10639 6479 135
1 11781 6486 142
1 10132 6486 138
1 11271 6486 138
1 10532 6486 139
1 12471 6409 123
1 10196 6536 118
1 10533 6536 123
1 11056 6408 118
1 10262 6779 125
1 10621 6565 137
1 11679 6565 134
1 10622 6567 124
1 11233 6565 135
1 13561 6577 130
1 10623 6577 127
1 11234 6577 126
1 12788 6577 130
1 10624 6583 131
1 11235 6583 131
1 13562 6583 129
1 12516 6583 130
1 11838 6585 126
1 11695 6588 123
1 12787 6565 142
1 10626 6591 126
1 11839 6591 125
1 10712 6593 119
1 11049 6593 118
1 11840 6593 118
1 11772 6577 131
1 12458 6599 125
1 11236 6599 126
1 12698 6599 127
1 10510 6599 127
1 12522 6605 121
1 11238 6605 122
1 10625 6588 123
1 11778 6605 123
1 13458 6608 122
1 10714 6608 119
1 10970 6608 123
1 11779 6608 126
1 11773 6599 124
1 11841 6609 119
1 11050 6609 116
1 10715 6609 111
1 11239 6615 124
1 12459 6615 123
1 11680 6615 124
1 10511 6615 125
1 12699 6615 121
1 11681 6616 137
1 13406 6616 135
1 13342 6616 131
1 11240 6616 135
1 14062 6616 132
1 12460 6616 130
1 10512 6616 131
1 12700 6616 133
1 11241 6617 123
1 10513 6617 124
1 12701 6617 124
1 11682 6617 124
1 12461 6617 125
1 11242 6620 130
1 11683 6620 130
1 10627 6625 120
1 11243 6625 120
1 11698 6625 118
1 12792 6625 120
1 12468 6625 121
1 14063 6625 120
1 10514 6633 129
1 11244 6633 126
1 15671 6644 126
1 11245 6644 126
1 10713 6605 126
1 12469 6644 125
1 15110 6644 126
1 14064 6644 127
1 10628 6644 126
1 14558 6644 127
1 12702 6608 124
1 12793 6644 127
1 11685 6646 119
1 10629 6646 119
1 11051 6646 117
1 13456 6654 117
1 10971 6654 118
1 14117 6654 120
1 16032 6663 125
1 11696 6663 124
1 11246 6663 124
1 14114 6663 123
1 11052 6666 120
1 10716 6666 121
1 11053 6674 116
1 10717 6674 117
1 11842 6675 128
1 14066 6678 122
1 12463 6678 120
1 11247 6678 123
1 14559 6679 124
1 15072 6679 119
1 11686 6679 125
1 11248 6679 124
1 12464 6679 124
1 12794 6679 125
1 10515 6679 125
1 13345 6679 123
1 14065 6679 124
1 13407 6679 123
1 12517 6680 122
1 10972 6680 124
1 11774 6680 123
1 10718 6680 119
1 10516 6682 125
1 12466 6682 127
1 11260 6682 128
1 13346 6682 125
1 14067 6682 127
1 12703 6682 127
1 11694 6682 127
1 14115 6683 127
1 11249 6683 127
1 11687 6683 126
1 13344 6683 124
1 15727 6685 116
1 13563 6688 117
1 14180 6688 115
1 10440 6689 129
1 10630 6690 118
1 12518 6690 118
1 15124 6690 117
1 13564 6690 118
1 11250 6690 121
1 13502 6691 125
1 11843 6691 125
1 11097 6691 125
1 12881 6691 127
1 11844 6692 112
1 11251 6694 126
1 10517 6694 123
1 11775 6694 125
1 10518 6695 117
1 10519 6697 121
1 10441 6701 121
1 11845 6713 120
1 11252 6715 124
1 11846 6717 121
1 11688 6718 127
1 11253 6718 131
1 10520 6718 129
1 11254 6719 129
1 10521 6719 128
1 11689 6719 127
1 12789 6721 137
1 13565 6721 136
1 11255 6721 136
1 12519 6721 137
1 11690 6721 136
1 10631 6721 137
1 11256 6722 130
1 10522 6722 128
1 13566 6722 130
1 12790 6722 132
1 11691 6722 130
1 12791 6723 120
1 11697 6723 119
1 11257 6723 117
1 12520 6723 117
1 10632 6723 119
1 14068 6724 123
1 11258 6724 124
1 12795 6724 124
1 11692 6724 125
1 12465 6724 125
1 10523 6724 123
1 12521 6725 129
1 11259 6725 127
1 10633 6725 130
1 13408 6726 127
1 13343 6726 125
1 10973 6726 124
1 10524 6726 127
1 11054 6729 137
1 11693 6730 122
1 10719 6730 122
1 11777 6770 123
1 14116 6770 121
1 13457 6770 123
1 12852 6776 126
1 11055 6776 126
1 11847 6776 127
1 14560 6777 126
1 13567 6777 127
1 12851 6777 129
1 16018 6644 125
1 11684 6644 124
1 15145 6827 123
1 14113 6827 126
1 13338 6827 126
1 10966 6827 123
1 14640 6827 144
1 12844 6827 124
1 11828 6829 129
1 11092 6831 123
1 13556 6831 123
1 11837 6831 122
1 12848 6831 121
1 13550 6833 117
1 11829 6833 120
1 11764 6834 131
1 12696 6834 131
1 11198 6834 132
1 12513 6834 130
1 13551 6837 127
1 11039 6838 127
1 11093 6841 121
1 14111 6851 124
1 13402 6851 123
1 13329 6851 122
1 12549 6857 119
1 12845 6857 119
1 11656 6859 130
1 11040 6860 129
1 12847 6860 123
1 13559 6866 127
1 14179 6866 128
1 12850 6866 126
1 14639 6866 132
1 11094 6866 128
1 11830 6866 126
1 11831 6867 126
1 11657 6868 132
1 11199 6868 129
1 11200 6869 123
1 12777 6869 125
1 12505 6869 126
1 11658 6869 126
1 13552 6869 126
1 11832 6874 116
1 12846 6874 113
1 13553 6874 116
1 11833 6884 134
1 11201 6886 130
1 11659 6886 130
1 11041 6888 126
1 11042 6892 125
1 14671 6892 136
1 11660 6898 124
1 11202 6898 122
1 10967 6900 121
1 12849 6900 121
1 13455 6900 121
1 11043 6907 128
1 11661 6909 117
1 11203 6909 119
1 11204 6910 124
1 11662 6910 122
1 12550 6911 125
1 12879 6911 126
1 11205 6915 125
1 10968 6916 121
1 12693 6916 123
1 11676 6916 122
1 11834 6920 129
1 14552 6927 125
1 13333 6927 123
1 12455 6927 121
1 11206 6927 125
1 11663 6927 124
1 11664 6928 120
1 11207 6928 120
1 13403 6929 117
1 14055 6929 118
1 11208 6929 116
1 12781 6929 118
1 13334 6929 118
1 11665 6929 117
1 12456 6929 117
1 11666 6930 123
1 12447 6930 123
1 11209 6930 123
1 13452 6930 124
1 12691 6930 123
1 14548 6930 123
1 15070 6930 123
1 14051 6930 124
1 11044 6933 132
1 11765 6935 127
1 11210 6935 126
1 11766 6936 118
1 11211 6936 115
1 13330 6936 118
1 12506 6936 117
1 14112 6937 118
1 12695 6937 120
1 14551 6937 120
1 15109 6937 121
1 13336 6937 122
1 11213 6937 119
1 11667 6937 122
1 14557 6938 126
1 14060 6938 125
1 12785 6938 126
1 11214 6938 125
1 12448 6938 125
1 11668 6938 127
1 15123 6938 127
1 13453 6939 123
1 11767 6939 125
1 12507 6939 124
1 11215 6943 122
1 13555 6943 122
1 15611 6943 120
1 12880 6943 123
1 14588 6945 138
1 13341 6945 130
1 11217 6945 127
1 15686 6945 124
1 12784 6945 125
1 12449 6945 125
1 14059 6945 125
1 13404 6827 125
1 12450 6948 121
1 12783 6948 124
1 13340 6948 121
1 14058 6948 121
1 11669 6948 122
1 11218 6948 122
1 14555 6957 128
1 16066 6957 127
1 12515 6957 126
1 11768 6957 125
1 13337 6957 130
1 11219 6957 125
1 11220 6958 129
1 12452 6958 129
1 14054 6958 127
1 11835 6962 118
1 15219 6962 118
1 14549 6967 128
1 11670 6967 127
1 15108 6967 128
1 12508 6967 126
1 10969 6967 127
1 16031 6967 128
1 13331 6967 128
1 12778 6967 129
1 11671 6969 125
1 16017 6969 126
1 13335 6969 119
1 12457 6969 127
1 14056 6969 125
1 14553 6969 126
1 12694 6969 128
1 15670 6969 126
1 11221 6969 127
1 15071 6969 122
1 11675 6971 112
1 11222 6971 112
1 11224 6972 125
1 11672 6972 125
1 13500 6979 123
1 12551 6979 125
1 11836 6979 124
1 11045 6979 123
1 11095 6981 134
1 11225 6982 121
1 14554 6982 119
1 13557 6982 119
1 11769 6982 120
1 15039 6982 120
1 12453 6986 128
1 13339 6986 130
1 12782 6986 129
1 14057 6986 126
1 12697 6990 122
1 15612 6990 123
1 11226 6990 122
1 12509 6990 121
1 13560 6990 121
1 11046 7039 131
1 11673 7043 120
1 11227 7043 123
1 13454 7043 122
1 14053 7043 121
1 12692 7043 121
1 12451 7043 120
1 14550 7043 123
1 12510 7045 130
1 11770 7045 131
1 11228 7045 133
1 13558 7046 120
1 11677 7046 117
1 11229 7048 136
1 13554 7050 127
1 11674 7050 124
1 11230 7050 121
1 12779 7050 127
1 11231 7051 120
1 12786 7051 121
1 12454 7051 120
1 14178 7053 123
1 15246 7053 121
1 12884 7055 127
1 15178 7055 128
1 11096 7056 123
1 14638 7056 124
1 15175 7056 126
1 13501 7063 124
1 15245 7063 124
1 11048 7063 125
1 13332 7095 144
1 11771 7095 142
1 11232 7095 142
1 12511 7095 140
1 13405 6948 122
1 14052 8997 126
1 13397 7108 121
1 14173 7109 130
1 14107 7108 118
1 13398 7112 132
1 11818 7115 128
1 13321 7112 135
1 13544 7118 126
1 14139 7115 128
1 11820 7125 136
1 14140 7131 128
1 15192 7131 130
1 15609 7133 126
1 13320 7108 118
1 15037 7133 120
1 13549 7133 127
1 11636 7134 125
1 12436 7134 126
1 12682 7134 130
1 12546 7118 127
1 11759 7140 122
1 13449 7142 122
1 15610 7142 123
1 12547 7142 121
1 15038 7142 125
1 14669 7143 124
1 12878 7133 127
1 13547 7144 122
1 12502 7144 120
1 15036 7144 120
1 11637 7156 134
1 11638 7157 125
1 11821 7137 130
1 12772 7157 127
1 15693 7157 128
1 13322 7157 126
1 14045 7157 126
1 11760 7158 132
1 14637 7159 122
1 12690 7159 124
1 13451 7159 123
1 12548 7159 121
1 13324 7163 122
1 14108 7163 123
1 11649 7163 124
1 16078 7163 125
1 13325 7172 120
1 13399 7172 120
1 11819 7124 122
1 14544 7172 121
1 14048 7172 119
1 12442 7172 119
1 11650 7172 121
1 12686 7173 139
1 12443 7173 134
1 11651 7173 136
1 12681 7185 124
1 15668 7185 125
1 12434 7185 124
1 14543 7185 124
1 11826 7193 124
1 13328 7194 120
1 12773 7194 118
1 11639 7194 118
1 14110 7194 117
1 14546 7194 119
1 11640 7198 126
1 12438 7198 126
1 12683 7198 126
1 11761 7199 136
1 11641 7201 110
1 12503 7201 108
1 12437 7157 126
1 12439 7205 126
1 11642 7205 130
1 16016 7205 126
1 14046 7205 123
1 12774 7205 126
1 15669 7205 123
1 15069 7205 126
1 11643 7206 127
1 12440 7206 129
1 14174 7206 129
1 11644 7209 128
1 11762 7213 127
1 12775 7213 128
1 16139 7213 127
1 13548 7213 127
1 15608 7213 127
1 14175 7215 118
1 11645 7215 119
1 11763 7216 124
1 12504 7216 129
1 13323 7216 125
1 11822 7223 127
1 14670 7227 121
1 11823 7227 119
1 14635 7228 122
1 12684 7230 126
1 14973 7230 124
1 13401 7230 125
1 13327 7230 128
1 12441 7230 123
1 14050 7230 125
1 11646 7230 122
1 14545 7230 124
1 12771 7232 135
1 12435 7232 129
1 16140 7241 126
1 11647 7241 128
1 14047 7241 124
1 11824 7245 123
1 13497 7202 121
1 15142 7252 116
1 14109 7252 120
1 13400 7252 119
1 13326 7252 118
1 12776 7256 132
1 12444 7256 134
1 11827 7257 121
1 12843 7257 119
1 11652 7260 128
1 12445 7261 126
1 11653 7261 128
1 12688 7261 127
1 14177 7262 122
1 14547 7262 122
1 11654 7262 123
1 12446 7267 123
1 14049 7267 121
1 12687 7267 121
1 11655 7267 121
1 14636 7336 127
1 11825 7339 136
1 13545 7143 122
1 15174 7700 131
1 15173 7698 121
1 13498 7698 119
1 13499 7700 132
1 14176 7245 123
1 12685 7172 121
1 12424 7454 119
1 16015 7454 117
1 15068 7454 118
1 12544 7455 122
1 15607 7458 125
1 13540 7458 124
1 14541 7454 118
1 13542 7459 115
1 14042 7454 120
1 15667 7454 118
1 12680 7454 116
1 13317 7454 118
1 16326 7454 117
1 14041 7472 124
1 13395 7476 126
1 12769 7476 130
1 15035 7458 120
1 14043 7476 126
1 13318 7476 129
1 14542 7476 127
1 12501 7482 132
1 12877 7485 126
1 13543 7485 125
1 13447 7486 121
1 15034 7486 123
1 15949 7486 121
1 12766 7486 120
1 14534 7486 122
1 15606 7486 120
1 12426 7476 128
1 13311 7492 131
1 13396 7492 131
1 12675 7492 132
1 15663 7542 122
1 12428 7542 123
1 15106 7542 121
1 13448 7542 124
1 14036 7542 122
1 12676 7542 122
1 14536 7542 126
1 16012 7542 124
1 13391 7560 122
1 15664 7560 124
1 13312 7560 124
1 14037 7560 122
1 12677 7560 123
1 15066 7560 121
1 14537 7560 125
1 12765 7459 115
1 15107 7472 124
1 12425 7472 124
1 14540 7472 123
1 12768 7472 122
1 14044 7565 133
1 12430 7565 132
1 13392 7574 115
1 14039 7574 118
1 14538 7574 117
1 12678 7574 115
1 12432 7574 117
1 15067 7574 115
1 15665 7574 119
1 13314 7574 123
1 12431 7575 120
1 12767 7575 120
1 14883 7575 110
1 14038 7575 120
1 13313 7575 120
1 12433 7576 121
1 14972 7576 124
1 12679 7576 121
1 14040 7576 120
1 15666 7576 122
1 16014 7576 119
1 13393 7576 121
1 14539 7576 109
1 13316 7576 122
1 15726 7587 121
1 16388 7587 126
1 15143 7587 124
1 12545 7590 124
1 14172 7593 119
1 13541 7593 119
1 12842 7593 119
1 15144 7596 117
1 13495 7687 120
1 13496 7692 128
1 14634 7692 127
1 16013 7560 124
1 12429 7560 125
1 13319 7565 131
1 13394 7565 133
1 12770 7565 132
1 12427 7492 128
1 13315 8467 135
1 12500 8467 130
1 15950 7458 124
1 12762 8240 124
1 12763 8258 120
1 15685 8258 121
1 13308 8258 118
1 15105 8240 124
1 14033 8258 121
1 14586 8265 122
1 14529 8304 132
1 14028 8304 130
1 14035 8312 123
1 14034 8240 122
1 14533 8240 122
1 15692 8327 120
1 14531 8258 119
1 14032 8327 119
1 16065 8327 119
1 13310 8327 118
1 13390 8258 121
1 14171 8358 122
1 12827 8358 122
1 14667 8358 128
1 12764 8362 125
1 14029 8365 111
1 14633 8312 125
1 13494 8312 123
1 13446 8506 129
1 12828 8506 130
1 15761 8506 131
1 15209 8358 123
1 14030 8508 131
1 12674 8508 130
1 16064 8508 131
1 13309 8508 130
1 14530 8508 133
1 13389 8508 131
1 14587 8510 117
1 14031 8974 123
1 14668 8992 127
1 12673 8327 120
1 14106 8506 132
1 13539 8974 124
1 14168 8714 121
1 13437 8714 119
1 14582 8715 128
1 14100 8716 123
1 13490 8717 128
1 14630 8718 135
1 14663 8720 121
1 15208 8714 120
1 14511 8710 125
1 13489 8710 127
1 14629 8712 125
1 14631 8725 126
1 15217 8725 120
1 15029 8729 116
1 13536 8729 124
1 16426 8729 123
1 13441 8716 124
1 15604 8729 126
1 15659 8730 116
1 16338 8730 118
1 14015 8730 117
1 13294 8730 117
1 14513 8730 115
1 15061 8730 115
1 16007 8730 114
1 15218 8731 123
1 16062 8731 123
1 14169 8731 125
1 14514 8731 123
1 14512 8729 122
1 15030 8733 123
1 14016 8733 127
1 14101 8734 121
1 13295 8734 123
1 14516 8734 121
1 13491 8735 126
1 14517 8735 127
1 16063 8735 129
1 16138 8744 116
1 15031 8744 119
1 15603 8744 115
1 13442 8744 115
1 15207 8749 122
1 14632 8749 133
1 15759 8749 121
1 14017 8750 130
1 14518 8750 140
1 16146 8756 124
1 14664 8756 124
1 15605 8758 116
1 13443 8758 114
1 15063 8758 114
1 14102 8758 117
1 16011 8758 115
1 14583 8758 119
1 14665 8759 124
1 13537 8760 128
1 14103 8760 128
1 15244 8762 118
1 14170 8762 109
1 13538 8762 118
1 15760 8766 125
1 14515 8733 127
1 16009 8780 127
1 14020 8780 125
1 13297 8780 127
1 14522 8780 127
1 16337 8780 128
1 15661 8780 128
1 15064 8780 123
1 14523 8782 133
1 13298 8782 131
1 14021 8782 132
1 13384 8782 131
1 14524 8783 128
1 14022 8783 128
1 15171 8787 115
1 13493 8787 115
1 14023 8790 124
1 15682 8790 125
1 13300 8790 121
1 14584 8790 128
1 13386 8790 123
1 13301 8794 132
1 14585 8794 133
1 15684 8794 129
1 13387 8794 131
1 14024 8794 130
1 13302 8798 128
1 14027 8798 129
1 15683 8798 128
1 15033 8800 125
1 13444 8800 123
1 15172 8804 116
1 14138 8804 118
1 14666 8805 125
1 16077 8807 125
1 13492 8766 127
1 14528 8807 126
1 13303 8807 124
1 14104 8809 123
1 13445 8809 124
1 14525 8811 119
1 13304 8811 119
1 15065 8811 115
1 16010 8811 118
1 16336 8811 119
1 15662 8811 121
1 14025 8811 119
1 13305 8812 126
1 14105 8812 127
1 14526 8812 125
1 13306 8965 111
1 14026 8965 111
1 14527 8965 110
1 15028 8721 116
1 15621 8721 116
1 13535 8721 114
1 14014 8724 127
1 13307 9239 123
1 15104 8807 125
1 14184 10753 124
1 14674 10753 126
1 13388 9239 124
1 15758 9016 133
1 15100 9022 136
1 15242 9016 130
1 15658 9023 118
1 14502 9023 119
1 14969 9023 115
1 16004 9023 119
1 14628 9029 129
1 16061 9012 128
1 14098 9029 121
1 14503 9030 121
1 15027 9030 120
1 15600 9030 122
1 16096 9022 132
1 14009 9036 123
1 14508 9036 126
1 15948 9060 127
1 14008 9023 118
1 16330 9023 119
1 15601 9060 128
1 16060 9063 135
1 15757 9029 121
1 14010 9063 129
1 15026 9074 120
1 14509 9074 125
1 14099 9074 125
1 16006 9074 126
1 15602 9075 120
1 15060 9075 120
1 14135 9083 121
1 14618 9083 123
1 15943 9083 120
1 15947 9086 126
1 14971 9086 125
1 14504 9063 128
1 14501 9012 132
1 16145 9093 119
1 15206 9093 120
1 14661 9093 123
1 14619 9110 127
1 16108 9110 128
1 15944 9119 128
1 14136 9119 120
1 14620 9119 129
1 15170 9125 131
1 14011 9126 134
1 16095 9139 136
1 15101 9139 136
1 14505 9146 128
1 14581 9165 122
1 15025 9165 127
1 16005 9165 125
1 15597 9165 124
1 15103 9036 126
1 14621 9166 137
1 15945 9169 119
1 14622 9169 118
1 14137 9169 118
1 14013 9206 130
1 14507 9207 120
1 14012 9207 122
1 16093 9207 119
1 15599 9207 120
1 15243 9208 128
1 14623 9208 131
1 14166 9211 121
1 16462 9211 122
1 14167 9212 128
1 14662 9212 126
1 15756 9213 121
1 14625 9214 129
1 15205 9214 131
1 16097 9216 118
1 15620 9216 119
1 14165 9086 125
1 14510 9086 126
1 14624 9244 127
1 16107 9244 129
1 15946 9246 127
1 14970 9246 122
1 15598 9246 127
1 14506 9247 133
1 16144 9257 124
1 16421 11806 116
1 15732 11806 115
1 15024 9060 126
1 16423 9060 127
1 15102 10125 135
1 16094 10125 132
1 16109 10126 137
1 14626 10126 141
1 16110 10131 134
1 14627 10131 140
1 16106 9166 134
1 14492 9778 133
1 15941 9784 120
1 14614 9784 121
1 15241 9793 129
1 15725 9759 125
1 14578 9764 114
1 15216 9768 117
1 14489 9769 117
1 16424 9769 123
1 16076 9769 118
1 15098 9769 117
1 14490 9775 128
1 15655 9805 122
1 16121 9805 120
1 14496 9809 129
1 15724 9817 111
1 16440 9817 119
1 16122 9817 114
1 16104 9819 135
1 14493 9795 124
1 15023 9797 116
1 14494 9797 117
1 14495 9800 123
1 15117 9800 131
1 14579 9805 119
1 14498 9827 123
1 16331 9827 124
1 16002 9827 123
1 15059 9827 120
1 14968 9757 121
1 15010 9759 126
1 14616 9833 131
1 15754 9833 128
1 15236 9834 122
1 15022 9836 124
1 15596 9836 125
1 15238 9838 127
1 14499 9839 126
1 14500 9840 123
1 15595 9841 121
1 15942 9841 122
1 14659 9843 126
1 15239 9843 120
1 15755 9843 117
1 16059 9795 125
1 15679 9795 124
1 14660 9849 122
1 15753 9866 128
1 16105 9866 134
1 15240 9866 130
1 14617 9866 128
1 15169 9871 123
1 15680 9897 130
1 16057 9897 130
1 15122 9897 131
1 14580 9897 130
1 16058 9904 119
1 15099 9904 118
1 15681 9904 121
1 14615 9819 140
1 15058 9822 116
1 16332 9822 120
1 14497 9822 119
1 15656 9822 116
1 16003 9822 119
1 15657 9827 123
1 15204 9833 132
1 15116 9775 133
1 15168 9845 122
1 15184 9849 121
1 15653 10180 115
1 15723 10191 134
1 15588 10190 125
1 15057 10180 116
1 14965 10202 135
1 15015 10205 124
1 15654 10220 123
1 16333 10220 122
1 15097 10220 124
1 15999 10220 123
1 16001 10180 114
1 15589 10231 114
1 15938 10237 124
1 15590 10237 123
1 15017 10237 120
1 15191 10191 132
1 16054 10202 138
1 15593 10255 121
1 15939 10255 121
1 15021 10255 126
1 14966 10258 128
1 16055 10258 133
1 16469 10258 134
1 15233 10289 123
1 16092 10293 122
1 15594 10293 126
1 15018 10293 119
1 15619 10296 127
1 16056 10303 135
1 15121 10303 134
1 15678 10303 134
1 15166 10307 133
1 16075 10345 125
1 16120 10347 122
1 15722 10347 119
1 15009 10347 122
1 16392 10347 123
1 15234 10348 118
1 15167 10349 117
1 15752 10351 126
1 15235 10351 123
1 16137 10351 126
1 16490 10351 123
1 16334 10438 124
1 14967 10438 118
1 16000 10438 125
1 15652 10438 124
1 15019 10443 118
1 16425 10443 116
1 15591 10443 116
1 15016 10231 116
1 15020 10243 122
1 15592 10243 126
1 15721 11075 122
1 15940 10190 125
1 15014 10190 123
1 15141 11075 122
1 15646 10515 127
1 15647 10525 120
1 15718 10530 119
1 16027 10518 122
1 15562 10549 117
1 15937 10552 127
1 15618 10552 127
1 16422 10549 119
1 15648 10567 120
1 16329 10567 123
1 16050 10525 120
1 15995 10567 121
1 15649 10586 128
1 16051 10586 127
1 15650 10594 124
1 15996 10594 125
1 16327 10594 127
1 16103 10603 123
1 16437 10613 127
1 15749 10613 123
1 16119 10618 120
1 15997 10622 127
1 15676 10622 125
1 15563 10575 131
1 16102 10575 130
1 16052 10628 117
1 15677 10628 118
1 15564 10630 126
1 16028 10630 125
1 15750 10632 126
1 16438 10632 127
1 16135 10642 122
1 16029 10647 127
1 15751 10647 125
1 16461 10659 125
1 16053 10659 130
1 16030 10661 125
1 15565 10661 121
1 16328 10527 122
1 15936 10527 123
1 15561 10527 121
1 15717 10529 127
1 16147 11092 134
1 16136 11107 134
1 15719 11386 124
1 16439 11386 130
1 15651 10626 127
1 15998 10626 123
1 16389 11202 124
1 16026 11384 122
1 16390 11804 118
1 16460 11563 114
1 16412 11568 126
1 16413 11602 133
1 16446 11606 121
1 16363 11571 127
1 16445 11619 115
1 16364 11620 125
1 16416 11621 123
1 16436 11608 127
1 16435 11508 115
1 16411 11563 117
1 16375 11825 136
1 16415 11575 114
