1 1963 122
1 2064 122
1 2066 114
1 2067 112
1 2069 123
1 2076 120
1 2071 126
1 2072 126
1 2073 121
1 2074 121
1 2099 112
1 2108 112
1 2110 105
1 2126 123
1 2159 112
1 2169 111
1 2172 117
1 2173 120
1 2098 122
1 2174 118
1 2368 112
1 2369 109
1 2359 104
1 2362 118
1 2376 109
1 2377 122
1 2374 116
1 2375 124
1 2354 118
1 2356 119
1 2358 125
1 2285 118
1 2287 115
1 2293 112
1 2294 116
1 2299 100
1 2300 126
1 2301 123
1 2302 116
1 2378 115
1 2379 125
1 2279 115
1 2281 123
1 2282 112
1 2315 120
1 2323 116
1 2327 111
1 2339 122
1 2340 116
1 2342 114
1 2343 120
1 2344 129
1 2349 110
1 2350 122
1 2351 108
1 2223 109
1 2248 121
1 2250 113
1 2252 126
1 2254 133
1 2255 119
1 2259 130
1 2262 119
1 2263 124
1 2265 112
1 2267 105
1 2269 118
1 2274 131
1 2308 113
1 2310 121
1 2311 124
1 2314 121
1 2305 131
1 2303 130
1 2416 108
1 2417 118
1 2414 112
1 2422 115
1 2424 116
1 2420 110
1 2421 108
1 2393 115
1 2406 110
1 2408 96
1 2409 117
1 2437 95
1 2440 115
1 2441 110
1 2442 107
1 2444 124
1 2446 104
1 2447 121
1 2448 110
1 2449 114
1 2450 109
1 2451 112
1 2452 108
1 2455 104
1 2456 120
1 2457 113
1 2459 124
1 2460 113
1 2461 110
1 2462 107
1 2464 111
1 2466 105
1 2467 108
1 2468 113
1 2469 111
1 2470 100
1 2471 110
1 2472 117
1 2473 111
1 2479 116
1 2480 118
1 2481 112
1 2483 112
1 2484 116
1 2485 122
1 2426 107
1 2431 113
1 2432 117
1 2434 105
1 2435 130
1 2436 98
1 2495 104
1 2496 112
1 2497 112
1 2498 124
1 2502 103
1 2504 118
1 2505 110
1 2508 114
1 2509 115
1 2510 99
1 2516 118
1 2517 120
1 2519 117
1 2520 119
1 2521 114
1 2522 106
1 2523 113
1 2525 117
1 2526 106
1 2527 95
1 2530 91
1 2534 110
1 2539 108
1 2540 126
1 2544 114
1 2545 116
1 2569 119
1 2571 115
1 2572 118
1 2487 123
1 2488 110
1 2489 112
1 2490 107
1 2494 119
1 2675 111
1 2677 109
1 2671 107
1 2620 113
1 2621 105
1 2623 100
1 2624 100
1 2629 100
1 2631 106
1 2632 107
1 2633 114
1 2634 118
1 2635 115
1 2637 119
1 2638 110
1 2642 107
1 2643 118
1 2644 112
1 2645 114
1 2649 112
1 2650 118
1 2654 119
1 2655 129
1 2657 116
1 2658 111
1 2660 122
1 2661 121
1 2662 114
1 2663 107
1 2664 94
1 2667 110
1 2668 113
1 2669 112
1 2670 116
1 2602 108
1 2605 111
1 2606 113
1 2607 108
1 2678 113
1 2679 110
1 2682 99
1 2683 107
1 2685 109
1 2688 107
1 2695 91
1 2696 101
1 2697 102
1 2698 115
1 2699 106
1 2700 108
1 2706 114
1 2707 119
1 2608 109
1 2613 110
1 2614 120
1 2616 114
1 2617 105
1 2618 117
1 2802 113
1 2803 116
1 2804 115
1 2805 110
1 2806 112
1 2807 116
1 2808 110
1 2787 112
1 2794 119
1 2795 122
1 2796 121
1 2799 101
1 2801 131
1 2823 102
1 2824 101
1 2829 121
1 2830 113
1 2833 119
1 2834 110
1 2841 120
1 2809 118
1 2811 121
1 2812 116
1 2817 125
1 2818 127
1 2822 126
1 2922 118
1 2926 116
1 2928 121
1 2932 120
1 2933 122
1 2935 134
1 2937 110
1 2938 100
1 2939 88
1 2941 118
1 2943 100
1 2945 118
1 2962 123
1 2963 117
1 2964 116
1 2869 110
1 2870 100
1 2871 116
1 2873 110
1 2875 103
1 2881 113
1 2882 113
1 2885 118
1 2887 108
1 2888 110
1 2893 112
1 2894 110
1 2898 112
1 2899 114
1 2906 122
1 2909 119
1 2910 122
1 2911 122
1 2912 111
1 2913 115
1 2842 127
1 2846 115
1 2848 120
1 2849 116
1 2850 138
1 2851 125
1 2852 102
1 2853 114
1 2854 110
1 2855 114
1 2857 117
1 2858 127
1 2861 120
1 2863 123
1 2864 118
1 2866 109
1 2867 114
1 2868 118
1 2920 114
1 2915 116
1 2916 106
1 2917 110
1 2914 117
1 2919 104
1 3025 111
1 3199 105
1 3202 114
1 3198 107
1 3214 117
1 3215 108
1 3203 113
1 3208 117
1 3229 116
1 3230 122
1 3231 109
1 3232 101
1 3238 119
1 3239 112
1 3240 115
1 3220 111
1 3221 114
1 3222 107
1 3224 108
1 3225 121
1 3226 110
1 3250 117
1 3251 107
1 3252 101
1 3253 102
1 3255 113
1 3256 115
1 3258 111
1 3259 120
1 3260 111
1 3262 101
1 3265 102
1 3266 99
1 3267 103
1 3268 113
1 3269 103
1 3270 120
1 3272 109
1 3275 105
1 3276 98
1 3277 99
1 3278 106
1 3280 116
1 3282 111
1 3283 114
1 3284 105
1 3286 118
1 3287 109
1 3288 111
1 3289 109
1 3291 115
1 3292 109
1 3293 117
1 3294 123
1 3296 117
1 3241 107
1 3242 103
1 3243 105
1 3245 112
1 3248 115
1 3249 106
1 3297 106
1 3298 109
1 3477 124
1 3481 97
1 3482 119
1 3478 120
1 3480 128
1 3487 98
1 3490 130
1 3486 126
1 3493 118
1 3494 99
1 3496 122
1 3498 121
1 3499 122
1 3500 122
1 3501 139
1 3502 116
1 3503 115
1 3504 126
1 3491 121
1 3492 120
1 3509 135
1 3511 100
1 3514 121
1 3515 104
1 3517 120
1 3518 97
1 3519 108
1 3522 125
1 3523 102
1 3506 96
1 3507 121
1 3529 114
1 3532 123
1 3533 123
1 3535 111
1 3536 116
1 3540 114
1 3541 121
1 3543 122
1 3544 121
1 3545 127
1 3547 95
1 3548 123
1 3551 129
1 3552 118
1 3553 112
1 3572 122
1 3574 134
1 3580 100
1 3581 132
1 3588 132
1 3439 121
1 3441 123
1 3445 108
1 3448 111
1 3455 130
1 3458 121
1 3459 122
1 3460 113
1 3461 103
1 3462 125
1 3464 120
1 3465 100
1 3466 118
1 3467 118
1 3468 129
1 3469 119
1 3470 126
1 3525 115
1 3527 127
1 3398 132
1 3399 106
1 3400 104
1 3401 125
1 3403 123
1 3409 110
1 3410 117
1 3411 120
1 3418 113
1 3419 128
1 3420 107
1 3423 126
1 3424 126
1 3425 122
1 3426 118
1 3428 123
1 3429 128
1 3430 125
1 3434 116
1 3438 122
1 3474 110
1 3471 119
1 3472 121
1 3473 128
1 3475 131
1 3476 117
1 3635 112
1 3642 121
1 3645 113
1 3637 106
1 3641 116
1 3666 93
1 3667 106
1 3669 105
1 3670 112
1 3671 115
1 3674 99
1 3675 103
1 3647 114
1 3654 108
1 3661 111
1 3662 105
1 3664 114
1 3760 109
1 3762 103
1 3765 103
1 3767 109
1 3768 124
1 3769 116
1 3770 119
1 3772 115
1 3773 109
1 3774 131
1 3778 94
1 3779 93
1 3780 99
1 3786 118
1 3787 110
1 3788 103
1 3789 115
1 3793 106
1 3794 122
1 3800 107
1 3801 106
1 3809 118
1 3810 110
1 3811 113
1 3812 90
1 3813 106
1 3814 122
1 3816 112
1 3818 127
1 3744 114
1 3745 103
1 3746 118
1 3681 114
1 3683 117
1 3684 120
1 3685 114
1 3686 103
1 3687 106
1 3690 112
1 3692 102
1 3693 112
1 3695 113
1 3700 122
1 3701 122
1 3704 122
1 3710 113
1 3711 113
1 3712 106
1 3713 95
1 3714 108
1 3717 116
1 3718 125
1 3720 96
1 3721 109
1 3724 108
1 3726 114
1 3727 114
1 3728 106
1 3729 125
1 3733 115
1 3736 111
1 3737 116
1 3738 114
1 3739 101
1 3740 105
1 3741 104
1 3742 100
1 3743 118
1 3749 122
1 3750 111
1 3756 109
1 3747 121
1 3758 111
1 3757 115
1 3880 102
1 3878 96
1 3894 97
1 3895 102
1 3896 114
1 3898 105
1 3901 113
1 3902 101
1 3903 113
1 3907 108
1 3908 113
1 3909 108
1 3910 103
1 3911 103
1 3913 113
1 3914 110
1 3915 92
1 3916 88
1 3917 96
1 3918 91
1 3920 98
1 3921 101
1 3924 105
1 3925 94
1 3926 96
1 3927 96
1 3928 110
1 3929 104
1 3931 95
1 3932 101
1 3933 100
1 3936 105
1 3937 102
1 3938 101
1 3939 100
1 3940 107
1 3881 105
1 3887 108
1 3889 108
1 3891 106
1 3892 102
1 3893 111
1 4043 110
1 4044 107
1 4045 103
1 4050 114
1 4051 104
1 4053 103
1 4054 102
1 4057 105
1 4061 95
1 4062 108
1 4064 110
1 4071 89
1 4074 118
1 3973 96
1 3974 111
1 3976 105
1 3977 94
1 3980 109
1 3987 102
1 3988 106
1 3989 106
1 3990 102
1 3994 116
1 3999 108
1 4000 109
1 4001 103
1 4002 102
1 4003 99
1 4004 105
1 4010 116
1 4013 113
1 4015 110
1 4020 103
1 4021 106
1 4024 108
1 3941 102
1 3942 98
1 3943 104
1 3944 118
1 3945 93
1 3946 109
1 3949 114
1 3950 111
1 3951 103
1 3953 90
1 3962 110
1 3965 95
1 3968 104
1 3971 118
1 3972 99
1 4040 120
1 4041 112
1 4042 112
1 4032 109
1 4035 104
1 4031 104
1 4159 112
1 4155 109
1 4158 109
1 4167 111
1 4161 108
1 4164 116
1 4166 111
1 4150 118
1 4151 107
1 4153 111
1 4179 110
1 4183 109
1 4185 115
1 4188 115
1 4189 112
1 4190 114
1 4191 110
1 4168 113
1 4170 116
1 4172 109
1 4173 118
1 4174 119
1 4176 116
1 4202 111
1 4205 101
1 4206 104
1 4207 104
1 4208 110
1 4209 115
1 4210 118
1 4211 118
1 4212 117
1 4213 108
1 4215 103
1 4216 110
1 4217 116
1 4218 119
1 4222 111
1 4223 102
1 4224 107
1 4225 105
1 4226 121
1 4227 103
1 4229 120
1 4230 112
1 4231 112
1 4232 108
1 4233 107
1 4234 105
1 4235 115
1 4236 109
1 4237 120
1 4239 111
1 4240 109
1 4241 109
1 4243 110
1 4193 113
1 4194 115
1 4195 105
1 4198 107
1 4199 115
1 4201 113
1 4253 120
1 4254 115
1 4255 103
1 4256 112
1 4258 101
1 4259 103
1 4260 95
1 4261 95
1 4250 113
1 4244 110
1 4248 100
1 4249 111
1 4251 112
1 4459 116
1 4468 106
1 4469 115
1 4471 122
1 4472 102
1 4474 113
1 4383 116
1 4386 106
1 4387 114
1 4462 122
1 4463 115
1 4465 114
1 4466 113
1 4467 106
1 4405 117
1 4406 117
1 4407 102
1 4408 105
1 4412 111
1 4417 111
1 4418 111
1 4419 118
1 4388 100
1 4389 105
1 4393 111
1 4395 121
1 4397 119
1 4444 113
1 4445 120
1 4446 113
1 4447 113
1 4448 114
1 4450 114
1 4453 115
1 4454 110
1 4333 105
1 4334 101
1 4337 115
1 4338 123
1 4343 121
1 4353 109
1 4363 111
1 4366 109
1 4375 117
1 4379 114
1 4382 110
1 4425 111
1 4426 119
1 4433 118
1 4424 112
1 4435 114
1 4434 120
1 4567 96
1 4568 120
1 4563 99
1 4576 106
1 4579 111
1 4582 92
1 4583 108
1 4569 111
1 4570 107
1 4571 110
1 4572 125
1 4573 105
1 4574 101
1 4593 109
1 4594 106
1 4595 113
1 4597 115
1 4598 114
1 4599 114
1 4600 122
1 4601 102
1 4602 95
1 4603 100
1 4604 105
1 4605 107
1 4607 118
1 4608 103
1 4609 107
1 4610 105
1 4611 107
1 4616 95
1 4617 105
1 4619 96
1 4620 117
1 4621 103
1 4622 119
1 4623 114
1 4624 113
1 4625 108
1 4627 113
1 4628 109
1 4629 113
1 4630 104
1 4634 111
1 4635 114
1 4636 114
1 4638 116
1 4584 111
1 4585 110
1 4586 118
1 4590 107
1 4592 110
1 4648 102
1 4649 113
1 5273 106
1 5331 113
1 5384 104
1 4654 115
1 4655 103
1 4659 92
1 4660 97
1 4661 109
1 4662 97
1 4663 105
1 4664 120
1 4665 109
1 4667 110
1 4668 114
1 4669 105
1 4670 111
1 4674 112
1 4675 109
1 4676 103
1 4677 103
1 4678 103
1 4679 101
1 4680 112
1 4681 109
1 4682 108
1 4684 108
1 4685 124
1 4650 105
1 4652 112
1 4653 119
1 4642 99
1 4643 94
1 4644 113
1 4640 114
1 4645 117
1 5141 106
1 5144 99
1 5145 110
1 5087 114
1 5090 107
1 5132 113
1 5137 113
1 5138 113
1 5095 109
1 5096 115
1 5097 109
1 5100 104
1 5101 96
1 5102 105
1 5103 100
1 5104 97
1 5105 104
1 5106 103
1 5107 100
1 5109 114
1 5111 94
1 5112 102
1 5113 115
1 5114 111
1 5116 103
1 5117 111
1 5120 100
1 5127 103
1 5128 106
1 5129 105
1 5131 98
1 5056 107
1 5059 108
1 5061 105
1 5066 117
1 5067 112
1 5071 116
1 5147 115
1 5150 101
1 5151 101
1 5155 112
1 5157 91
1 5158 119
1 5226 108
1 5091 108
1 5092 107
1 5093 98
1 5073 102
1 5076 115
1 5077 113
1 5081 109
1 5084 115
1 5086 123
1 5425 120
1 5428 114
1 5421 119
1 5423 118
1 5440 100
1 5441 107
1 5442 120
1 5443 106
1 5444 111
1 5446 104
1 5447 106
1 5430 113
1 5432 105
1 5435 110
1 5436 110
1 5437 123
1 5439 120
1 5463 114
1 5464 116
1 5465 120
1 5466 107
1 5468 114
1 5471 115
1 5472 117
1 5451 120
1 5452 112
1 5454 104
1 5457 116
1 5458 115
1 5462 121
1 5551 124
1 5552 116
1 5553 101
1 5554 105
1 5555 114
1 5558 93
1 5562 112
1 5563 108
1 5588 114
1 5595 114
1 5597 103
1 5604 108
1 5605 117
1 5606 118
1 5609 117
1 5615 113
1 5617 106
1 5618 109
1 5619 116
1 5622 122
1 5623 125
1 5624 110
1 5626 104
1 5627 113
1 5631 106
1 5632 114
1 5643 82
1 5528 111
1 5531 116
1 5534 109
1 5535 110
1 5536 113
1 5537 103
1 5538 102
1 5540 111
1 5473 109
1 5474 119
1 5475 96
1 5479 110
1 5480 118
1 5481 123
1 5482 102
1 5483 99
1 5484 103
1 5485 109
1 5486 119
1 5489 114
1 5490 114
1 5491 103
1 5493 116
1 5494 117
1 5495 110
1 5499 125
1 5500 120
1 5501 116
1 5502 116
1 5503 125
1 5506 104
1 5509 122
1 5510 116
1 5516 107
1 5520 116
1 5523 113
1 5524 109
1 5525 117
1 5526 118
1 5527 110
1 5548 121
1 5542 112
1 5543 114
1 5546 111
1 5541 121
1 5547 98
1 5731 113
1 5732 119
1 5734 107
1 5744 109
1 5747 123
1 5749 116
1 5741 124
1 5728 123
1 5772 120
1 5775 110
1 5776 113
1 5778 101
1 5780 121
1 5783 101
1 5795 113
1 5796 95
1 5797 119
1 5801 119
1 5804 116
1 5811 126
1 5813 120
1 5814 116
1 5815 121
1 5816 118
1 5817 123
1 5819 118
1 5820 110
1 5822 104
1 5826 123
1 5827 111
1 5830 122
1 5833 116
1 5834 120
1 5840 121
1 5841 130
1 5842 114
1 5843 121
1 5844 114
1 5845 118
1 5848 123
1 5849 123
1 5853 129
1 5750 108
1 5752 112
1 5755 121
1 5758 122
1 5763 117
1 5768 129
1 6002 118
1 6015 121
1 6016 121
1 6020 114
1 6022 118
1 6028 118
1 6029 114
1 6030 110
1 6034 125
1 5900 119
1 5901 131
1 5903 125
1 5904 120
1 5905 118
1 5906 114
1 5907 108
1 5908 118
1 5909 119
1 5914 108
1 5919 128
1 5920 118
1 5921 118
1 5922 124
1 5925 101
1 5927 113
1 5931 112
1 5932 109
1 5935 108
1 5973 114
1 5974 116
1 5976 113
1 5977 105
1 5978 118
1 5980 116
1 5981 116
1 5874 132
1 5875 123
1 5876 108
1 5877 95
1 5878 101
1 5879 120
1 5880 111
1 5886 124
1 5890 123
1 5894 121
1 5895 123
1 5896 124
1 5898 113
1 5899 115
1 5983 112
1 5988 120
1 5990 108
1 5992 121
1 5993 127
1 5998 121
1 6103 103
1 6106 104
1 6113 99
1 6114 112
1 6116 120
1 6117 101
1 6084 101
1 6085 113
1 6088 102
1 6090 102
1 6095 113
1 6102 115
1 6131 108
1 6133 115
1 6150 104
1 6151 98
1 6152 117
1 6154 97
1 6155 98
1 6120 101
1 6121 110
1 6122 110
1 6123 89
1 6124 103
1 6125 102
1 6171 109
1 6172 99
1 6173 97
1 6174 102
1 6175 101
1 6176 96
1 6181 91
1 6183 97
1 6184 113
1 6189 100
1 6191 114
1 6196 112
1 6197 94
1 6200 110
1 6201 96
1 6202 109
1 6276 91
1 6277 109
1 6164 113
1 6165 111
1 6166 110
1 6163 107
1 6170 114
1 6167 111
1 6346 104
1 6347 110
1 6340 105
1 6391 95
1 6392 92
1 6395 87
1 6396 100
1 6398 115
1 6399 113
1 6400 116
1 6348 104
1 6349 102
1 6363 103
1 6368 122
1 6380 110
1 6386 116
1 6409 110
1 6410 104
1 6412 111
1 6415 107
1 6418 112
1 6421 116
1 6422 98
1 6423 100
1 6439 111
1 6443 97
1 6445 101
1 6446 104
1 6447 107
1 6453 116
1 6454 109
1 6458 102
1 6459 109
1 6460 110
1 6462 109
1 6464 116
1 6465 113
1 6473 111
1 6474 109
1 6475 109
1 6476 113
1 6478 113
1 6479 115
1 6482 117
1 6483 107
1 6484 111
1 6486 117
1 6487 97
1 6488 107
1 6489 96
1 6503 113
1 6402 114
1 6403 102
1 6404 110
1 6405 93
1 6406 113
1 6527 113
1 6504 102
1 6506 95
1 6523 112
1 6525 107
1 6526 105
1 6565 112
1 6567 105
1 6574 99
1 6564 112
1 6583 120
1 6584 113
1 6585 108
1 6577 111
1 6592 115
1 6595 110
1 6596 105
1 6597 104
1 6599 111
1 6600 112
1 6605 105
1 6608 106
1 6586 106
1 6587 101
1 6588 111
1 6590 89
1 6591 106
1 6616 111
1 6617 99
1 6620 113
1 6621 124
1 6622 122
1 6623 111
1 6624 116
1 6625 103
1 6611 105
1 6612 112
1 6613 102
1 6614 106
1 6615 110
1 6563 119
1 6636 108
1 6644 108
1 6645 110
1 6646 114
1 6649 123
1 6650 112
1 6651 93
1 6652 120
1 6655 98
1 6656 103
1 6659 109
1 6662 117
1 6663 117
1 6666 111
1 6667 114
1 6670 100
1 6671 114
1 6672 115
1 6673 107
1 6674 107
1 6675 111
1 6677 107
1 6678 114
1 6679 111
1 6682 111
1 6683 110
1 6687 118
1 6689 117
1 6691 115
1 6692 104
1 6693 112
1 6694 97
1 6695 97
1 6696 113
1 6628 110
1 6630 110
1 6632 112
1 6633 105
1 6634 111
1 6635 105
1 6706 115
1 6708 111
1 6710 99
1 6711 107
1 6713 113
1 6714 107
1 6715 106
1 6716 114
1 6717 106
1 6718 111
1 6719 109
1 6720 118
1 6721 116
1 6722 110
1 6724 112
1 6725 114
1 6727 114
1 6730 113
1 6731 106
1 6732 102
1 6761 109
1 6762 110
1 6766 111
1 6774 109
1 6703 108
1 6704 105
1 6705 111
1 6700 105
1 6913 102
1 6916 112
1 6918 110
1 6919 108
1 6915 104
1 6923 118
1 6924 113
1 6927 118
1 6921 118
1 6906 101
1 6910 110
1 6912 117
1 6862 104
1 6863 101
1 6864 119
1 6865 105
1 6868 114
1 6869 106
1 6870 112
1 6872 112
1 6875 107
1 6876 122
1 6879 115
1 6881 110
1 6883 106
1 6884 112
1 6886 115
1 6890 109
1 6891 103
1 6892 113
1 6897 95
1 6898 104
1 6902 120
1 6903 103
1 6904 108
1 6905 101
1 6968 112
1 6969 115
1 6971 98
1 6972 114
1 6974 115
1 6978 98
1 6979 108
1 6980 111
1 6984 115
1 6985 112
1 6989 115
1 6990 107
1 6928 116
1 6929 104
1 6930 111
1 6931 113
1 6934 111
1 6936 107
1 6937 100
1 6939 109
1 6940 110
1 6941 110
1 6942 101
1 6944 113
1 6945 118
1 6946 106
1 6947 103
1 6948 111
1 6949 104
1 6950 103
1 6955 118
1 6956 115
1 6957 110
1 6958 122
1 6959 111
1 6960 113
1 6963 111
1 6964 109
1 6966 112
1 6967 120
1 6824 106
1 6825 106
1 6826 111
1 6827 111
1 6828 131
1 6830 117
1 6835 112
1 6838 112
1 6839 112
1 6845 121
1 6850 115
1 6851 111
1 6855 104
1 6856 112
1 6857 115
1 6858 116
1 6861 103
1 7042 109
1 7037 106
1 7040 114
1 7041 122
1 7180 103
1 7181 103
1 7182 108
1 7185 113
1 7186 113
1 7188 107
1 7189 106
1 7194 110
1 7195 105
1 7203 121
1 7204 115
1 7205 116
1 7206 121
1 7207 123
1 7209 109
1 7210 104
1 7213 116
1 7216 114
1 7198 114
1 7199 115
1 7200 115
1 7202 110
1 7221 102
1 7229 113
1 7230 114
1 7233 121
1 7234 112
1 7235 121
1 7236 103
1 7238 114
1 7218 108
1 7219 119
1 7220 110
1 7245 102
1 7246 108
1 7248 106
1 7249 99
1 7250 122
1 7251 111
1 7252 104
1 7254 103
1 7256 128
1 7260 110
1 7261 114
1 7262 109
1 7267 112
1 7307 102
1 7308 100
1 7140 109
1 7142 109
1 7144 110
1 7145 106
1 7146 106
1 7150 104
1 7151 96
1 7152 111
1 7153 100
1 7154 102
1 7156 120
1 7158 119
1 7159 108
1 7161 96
1 7162 96
1 7163 111
1 7164 108
1 7165 108
1 7169 119
1 7172 111
1 7173 120
1 7239 108
1 7240 117
1 7241 116
1 7242 117
1 7107 118
1 7108 110
1 7113 112
1 7117 105
1 7118 117
1 7119 110
1 7120 116
1 7121 115
1 7124 111
1 7129 112
1 7132 120
1 7134 115
1 7136 116
1 7137 109
1 7139 114
1 7179 111
1 7175 101
1 7176 107
1 7177 106
1 7174 115
1 7178 110
1 7436 118
1 7437 103
1 7438 116
1 7441 113
1 7444 108
1 7446 107
1 7440 106
1 7435 114
1 7457 104
1 7462 99
1 7463 99
1 7467 105
1 7471 109
1 7472 110
1 7473 112
1 7447 99
1 7451 110
1 7452 103
1 7453 111
1 7454 107
1 7455 107
1 7552 113
1 7553 106
1 7557 97
1 7558 107
1 7559 111
1 7560 111
1 7561 114
1 7562 120
1 7563 115
1 7565 121
1 7569 105
1 7571 101
1 7572 92
1 7573 103
1 7574 103
1 7575 110
1 7576 108
1 7577 99
1 7578 98
1 7580 102
1 7581 109
1 7582 118
1 7586 112
1 7591 109
1 7593 107
1 7595 102
1 7600 112
1 7602 105
1 7603 113
1 7681 99
1 7682 100
1 7537 109
1 7538 106
1 7541 107
1 7476 116
1 7478 104
1 7480 114
1 7482 116
1 7483 109
1 7484 118
1 7485 109
1 7486 108
1 7488 127
1 7490 104
1 7491 105
1 7492 116
1 7496 101
1 7501 112
1 7502 104
1 7511 120
1 7512 106
1 7513 97
1 7514 103
1 7515 105
1 7516 96
1 7517 115
1 7519 90
1 7520 108
1 7521 112
1 7522 104
1 7523 104
1 7524 106
1 7525 111
1 7526 106
1 7528 108
1 7529 109
1 7530 104
1 7531 98
1 7532 102
1 7533 108
1 7536 109
1 7543 103
1 7544 102
1 7545 101
1 7542 112
1 7548 94
1 7546 122
1 8219 115
1 8220 117
1 8213 106
1 8234 113
1 8236 103
1 8237 118
1 8238 101
1 8239 106
1 8245 101
1 8246 97
1 8247 114
1 8248 103
1 8250 106
1 8251 112
1 8252 113
1 8254 115
1 8255 112
1 8256 104
1 8257 114
1 8258 107
1 8259 105
1 8260 94
1 8263 107
1 8265 113
1 8267 117
1 8269 109
1 8271 112
1 8273 88
1 8276 118
1 8277 92
1 8278 87
1 8280 115
1 8281 103
1 8282 106
1 8283 106
1 8284 115
1 8224 109
1 8227 110
1 8228 107
1 8229 120
1 8231 110
1 8233 104
1 8295 100
1 8296 103
1 8297 107
1 8299 110
1 8300 106
1 8301 88
1 8302 105
1 8303 105
1 8304 111
1 8307 112
1 8308 104
1 8314 105
1 8315 119
1 8317 103
1 8318 112
1 8319 112
1 8324 114
1 8325 115
1 8327 105
1 8328 114
1 8329 108
1 8341 107
1 8345 97
1 8346 94
1 8349 116
1 8351 103
1 8352 98
1 8353 111
1 8354 106
1 8359 113
1 8361 109
1 8452 101
1 8457 103
1 8461 103
1 8493 101
1 8285 107
1 8286 105
1 8289 109
1 8292 102
1 8507 112
1 8727 114
1 8730 106
1 8733 114
1 8736 97
1 8743 113
1 8731 111
1 8746 115
1 8747 106
1 8744 102
1 8753 111
1 8754 111
1 8756 109
1 8757 100
1 8764 113
1 8765 112
1 8767 99
1 8769 121
1 8770 110
1 8771 107
1 8772 117
1 8752 101
1 8780 118
1 8781 106
1 8782 121
1 8783 117
1 8789 115
1 8790 112
1 8792 116
1 8793 113
1 8794 115
1 8798 113
1 8799 104
1 8800 109
1 8776 106
1 8811 106
1 8812 114
1 8723 112
1 8724 115
1 8806 92
1 8710 112
1 8713 116
1 8722 112
1 9008 108
1 9009 107
1 9010 110
1 9011 108
1 9012 117
1 9013 110
1 9015 119
1 9017 118
1 9025 103
1 9026 108
1 9027 117
1 9028 94
1 9033 110
1 9034 106
1 9035 100
1 9036 113
1 9040 113
1 9018 122
1 9022 120
1 9023 112
1 9024 123
1 9045 107
1 9046 105
1 9048 99
1 9050 105
1 9051 104
1 9055 104
1 9056 106
1 9057 99
1 9058 116
1 9041 107
1 9042 108
1 9043 112
1 9044 114
1 9001 117
1 9004 119
1 9145 103
1 9147 102
1 9148 98
1 9149 111
1 9155 112
1 9156 108
1 9158 100
1 9161 116
1 9162 109
1 9163 100
1 9164 115
1 9203 109
1 9208 120
1 9209 117
1 9211 112
1 9212 117
1 9093 108
1 9098 109
1 9101 121
1 9106 112
1 9109 112
1 9111 102
1 9112 114
1 9113 115
1 9114 101
1 9115 104
1 9116 117
1 9120 103
1 9121 103
1 9122 117
1 9126 120
1 9127 103
1 9129 94
1 9130 97
1 9132 117
1 9059 119
1 9060 118
1 9062 107
1 9063 117
1 9065 113
1 9068 113
1 9072 109
1 9073 109
1 9074 117
1 9076 121
1 9079 117
1 9080 113
1 9081 106
1 9082 106
1 9084 111
1 9087 107
1 9088 112
1 9089 113
1 9090 115
1 9091 107
1 9092 113
1 9135 106
1 9136 91
1 9133 116
1 9134 106
1 9142 113
1 9144 107
1 9753 117
1 9754 106
1 9758 109
1 9759 110
1 9756 100
1 9757 113
1 9768 104
1 9769 105
1 9773 97
1 9775 117
1 9776 113
1 9780 116
1 9762 99
1 9763 107
1 9766 106
1 9767 116
1 9788 104
1 9790 112
1 9793 115
1 9794 113
1 9795 99
1 9797 103
1 9798 115
1 9800 110
1 9801 111
1 9802 118
1 9803 105
1 9804 110
1 9809 113
1 9810 98
1 9811 94
1 9815 106
1 9821 110
1 9824 116
1 9827 99
1 9830 116
1 9834 108
1 9835 118
1 9836 113
1 9839 114
1 9840 114
1 9841 112
1 9842 109
1 9844 112
1 9850 96
1 9851 102
1 9781 100
1 9782 102
1 9784 105
1 9787 104
1 9918 109
1 9919 107
1 9920 102
1 9921 97
1 10046 100
1 10049 121
1 10051 109
1 10076 85
1 9873 102
1 9874 107
1 9875 106
1 9877 112
1 9878 124
1 9879 102
1 9880 95
1 9885 111
1 9887 114
1 9888 101
1 9889 113
1 9895 106
1 9897 116
1 9898 119
1 9899 90
1 9901 104
1 9902 97
1 9903 97
1 9904 111
1 9905 113
1 9852 104
1 9854 104
1 9855 100
1 9856 107
1 9857 93
1 9859 101
1 9862 111
1 9865 114
1 9869 116
1 9870 112
1 9912 117
1 9915 94
1 9909 114
1 9911 105
1 9907 114
1 10184 113
1 10182 104
1 10183 99
1 10194 110
1 10187 105
1 10188 102
1 10193 109
1 10179 103
1 10180 104
1 10181 106
1 10205 117
1 10206 88
1 10208 111
1 10210 118
1 10211 113
1 10217 117
1 10218 108
1 10196 109
1 10197 102
1 10199 103
1 10201 104
1 10202 117
1 10203 112
1 10229 94
1 10230 95
1 10231 100
1 10233 110
1 10235 119
1 10238 115
1 10239 102
1 10240 100
1 10242 113
1 10245 104
1 10246 106
1 10247 99
1 10251 106
1 10256 107
1 10258 113
1 10259 103
1 10262 106
1 10263 105
1 10266 100
1 10272 103
1 10273 89
1 10274 87
1 10277 110
1 10278 107
1 10279 113
1 10281 105
1 10282 103
1 10290 110
1 10291 103
1 10292 109
1 10293 112
1 10298 118
1 10299 100
1 10300 98
1 10220 111
1 10221 113
1 10223 105
1 10224 109
1 10227 116
1 10228 106
1 10309 101
1 10310 107
1 10312 112
1 10313 110
1 10314 114
1 10316 104
1 10318 101
1 10319 109
1 10320 109
1 10321 104
1 10322 101
1 10325 112
1 10328 107
1 10331 105
1 10332 100
1 10333 110
1 10335 110
1 10336 98
1 10337 93
1 10338 110
1 10340 111
1 10341 112
1 10342 96
1 10343 109
1 10345 105
1 10354 106
1 10355 115
1 10432 88
1 10435 115
1 10442 116
1 10308 101
1 10301 105
1 10302 101
1 10303 119
1 10594 111
1 10595 106
1 10597 106
1 10598 114
1 10599 121
1 10533 111
1 10534 111
1 10535 118
1 10536 111
1 10540 120
1 10541 112
1 10542 120
1 10543 112
1 10545 116
1 10547 110
1 10550 112
1 10553 115
1 10555 112
1 10556 102
1 10557 113
1 10558 113
1 10559 107
1 10565 112
1 10566 120
1 10567 107
1 10569 106
1 10570 100
1 10576 111
1 10579 113
1 10580 105
1 10582 116
1 10585 108
1 10586 112
1 10587 112
1 10589 111
1 10593 107
1 10713 105
1 10517 101
1 10518 104
1 10519 116
1 10521 108
1 10600 114
1 10601 98
1 10602 106
1 10606 110
1 10609 115
1 10610 115
1 10611 112
1 10615 101
1 10616 99
1 10617 111
1 10618 108
1 10619 113
1 10620 118
1 10621 115
1 10622 119
1 10625 112
1 10626 114
1 10628 108
1 10630 111
1 10631 112
1 10635 103
1 10640 114
1 10642 105
1 10643 112
1 10644 108
1 10645 102
1 10646 98
1 10655 107
1 10658 98
1 10659 112
1 10660 104
1 10662 110
1 10709 109
1 10711 107
1 10514 115
1 10522 114
1 10524 111
1 10527 109
1 10528 112
1 10531 108
1 10532 111
1 11116 97
1 11118 108
1 11114 105
1 11115 110
1 11193 114
1 11194 122
1 11197 112
1 11201 119
1 11204 108
1 11210 99
1 11211 98
1 11212 97
1 11213 112
1 11214 98
1 11216 101
1 11217 115
1 11222 111
1 11226 105
1 11227 120
1 11228 111
1 11231 118
1 11234 101
1 11235 108
1 11236 113
1 11240 107
1 11241 103
1 11242 96
1 11244 115
1 11245 98
1 11246 95
1 11248 111
1 11249 108
1 11250 104
1 11252 117
1 11253 108
1 11256 103
1 11257 106
1 11258 109
1 11260 110
1 11263 106
1 11268 111
1 11271 112
1 11272 100
1 11273 97
1 11274 115
1 11275 105
1 11277 110
1 11279 100
1 11360 113
1 11136 111
1 11137 106
1 11138 100
1 11139 102
1 11140 115
1 11141 94
1 11146 116
1 11147 116
1 11148 101
1 11149 109
1 11150 114
1 11154 114
1 11155 110
1 11156 105
1 11157 101
1 11158 115
1 11159 114
1 11160 111
1 11161 108
1 11162 117
1 11163 113
1 11164 107
1 11165 107
1 11173 103
1 11174 99
1 11175 92
1 11176 115
1 11179 110
1 11180 108
1 11122 106
1 11123 122
1 11126 104
1 11128 109
1 11129 106
1 11130 103
1 11131 113
1 11134 105
1 11135 107
1 11182 106
1 11183 112
1 11184 105
1 11185 94
1 11187 113
1 11188 117
1 11510 105
1 11512 104
1 11508 108
1 11509 110
1 11535 104
1 11536 116
1 11537 106
1 11541 103
1 11544 97
1 11545 99
1 11548 108
1 11514 110
1 11518 111
1 11519 107
1 11532 115
1 11533 97
1 11534 102
1 11563 101
1 11564 111
1 11565 103
1 11566 107
1 11568 111
1 11569 108
1 11571 113
1 11552 113
1 11554 104
1 11560 109
1 11561 111
1 11562 97
1 11578 106
1 11580 105
1 11581 116
1 11583 108
1 11585 106
1 11586 106
1 11587 114
1 11589 113
1 11590 109
1 11592 113
1 11594 113
1 11595 99
1 11596 106
1 11597 105
1 11598 95
1 11599 103
1 11602 121
1 11603 114
1 11604 108
1 11605 91
1 11606 107
1 11608 112
1 11611 99
1 11612 103
1 11616 107
1 11617 109
1 11618 109
1 11619 96
1 11620 112
1 11621 111
1 11623 108
1 11624 111
1 11625 109
1 11628 112
1 11631 98
1 11572 111
1 11573 102
1 11575 97
1 11576 98
1 11577 114
