1 45 126.569999694824
1 577 126.73999786377
1 905 126.269996643066
1 1073 128.710006713867
1 1077 126.959999084473
1 1082 126.75
1 1090 127.269996643066
1 1094 118.529998779297
1 1098 125.040000915527
1 1101 128.949996948242
1 1102 116.190002441406
1 1104 123.930000305176
1 1109 125.26000213623
1 1201 128.309997558594
1 1242 127.349998474121
1 1244 121.480003356934
1 1251 123.430000305176
1 1252 119.529998779297
1 1255 121.879997253418
1 1258 115.410003662109
1 1259 118.23999786377
1 1263 123.529998779297
1 1264 118.440002441406
1 1288 121.629997253418
1 1592 121.73999786377
1 1597 118.620002746582
1 1598 111.069999694824
1 1604 127.23999786377
1 1605 115.129997253418
1 1610 114.910003662109
1 1614 124.699996948242
1 1617 123.199996948242
1 1621 120.809997558594
1 1622 116.150001525879
1 1623 119.099998474121
1 1625 119.040000915527
1 1629 124.550003051758
1 1632 117.910003662109
1 1642 120.930000305176
1 1646 121.620002746582
1 1648 122.25
1 1649 126.470001220703
1 1660 124.300003051758
1 1662 124.610000610352
1 1663 125.5
1 1666 120.680000305176
1 1741 126.5
1 1769 129.410003662109
1 1784 113.839996337891
1 1803 122.5
1 1820 126.610000610352
1 1821 125.069999694824
1 1825 121.050003051758
1 1834 125.5
1 1835 120.779998779297
1 1876 124
1 1877 127.940002441406
1 1880 117.889999389648
1 1881 128.889999389648
1 1883 121.830001831055
1 1884 127.321998596191
1 1885 118.779998779297
1 1887 127.089996337891
1 1890 125.099998474121
1 1891 124.25
1 1899 131.949996948242
1 1960 125
1 2067 118.73999786377
1 2068 128.940002441406
1 2069 127.300003051758
1 2070 124
1 2071 129.330001831055
1 2072 130.059997558594
1 2073 121.639999389648
1 2074 124.5
1 2075 123.160003662109
1 2076 124.150001525879
1 2096 135.320007324219
1 2097 125.660003662109
1 2099 123.900001525879
1 2106 130.580001831055
1 2110 113.800003051758
1 2111 123.599998474121
1 2115 131.830001831055
1 2118 127.940002441406
1 2120 125.879997253418
1 2123 125.419998168945
1 2124 124.98999786377
1 2126 127.110000610352
1 2128 117.099998474121
1 2132 121.300003051758
1 2133 116.339996337891
1 2135 123.330001831055
1 2141 129.600006103516
1 2142 133.529998779297
1 2143 110.319999694824
1 2146 126.339996337891
1 2149 135.059997558594
1 2154 118.860000610352
1 2162 125.660003662109
1 2163 126.330001831055
1 2164 117.279998779297
1 2165 119.209999084473
1 2167 121.410003662109
1 2168 121.419998168945
1 2172 123.889999389648
1 2175 121.019996643066
1 2176 129.869995117188
1 2177 122.529998779297
1 2178 129.259994506836
1 2180 113.099998474121
1 2214 124.059997558594
1 2218 125.790000915527
1 2223 123.349998474121
1 2236 124.209999084473
1 2239 129.059997558594
1 2246 122.349998474121
1 2252 118.949996948242
1 2260 121.889999389648
1 2262 116.379997253418
1 2263 123.970001220703
1 2269 124.680000305176
1 2271 124.099998474121
1 2275 128.830001831055
1 2278 120.459999084473
1 2282 119.910003662109
1 2285 122.410003662109
1 2287 125.319999694824
1 2292 121.930000305176
1 2296 116.23999786377
1 2303 133.529998779297
1 2312 128.720001220703
1 2319 117.580001831055
1 2321 127.599998474121
1 2323 123.150001525879
1 2324 121.160003662109
1 2337 121.870002746582
1 2340 130.190002441406
1 2343 128.110000610352
1 2349 123.589996337891
1 2351 115.550003051758
1 2352 125.459999084473
1 2353 122.01000213623
1 2354 124.480003356934
1 2355 120.279998779297
1 2356 126.5
1 2358 125.300003051758
1 2359 122.519996643066
1 2360 124.349998474121
1 2361 122.029998779297
1 2362 119.599998474121
1 2363 126.040000915527
1 2364 127.150001525879
1 2365 125.019996643066
1 2366 123.949996948242
1 2368 118.75
1 2369 120.209999084473
1 2371 120.73999786377
1 2374 120.169998168945
1 2375 127.5
1 2376 121.809997558594
1 2379 121.099998474121
1 2401 126.900001525879
1 2405 124.660003662109
1 2409 124.470001220703
1 2414 125.589996337891
1 2417 125.180000305176
1 2421 125.870002746582
1 2431 118.279998779297
1 2432 125.309997558594
1 2447 122.779998779297
1 2459 131.089996337891
1 2460 122.300003051758
1 2462 104.680000305176
1 2465 121.400001525879
1 2475 122.019996643066
1 2476 122.569999694824
1 2479 121.589996337891
1 2488 125.099998474121
1 2494 128.889999389648
1 2517 124.690002441406
1 2523 120.830001831055
1 2532 116.339996337891
1 2534 120.440002441406
1 2536 122.970001220703
1 2540 126.220001220703
1 2549 124.349998474121
1 2550 122.5
1 2563 126.480003356934
1 2569 123.059997558594
1 2571 121.949996948242
1 2572 124.290000915527
1 2574 116.330001831055
1 2597 116.23999786377
1 2601 122.059997558594
1 2602 114.029998779297
1 2605 119.419998168945
1 2606 122.069999694824
1 2607 119.949996948242
1 2610 116.199996948242
1 2611 122.180000305176
1 2612 119.410003662109
1 2614 126.400001525879
1 2617 121.5
1 2623 115.089996337891
1 2624 121.540000915527
1 2627 134.160003662109
1 2631 120.550003051758
1 2632 123.709999084473
1 2635 116.959999084473
1 2637 129.259994506836
1 2640 125.720001220703
1 2641 119.069999694824
1 2644 117.48999786377
1 2645 127.150001525879
1 2647 119.440002441406
1 2648 123.330001831055
1 2649 117.540000915527
1 2650 122.580001831055
1 2651 118.300003051758
1 2653 123.300003051758
1 2658 117.849998474121
1 2659 120.900001525879
1 2661 123.5
1 2666 132.809997558594
1 2668 124.800003051758
1 2669 114.809997558594
1 2671 117.550003051758
1 2674 122.129997253418
1 2680 128.789993286133
1 2681 118.879997253418
1 2683 129.5
1 2685 118.040000915527
1 2686 124.650001525879
1 2688 122.319999694824
1 2695 115.050003051758
1 2697 117.449996948242
1 2699 125.059997558594
1 2700 117.629997253418
1 2703 121.650001525879
1 2706 122.25
1 2707 127.790000915527
1 2709 130.350006103516
1 2711 121.180000305176
1 2792 126.459999084473
1 2800 124.440002441406
1 2804 125.099998474121
1 2807 126.690002441406
1 2812 123.610000610352
1 2817 124.050003051758
1 2819 123.169998168945
1 2829 124.900001525879
1 2834 121.639999389648
1 2841 116.5
1 2842 126.440002441406
1 2843 133.440002441406
1 2852 111.319999694824
1 2856 119.449996948242
1 2858 130.490005493164
1 2860 126.819999694824
1 2861 122.099998474121
1 2873 113.75
1 2880 121.139999389648
1 2882 114.970001220703
1 2884 123.339996337891
1 2885 122.389999389648
1 2892 121.349998474121
1 2899 126.360000610352
1 2903 121.419998168945
1 2906 117.730003356934
1 2908 124.669998168945
1 2924 124.379997253418
1 2925 123
1 2931 122.25
1 2933 127.23999786377
1 2941 124.099998474121
1 2962 131.820007324219
1 2964 121.309997558594
1 2966 121.75
1 2968 131.119995117188
1 2970 126.190002441406
1 3024 121.040000915527
1 3027 121.099998474121
1 3033 118.220001220703
1 3061 123.900001525879
1 3076 119.620002746582
1 3088 119.949996948242
1 3100 118.379997253418
1 3116 121.639999389648
1 3121 127.199996948242
1 3123 123.699996948242
1 3129 120.050003051758
1 3140 120.379997253418
1 3198 109.730003356934
1 3199 116.180000305176
1 3201 126.650001525879
1 3202 121.48999786377
1 3203 124.620002746582
1 3209 129.350006103516
1 3221 127.349998474121
1 3222 125.400001525879
1 3223 124.370002746582
1 3224 118.199996948242
1 3227 117.550003051758
1 3229 119.029998779297
1 3230 126.26000213623
1 3234 110.099998474121
1 3236 118.180000305176
1 3237 121.790000915527
1 3242 118.300003051758
1 3246 124.559997558594
1 3250 122.019996643066
1 3253 117.279998779297
1 3255 124.01000213623
1 3259 125.5
1 3260 122
1 3261 125.129997253418
1 3262 117.5
1 3263 130.699996948242
1 3265 121.819999694824
1 3268 126.269996643066
1 3270 122.589996337891
1 3271 133.279998779297
1 3272 116.400001525879
1 3275 126.849998474121
1 3276 125.099998474121
1 3278 120.279998779297
1 3279 123.139999389648
1 3281 123.5
1 3282 126.959999084473
1 3286 125.470001220703
1 3287 120.709999084473
1 3289 121.360000610352
1 3291 126.5
1 3292 120.550003051758
1 3295 122.970001220703
1 3296 124.849998474121
1 3300 117.949996948242
1 3301 120.300003051758
1 3306 124.019996643066
1 3308 122.830001831055
1 3310 125.800003051758
1 3314 123.800003051758
1 3316 120
1 3318 130.399993896484
1 3319 123.98999786377
1 3320 126.389999389648
1 3324 117.029998779297
1 3325 118.620002746582
1 3327 122.430000305176
1 3330 123.550003051758
1 3333 121.650001525879
1 3336 120.349998474121
1 3341 119.209999084473
1 3343 123.959999084473
1 3346 116.599998474121
1 3347 120.389999389648
1 3414 116.199996948242
1 3419 120.599998474121
1 3420 124.160003662109
1 3423 124.5
1 3428 122.870002746582
1 3431 124.309997558594
1 3439 117.180000305176
1 3442 125.849998474121
1 3445 117.629997253418
1 3447 117.150001525879
1 3469 120.800003051758
1 3471 122
1 3473 121.5
1 3477 114.830001831055
1 3478 120.150001525879
1 3488 116.779998779297
1 3490 126.330001831055
1 3509 124.629997253418
1 3524 106.01000213623
1 3538 127.410003662109
1 3545 118.110000610352
1 3548 117.23999786377
1 3549 116.779998779297
1 3552 121.839996337891
1 3555 117.809997558594
1 3556 126.550003051758
1 3563 123.540000915527
1 3564 121.269996643066
1 3567 121.540000915527
1 3568 112.800003051758
1 3571 125.889999389648
1 3573 117.550003051758
1 3577 115.889999389648
1 3581 120.23999786377
1 3583 127.930000305176
1 3589 122.580001831055
1 3593 129.699996948242
1 3604 118.300003051758
1 3606 109.339996337891
1 3607 119.25
1 3608 117.889999389648
1 3609 121.720001220703
1 3610 120.889999389648
1 3611 117.690002441406
1 3636 126.449996948242
1 3641 122.459999084473
1 3651 127.190002441406
1 3681 128.360000610352
1 3692 117.819999694824
1 3700 121.099998474121
1 3704 122.73999786377
1 3725 122.23999786377
1 3734 130.279998779297
1 3738 122.160003662109
1 3748 118.629997253418
1 3759 121.339996337891
1 3762 118.069999694824
1 3771 117.48999786377
1 3796 124.51000213623
1 3881 122.76000213623
1 3885 121.800003051758
1 3945 114.620002746582
1 3954 120.349998474121
1 3968 118.800003051758
1 4004 124.400001525879
1 4008 125.529998779297
1 4017 118.199996948242
1 4051 115.319999694824
1 4068 118.199996948242
1 4103 129.050003051758
1 4120 119.349998474121
1 4121 122.699996948242
1 4129 127.629997253418
1 4131 125.220001220703
1 4144 119.849998474121
1 4151 122.25
1 4153 121.449996948242
1 4155 123.559997558594
1 4156 126.190002441406
1 4157 117.220001220703
1 4158 129.149993896484
1 4159 125.25
1 4161 120.730003356934
1 4164 125
1 4166 119.900001525879
1 4168 116.900001525879
1 4169 122.160003662109
1 4170 121.269996643066
1 4172 113.599998474121
1 4173 126.73999786377
1 4175 119.699996948242
1 4176 121.199996948242
1 4177 120.25
1 4183 113.400001525879
1 4184 119.199996948242
1 4186 121.400001525879
1 4187 115.550003051758
1 4189 112.849998474121
1 4193 125.480003356934
1 4196 122.300003051758
1 4197 115.550003051758
1 4198 110.550003051758
1 4200 132.729995727539
1 4205 119.099998474121
1 4206 123.220001220703
1 4209 123.050003051758
1 4210 121.050003051758
1 4211 115.699996948242
1 4212 120.400001525879
1 4213 120.449996948242
1 4216 121.699996948242
1 4218 126.150001525879
1 4219 123.089996337891
1 4220 115.800003051758
1 4222 119.699996948242
1 4223 116.370002746582
1 4227 112.949996948242
1 4229 120.199996948242
1 4232 107.699996948242
1 4233 107.900001525879
1 4234 119.550003051758
1 4235 125.379997253418
1 4238 125.669998168945
1 4239 119.25
1 4240 118.400001525879
1 4241 122.199996948242
1 4242 120.180000305176
1 4243 114.650001525879
1 4244 119.300003051758
1 4245 122.040000915527
1 4246 110.5
1 4249 118.5
1 4251 111.76000213623
1 4256 122
1 4257 121.23999786377
1 4258 123.540000915527
1 4259 118.449996948242
1 4261 112.25
1 4266 125.449996948242
1 4312 118.199996948242
1 4318 123.849998474121
1 4321 117.629997253418
1 4322 119.410003662109
1 4343 127.5
1 4346 120.910003662109
1 4353 125
1 4359 123.430000305176
1 4361 121.069999694824
1 4377 126
1 4378 124.48999786377
1 4383 128.809997558594
1 4385 126.48999786377
1 4395 120.059997558594
1 4396 123.470001220703
1 4398 131.899993896484
1 4399 123.839996337891
1 4404 123.360000610352
1 4407 121.169998168945
1 4410 112.139999389648
1 4416 128.520004272461
1 4420 124.199996948242
1 4454 127.220001220703
1 4459 121.889999389648
1 4460 124.150001525879
1 4465 128.160003662109
1 4466 126.290000915527
1 4468 112.529998779297
1 4470 121.080001831055
1 4472 121.300003051758
1 4473 117.629997253418
1 4517 120.809997558594
1 4543 121.099998474121
1 4546 127.349998474121
1 4575 121.930000305176
1 4628 122.220001220703
1 4635 122.419998168945
1 4636 124.199996948242
1 4734 122.050003051758
1 4744 115.5
1 4745 116.5
1 5056 123.690002441406
1 5059 121.550003051758
1 5061 118.480003356934
1 5063 125.360000610352
1 5066 123.019996643066
1 5069 125.129997253418
1 5073 119.889999389648
1 5075 120.230003356934
1 5076 124.660003662109
1 5077 118.099998474121
1 5078 118.379997253418
1 5080 117.650001525879
1 5083 117.080001831055
1 5084 127.720001220703
1 5085 125.059997558594
1 5087 122.669998168945
1 5089 132.460006713867
1 5091 116.930000305176
1 5092 116.569999694824
1 5093 115.360000610352
1 5094 122.720001220703
1 5095 119.330001831055
1 5096 131.509994506836
1 5097 128.119995117188
1 5101 123.080001831055
1 5102 115.650001525879
1 5103 120.73999786377
1 5105 123.150001525879
1 5107 121.860000610352
1 5110 123.099998474121
1 5111 116.709999084473
1 5112 118.099998474121
1 5113 120.75
1 5114 118.129997253418
1 5116 112.819999694824
1 5120 113.419998168945
1 5121 122.180000305176
1 5122 117.400001525879
1 5124 116.480003356934
1 5127 116.910003662109
1 5129 112.129997253418
1 5130 129.369995117188
1 5131 107.309997558594
1 5132 127.900001525879
1 5133 123.620002746582
1 5135 110.809997558594
1 5138 118.529998779297
1 5142 116.860000610352
1 5144 121.099998474121
1 5145 122.5
1 5148 124.400001525879
1 5150 119.139999389648
1 5152 117.779998779297
1 5153 130.369995117188
1 5156 121.790000915527
1 5157 122.620002746582
1 5232 120.139999389648
1 5234 117.839996337891
1 5242 122.830001831055
1 5244 111.930000305176
1 5246 116.099998474121
1 5247 112.029998779297
1 5248 118.120002746582
1 5250 120.800003051758
1 5279 125.75
1 5326 123.519996643066
1 5387 126.139999389648
1 5403 119.910003662109
1 5420 131.419998168945
1 5421 116.209999084473
1 5422 124.790000915527
1 5427 119.389999389648
1 5428 118.860000610352
1 5430 121.379997253418
1 5433 125.110000610352
1 5437 126.569999694824
1 5439 121.379997253418
1 5442 133.559997558594
1 5443 124.209999084473
1 5444 123.379997253418
1 5447 126.290000915527
1 5455 121.910003662109
1 5456 115.150001525879
1 5459 126.930000305176
1 5460 124.639999389648
1 5466 116.300003051758
1 5467 130.679992675781
1 5468 116.349998474121
1 5469 118.790000915527
1 5480 124.830001831055
1 5483 117.319999694824
1 5484 120.569999694824
1 5485 116.550003051758
1 5490 122.349998474121
1 5491 116.349998474121
1 5495 117.110000610352
1 5496 124.73999786377
1 5505 126.900001525879
1 5506 120.01000213623
1 5510 124.120002746582
1 5513 131.789993286133
1 5520 124.169998168945
1 5525 126.879997253418
1 5528 125.75
1 5530 116.319999694824
1 5531 119.529998779297
1 5543 121.959999084473
1 5544 123.279998779297
1 5547 128.490005493164
1 5551 126.75
1 5552 123.26000213623
1 5562 122.319999694824
1 5564 119.720001220703
1 5589 127.860000610352
1 5593 125.099998474121
1 5594 126.769996643066
1 5596 125.410003662109
1 5597 117.860000610352
1 5604 119.699996948242
1 5606 120.339996337891
1 5623 123.459999084473
1 5626 118.050003051758
1 5631 122.519996643066
1 5632 121.699996948242
1 5636 126.839996337891
1 5648 131.75
1 5652 121.5
1 5662 122.300003051758
1 5678 126.779998779297
1 5683 132.380004882812
1 5686 128.619995117188
1 5689 121.169998168945
1 5692 125.029998779297
1 5704 128.309997558594
1 5705 123.069999694824
1 5713 118.440002441406
1 5721 120.809997558594
1 5751 120.830001831055
1 5759 128.949996948242
1 5762 122.01000213623
1 5768 127.459999084473
1 5891 116.069999694824
1 5917 123.48999786377
1 6082 130.020004272461
1 6084 119.599998474121
1 6086 119.26000213623
1 6088 122.720001220703
1 6089 124.519996643066
1 6099 124.830001831055
1 6100 128.800003051758
1 6102 130.199996948242
1 6116 123.51000213623
1 6118 120.309997558594
1 6119 121.620002746582
1 6120 120.900001525879
1 6125 102.709999084473
1 6127 119.25
1 6136 123.650001525879
1 6147 123.330001831055
1 6150 122.230003356934
1 6151 123.01000213623
1 6155 118.48999786377
1 6159 117.589996337891
1 6164 124.860000610352
1 6168 115.300003051758
1 6171 123.129997253418
1 6176 116.860000610352
1 6182 116.389999389648
1 6186 115.01000213623
1 6189 120.650001525879
1 6193 122.150001525879
1 6196 122.650001525879
1 6278 120.180000305176
1 6280 118.589996337891
1 6281 121.269996643066
1 6282 124.319999694824
1 6283 122.190002441406
1 6302 121.809997558594
1 6310 119.699996948242
1 6312 118.870002746582
1 6322 117.389999389648
1 6325 129.940002441406
1 6331 122.959999084473
1 6332 125.73999786377
1 6338 120.680000305176
1 6342 116.129997253418
1 6345 126.680000305176
1 6348 115.629997253418
1 6354 121.069999694824
1 6362 116.330001831055
1 6365 125.150001525879
1 6369 123.360000610352
1 6408 121.730003356934
1 6421 120.01000213623
1 6425 123.669998168945
1 6434 125.889999389648
1 6435 123.120002746582
1 6441 113.459999084473
1 6451 124.819999694824
1 6452 123.459999084473
1 6471 128.949996948242
1 6477 128.559997558594
1 6479 131.169998168945
1 6486 127.410003662109
1 6488 118.160003662109
1 6528 116.699996948242
1 6536 127.830001831055
1 6537 115.690002441406
1 6557 127.120002746582
1 6563 128.300003051758
1 6565 125
1 6566 125.069999694824
1 6567 126.98999786377
1 6577 125.080001831055
1 6583 123.589996337891
1 6585 124.400001525879
1 6588 126.080001831055
1 6591 115.790000915527
1 6598 117.040000915527
1 6605 114.870002746582
1 6608 124.129997253418
1 6609 114.449996948242
1 6615 119
1 6616 129.539993286133
1 6620 123.73999786377
1 6623 122.73999786377
1 6625 111.290000915527
1 6646 115.349998474121
1 6653 117.839996337891
1 6654 117.300003051758
1 6658 124.800003051758
1 6661 129.910003662109
1 6666 123.269996643066
1 6667 122.970001220703
1 6675 124.110000610352
1 6678 118.25
1 6679 122.650001525879
1 6680 123.639999389648
1 6681 121.639999389648
1 6682 120.959999084473
1 6683 117.019996643066
1 6686 117.75
1 6688 110.360000610352
1 6689 121.400001525879
1 6690 118.790000915527
1 6691 123.830001831055
1 6692 118.680000305176
1 6693 119.550003051758
1 6694 119.339996337891
1 6695 114.220001220703
1 6696 122.089996337891
1 6697 112.620002746582
1 6701 121.720001220703
1 6713 118.319999694824
1 6715 112.76000213623
1 6717 120.75
1 6718 125.269996643066
1 6719 124.889999389648
1 6722 126.73999786377
1 6723 116.889999389648
1 6729 124.5
1 6730 121.699996948242
1 6768 123.099998474121
1 6770 117.440002441406
1 6776 120.330001831055
1 6777 125.720001220703
1 6779 124.160003662109
1 6789 125.300003051758
1 6795 125.599998474121
1 6797 124.400001525879
1 6803 114.98999786377
1 6818 114.51000213623
1 6827 124.129997253418
1 6829 121.169998168945
1 6831 122.779998779297
1 6833 123.930000305176
1 6834 125.180000305176
1 6838 114.730003356934
1 6841 117.190002441406
1 6843 122.360000610352
1 6849 123.199996948242
1 6851 124.830001831055
1 6857 116.559997558594
1 6859 125.669998168945
1 6860 128.300003051758
1 6868 121.980003356934
1 6869 121.879997253418
1 6884 123.940002441406
1 6886 126.440002441406
1 6888 119.819999694824
1 6892 118.190002441406
1 6893 115.819999694824
1 6898 120
1 6904 119.709999084473
1 6907 122.379997253418
1 6909 112.230003356934
1 6910 123.430000305176
1 6911 129.610000610352
1 6916 123
1 6920 120.169998168945
1 6923 124.900001525879
1 6927 117.069999694824
1 6928 114.379997253418
1 6929 122.25
1 6930 112.019996643066
1 6933 117.610000610352
1 6935 119.839996337891
1 6937 117.599998474121
1 6938 117.620002746582
1 6941 120.540000915527
1 6948 116.970001220703
1 6949 115.959999084473
1 6958 123.559997558594
1 6962 124.330001831055
1 6971 114.980003356934
1 6972 120.199996948242
1 6974 114.800003051758
1 6979 127.879997253418
1 6981 130.449996948242
1 6982 122.160003662109
1 6988 115.76000213623
1 7039 121.370002746582
1 7043 120.569999694824
1 7046 120.160003662109
1 7050 121.940002441406
1 7051 123.269996643066
1 7053 119.019996643066
1 7055 123.029998779297
1 7056 117.599998474121
1 7063 125.110000610352
1 7068 123.230003356934
1 7069 118.98999786377
1 7070 124.379997253418
1 7071 120.120002746582
1 7095 138.970001220703
1 7097 130.690002441406
1 7107 120.470001220703
1 7108 117.779998779297
1 7109 123.220001220703
1 7116 117.370002746582
1 7118 125.419998168945
1 7124 117.379997253418
1 7125 119.410003662109
1 7131 124.480003356934
1 7133 128
1 7134 128.050003051758
1 7135 116.459999084473
1 7139 116.910003662109
1 7140 114.269996643066
1 7144 120.370002746582
1 7146 111.089996337891
1 7155 113.650001525879
1 7156 126.01000213623
1 7158 120.139999389648
1 7171 110.959999084473
1 7173 129.949996948242
1 7174 112.919998168945
1 7194 119.25
1 7196 118.449996948242
1 7198 126.599998474121
1 7201 114.110000610352
1 7202 101.279998779297
1 7206 123.080001831055
1 7209 123.290000915527
1 7215 125.680000305176
1 7216 118.779998779297
1 7228 114.139999389648
1 7232 126.900001525879
1 7233 118.889999389648
1 7245 121.069999694824
1 7252 123.839996337891
1 7253 116.51000213623
1 7256 128.399993896484
1 7257 119.529998779297
1 7261 121.470001220703
1 7262 116.349998474121
1 7267 124.099998474121
1 7318 122.889999389648
1 7325 117.970001220703
1 7349 121.349998474121
1 7351 123.129997253418
1 7354 122.5
1 7455 119.01000213623
1 7472 118.169998168945
1 7476 125.339996337891
1 7492 122.220001220703
1 7596 116.029998779297
1 7687 119.120002746582
1 7696 127.790000915527
1 7697 118.099998474121
1 7699 130.460006713867
1 7700 125.720001220703
1 7701 122.190002441406
1 7703 116.069999694824
1 7704 126.330001831055
1 7710 124.800003051758
1 7729 121.529998779297
1 7743 122.139999389648
1 7748 124.069999694824
1 7749 116.040000915527
1 8240 117.910003662109
1 8265 119.23999786377
1 8358 123.669998168945
1 8362 112.720001220703
1 8365 113.440002441406
1 8471 118.839996337891
1 8473 125.25
1 8710 121.75
1 8716 119.319999694824
1 8717 123.669998168945
1 8718 127.319999694824
1 8734 120.050003051758
1 8754 122.76000213623
1 8755 122.199996948242
1 8761 120.120002746582
1 8800 123.540000915527
1 8803 127.730003356934
1 8805 119.639999389648
1 8809 122.269996643066
1 8812 122.080001831055
1 8866 121.339996337891
1 8868 129.589996337891
1 8869 115.220001220703
1 8872 133.470001220703
1 8875 125.580001831055
1 8965 109.830001831055
1 8984 119.449996948242
1 8992 118.290000915527
1 8999 130.600006103516
1 9036 120.669998168945
1 9206 127.730003356934
1 9250 126.25
1 9741 124.860000610352
1 9742 122.440002441406
1 9747 121.940002441406
1 9757 119.910003662109
1 9768 113.779998779297
1 9793 124.669998168945
1 9797 121.309997558594
1 9800 115.76000213623
1 9809 121.809997558594
1 9834 118.529998779297
1 9840 115.639999389648
1 9845 119.199996948242
1 9870 120.51000213623
1 9895 119.01000213623
1 10077 123.360000610352
1 10124 126.5
1 10149 121.389999389648
1 10155 124.680000305176
1 10159 127.680000305176
1 10279 110.089996337891
1 10307 122
1 11091 130.389999389648
