1 2066 457 88
1 2067 457 134
1 2074 457 126
1 2076 457 136
1 1963 457 140
1 2069 457 141
1 2071 457 141
1 2072 457 135
1 2073 457 132
1 2064 457 126
1 2099 211 119
1 2108 211 126
1 2098 211 126
1 2159 211 119
1 2169 211 122
1 2110 211 121
1 2126 211 112
1 2173 211 125
1 2174 211 118
1 2172 211 120
1 2250 290 117
1 2252 290 118
1 2254 290 117
1 2255 290 115
1 2259 290 115
1 2262 290 113
1 2263 290 113
1 2223 290 108
1 2248 290 119
1 2282 290 120
1 2285 290 108
1 2287 290 107
1 2293 290 107
1 2294 290 107
1 2299 290 100
1 2300 290 111
1 2301 290 98
1 2302 290 115
1 2303 290 111
1 2305 290 128
1 2308 290 92
1 2310 290 105
1 2311 290 107
1 2314 290 108
1 2315 290 111
1 2323 290 112
1 2327 290 126
1 2339 290 116
1 2340 290 114
1 2342 290 112
1 2343 290 115
1 2344 290 113
1 2349 290 109
1 2350 290 108
1 2351 290 115
1 2354 290 107
1 2356 290 112
1 2358 290 111
1 2359 290 108
1 2362 290 121
1 2368 290 106
1 2369 290 114
1 2374 290 109
1 2265 290 114
1 2267 290 125
1 2269 290 112
1 2274 290 114
1 2279 290 110
1 2281 290 108
1 2379 290 106
1 2375 290 100
1 2376 290 114
1 2377 290 104
1 2378 290 106
1 2471 414 119
1 2472 414 120
1 2473 414 120
1 2479 414 119
1 2480 414 122
1 2481 414 119
1 2483 414 122
1 2484 414 118
1 2470 414 119
1 2494 414 118
1 2495 414 115
1 2496 414 117
1 2497 414 117
1 2498 414 123
1 2502 414 116
1 2504 414 117
1 2485 414 123
1 2487 414 116
1 2488 414 117
1 2489 414 119
1 2490 414 119
1 2517 414 114
1 2519 414 112
1 2520 414 115
1 2521 414 115
1 2522 414 114
1 2523 414 112
1 2525 414 113
1 2526 414 111
1 2505 414 116
1 2508 414 117
1 2509 414 117
1 2510 414 118
1 2516 414 115
1 2544 414 132
1 2545 414 125
1 2569 414 116
1 2571 414 117
1 2572 414 125
1 2417 414 128
1 2420 414 128
1 2421 414 128
1 2422 414 128
1 2424 414 129
1 2426 414 130
1 2431 414 127
1 2432 414 127
1 2434 414 126
1 2435 414 128
1 2436 414 130
1 2437 414 130
1 2440 414 124
1 2441 414 124
1 2442 414 125
1 2444 414 125
1 2446 414 122
1 2447 414 124
1 2448 414 124
1 2449 414 121
1 2450 414 121
1 2451 414 122
1 2452 414 122
1 2455 414 137
1 2456 414 124
1 2457 414 123
1 2459 414 123
1 2460 414 122
1 2461 414 126
1 2527 414 112
1 2530 414 109
1 2534 414 112
1 2539 414 114
1 2540 414 117
1 2393 414 124
1 2406 414 135
1 2408 414 133
1 2409 414 130
1 2414 414 131
1 2416 414 129
1 2464 414 124
1 2466 414 129
1 2467 414 129
1 2462 414 126
1 2469 414 121
1 2468 414 121
1 2605 321 129
1 2606 321 125
1 2602 321 128
1 2618 321 118
1 2620 321 118
1 2621 321 119
1 2623 321 122
1 2624 321 117
1 2629 321 117
1 2631 321 117
1 2607 321 125
1 2608 321 124
1 2613 321 123
1 2614 321 122
1 2616 321 120
1 2617 321 121
1 2642 321 114
1 2643 321 115
1 2644 321 114
1 2645 321 114
1 2649 321 113
1 2650 321 114
1 2654 321 114
1 2632 321 117
1 2633 321 116
1 2634 321 116
1 2635 321 117
1 2637 321 117
1 2638 321 115
1 2662 321 115
1 2663 321 110
1 2664 321 111
1 2667 321 117
1 2668 321 111
1 2669 321 113
1 2670 321 103
1 2671 321 103
1 2675 321 99
1 2677 321 96
1 2678 321 99
1 2679 321 95
1 2682 321 41
1 2683 321 48
1 2685 321 113
1 2688 321 118
1 2695 321 113
1 2696 321 113
1 2697 321 120
1 2698 321 113
1 2699 321 119
1 2700 321 99
1 2706 321 122
1 2707 321 114
1 2660 321 111
1 2661 321 111
1 2655 321 113
1 2657 321 113
1 2658 321 113
1 2870 443 119
1 2867 443 115
1 2868 443 120
1 2869 443 119
1 2881 443 115
1 2871 443 120
1 2873 443 118
1 2875 443 117
1 2864 443 120
1 2866 443 115
1 2817 443 119
1 2818 443 119
1 2822 443 119
1 2823 443 119
1 2824 443 119
1 2829 443 124
1 2830 443 122
1 2833 443 121
1 2834 443 117
1 2841 443 124
1 2842 443 123
1 2846 443 122
1 2848 443 118
1 2849 443 118
1 2850 443 117
1 2851 443 117
1 2852 443 116
1 2853 443 117
1 2854 443 115
1 2855 443 117
1 2857 443 120
1 2858 443 120
1 2861 443 119
1 2863 443 119
1 2941 443 120
1 2943 443 103
1 2945 443 116
1 2962 443 120
1 2963 443 112
1 2964 443 115
1 2802 443 120
1 2803 443 123
1 2804 443 124
1 2805 443 123
1 2882 443 119
1 2885 443 119
1 2887 443 118
1 2888 443 125
1 2893 443 113
1 2894 443 113
1 2898 443 119
1 2899 443 119
1 2906 443 117
1 2909 443 111
1 2910 443 111
1 2911 443 114
1 2912 443 111
1 2913 443 111
1 2914 443 117
1 2915 443 116
1 2916 443 110
1 2917 443 110
1 2919 443 114
1 2920 443 114
1 2922 443 113
1 2926 443 115
1 2928 443 113
1 2932 443 110
1 2933 443 114
1 2935 443 107
1 2937 443 114
1 2938 443 107
1 2939 443 115
1 2787 443 113
1 2794 443 129
1 2795 443 130
1 2796 443 128
1 2799 443 124
1 2801 443 124
1 2806 443 123
1 2807 443 124
1 2808 443 120
1 2809 443 120
1 2811 443 125
1 2812 443 123
1 3011 435 133
1 3012 435 127
1 3005 435 131
1 3008 435 130
1 3101 435 122
1 3102 435 124
1 3105 435 120
1 3106 435 119
1 3107 435 117
1 3108 435 116
1 3111 435 115
1 3113 435 114
1 3117 435 127
1 3122 435 109
1 3123 435 108
1 3124 435 109
1 3126 435 104
1 3127 435 122
1 3129 435 121
1 3134 435 120
1 3053 435 117
1 3054 435 122
1 3056 435 127
1 3058 435 122
1 3059 435 123
1 3060 435 122
1 3062 435 121
1 3065 435 123
1 3066 435 123
1 3071 435 122
1 3072 435 122
1 3074 435 124
1 3075 435 122
1 3076 435 124
1 3077 435 122
1 3078 435 123
1 3083 435 119
1 3084 435 118
1 3085 435 119
1 3086 435 119
1 3013 435 127
1 3014 435 127
1 3018 435 131
1 3021 435 126
1 3022 435 132
1 3025 435 125
1 3026 435 129
1 3028 435 124
1 3029 435 126
1 3030 435 126
1 3034 435 129
1 3035 435 125
1 3036 435 126
1 3038 435 125
1 3039 435 125
1 3041 435 127
1 3042 435 123
1 3044 435 126
1 3045 435 127
1 3047 435 117
1 3090 435 121
1 3094 435 119
1 3095 435 120
1 3087 435 119
1 3097 435 123
1 3096 435 120
1 3199 357 140
1 3202 357 130
1 3198 357 111
1 3214 357 125
1 3215 357 124
1 3203 357 132
1 3208 357 129
1 3229 357 122
1 3230 357 121
1 3231 357 121
1 3232 357 120
1 3238 357 119
1 3239 357 115
1 3240 357 114
1 3220 357 124
1 3221 357 123
1 3222 357 122
1 3224 357 121
1 3225 357 120
1 3226 357 117
1 3250 357 113
1 3251 357 113
1 3252 357 113
1 3253 357 115
1 3255 357 113
1 3256 357 113
1 3258 357 118
1 3259 357 119
1 3260 357 113
1 3262 357 119
1 3265 357 117
1 3266 357 117
1 3267 357 111
1 3268 357 111
1 3269 357 111
1 3270 357 111
1 3272 357 114
1 3275 357 110
1 3276 357 110
1 3277 357 110
1 3278 357 110
1 3280 357 109
1 3282 357 114
1 3283 357 112
1 3284 357 109
1 3286 357 108
1 3287 357 113
1 3288 357 112
1 3289 357 113
1 3291 357 108
1 3292 357 114
1 3293 357 112
1 3294 357 112
1 3296 357 110
1 3241 357 116
1 3242 357 116
1 3243 357 117
1 3245 357 118
1 3248 357 119
1 3249 357 116
1 3297 357 107
1 3298 357 107
1 3477 575 112
1 3481 575 120
1 3482 575 112
1 3478 575 117
1 3480 575 111
1 3487 575 115
1 3490 575 114
1 3486 575 115
1 3493 575 111
1 3494 575 114
1 3496 575 109
1 3498 575 110
1 3499 575 111
1 3500 575 111
1 3501 575 117
1 3502 575 110
1 3503 575 110
1 3504 575 109
1 3491 575 110
1 3492 575 111
1 3509 575 112
1 3511 575 109
1 3514 575 110
1 3515 575 110
1 3517 575 111
1 3518 575 114
1 3519 575 111
1 3522 575 110
1 3523 575 112
1 3506 575 113
1 3507 575 114
1 3529 575 114
1 3532 575 112
1 3533 575 112
1 3535 575 119
1 3536 575 104
1 3540 575 98
1 3541 575 98
1 3543 575 98
1 3544 575 98
1 3545 575 98
1 3547 575 100
1 3548 575 96
1 3551 575 109
1 3552 575 117
1 3553 575 116
1 3572 575 118
1 3574 575 110
1 3580 575 120
1 3581 575 119
1 3588 575 119
1 3439 575 116
1 3441 575 116
1 3445 575 122
1 3448 575 117
1 3455 575 114
1 3458 575 115
1 3459 575 115
1 3460 575 117
1 3461 575 117
1 3462 575 115
1 3464 575 115
1 3465 575 121
1 3466 575 115
1 3467 575 115
1 3468 575 113
1 3469 575 114
1 3470 575 115
1 3525 575 109
1 3527 575 104
1 3398 575 131
1 3399 575 131
1 3400 575 131
1 3401 575 129
1 3403 575 122
1 3409 575 121
1 3410 575 121
1 3411 575 119
1 3418 575 120
1 3419 575 118
1 3420 575 118
1 3423 575 120
1 3424 575 120
1 3425 575 121
1 3426 575 120
1 3428 575 118
1 3429 575 122
1 3430 575 119
1 3434 575 121
1 3438 575 118
1 3474 575 116
1 3471 575 114
1 3472 575 113
1 3473 575 113
1 3475 575 112
1 3476 575 115
1 3635 542 130
1 3642 542 122
1 3645 542 128
1 3637 542 128
1 3641 542 123
1 3666 542 116
1 3667 542 116
1 3669 542 120
1 3670 542 120
1 3671 542 121
1 3674 542 121
1 3675 542 121
1 3647 542 123
1 3654 542 124
1 3661 542 123
1 3662 542 118
1 3664 542 121
1 3760 542 114
1 3762 542 109
1 3765 542 108
1 3767 542 108
1 3768 542 115
1 3769 542 107
1 3770 542 115
1 3772 542 110
1 3773 542 106
1 3774 542 109
1 3778 542 113
1 3779 542 104
1 3780 542 104
1 3786 542 107
1 3787 542 109
1 3788 542 109
1 3789 542 110
1 3793 542 106
1 3794 542 103
1 3800 542 96
1 3801 542 96
1 3809 542 107
1 3810 542 106
1 3811 542 111
1 3812 542 107
1 3813 542 107
1 3814 542 106
1 3816 542 107
1 3818 542 105
1 3744 542 110
1 3745 542 110
1 3746 542 110
1 3681 542 117
1 3683 542 119
1 3684 542 115
1 3685 542 119
1 3686 542 115
1 3687 542 115
1 3690 542 119
1 3692 542 114
1 3693 542 120
1 3695 542 119
1 3700 542 113
1 3701 542 118
1 3704 542 113
1 3710 542 115
1 3711 542 119
1 3712 542 116
1 3713 542 113
1 3714 542 113
1 3717 542 112
1 3718 542 113
1 3720 542 114
1 3721 542 116
1 3724 542 116
1 3726 542 111
1 3727 542 111
1 3728 542 112
1 3729 542 111
1 3733 542 117
1 3736 542 116
1 3737 542 113
1 3738 542 111
1 3739 542 116
1 3740 542 116
1 3741 542 110
1 3742 542 110
1 3743 542 113
1 3749 542 116
1 3750 542 115
1 3756 542 108
1 3747 542 114
1 3758 542 113
1 3757 542 109
1 3880 591 130
1 3878 591 119
1 3894 591 119
1 3895 591 119
1 3896 591 118
1 3898 591 119
1 3901 591 122
1 3902 591 125
1 3903 591 117
1 3907 591 120
1 3908 591 117
1 3909 591 117
1 3910 591 117
1 3911 591 117
1 3913 591 121
1 3914 591 119
1 3915 591 116
1 3916 591 116
1 3917 591 118
1 3918 591 118
1 3920 591 122
1 3921 591 122
1 3924 591 120
1 3925 591 120
1 3926 591 120
1 3927 591 119
1 3928 591 119
1 3929 591 117
1 3931 591 121
1 3932 591 116
1 3933 591 116
1 3936 591 115
1 3937 591 116
1 3938 591 116
1 3939 591 115
1 3940 591 115
1 3881 591 126
1 3887 591 120
1 3889 591 121
1 3891 591 128
1 3892 591 122
1 3893 591 118
1 4043 591 108
1 4044 591 110
1 4045 591 107
1 4050 591 105
1 4051 591 108
1 4053 591 104
1 4054 591 108
1 4057 591 108
1 4061 591 110
1 4062 591 103
1 4064 591 106
1 4071 591 112
1 4074 591 101
1 3973 591 115
1 3974 591 116
1 3976 591 116
1 3977 591 116
1 3980 591 114
1 3987 591 110
1 3988 591 113
1 3989 591 110
1 3990 591 111
1 3994 591 114
1 3999 591 114
1 4000 591 112
1 4001 591 110
1 4002 591 109
1 4003 591 114
1 4004 591 113
1 4010 591 113
1 4013 591 112
1 4015 591 112
1 4020 591 111
1 4021 591 118
1 4024 591 112
1 3941 591 116
1 3942 591 116
1 3943 591 115
1 3944 591 116
1 3945 591 116
1 3946 591 119
1 3949 591 114
1 3950 591 119
1 3951 591 115
1 3953 591 114
1 3962 591 112
1 3965 591 114
1 3968 591 113
1 3971 591 119
1 3972 591 115
1 4040 591 108
1 4041 591 109
1 4042 591 106
1 4032 591 111
1 4035 591 112
1 4031 591 110
1 4159 325 114
1 4155 325 119
1 4158 325 124
1 4167 325 123
1 4161 325 126
1 4164 325 121
1 4166 325 116
1 4150 325 126
1 4151 325 123
1 4153 325 129
1 4179 325 112
1 4183 325 113
1 4185 325 123
1 4188 325 110
1 4189 325 119
1 4190 325 122
1 4191 325 119
1 4168 325 116
1 4170 325 122
1 4172 325 114
1 4173 325 121
1 4174 325 115
1 4176 325 112
1 4202 325 110
1 4205 325 112
1 4206 325 112
1 4207 325 108
1 4208 325 108
1 4209 325 108
1 4210 325 109
1 4211 325 112
1 4212 325 112
1 4213 325 116
1 4215 325 115
1 4216 325 111
1 4217 325 110
1 4218 325 110
1 4222 325 112
1 4223 325 110
1 4224 325 108
1 4225 325 108
1 4226 325 115
1 4227 325 107
1 4229 325 117
1 4230 325 117
1 4231 325 112
1 4232 325 112
1 4233 325 108
1 4234 325 122
1 4235 325 118
1 4236 325 111
1 4237 325 104
1 4239 325 109
1 4240 325 104
1 4241 325 111
1 4243 325 107
1 4193 325 110
1 4194 325 111
1 4195 325 115
1 4198 325 118
1 4199 325 109
1 4201 325 117
1 4253 325 105
1 4254 325 103
1 4255 325 108
1 4256 325 99
1 4258 325 102
1 4259 325 99
1 4260 325 102
1 4261 325 102
1 4250 325 111
1 4244 325 115
1 4248 325 118
1 4249 325 109
1 4251 325 102
1 4459 461 107
1 4468 461 109
1 4469 461 105
1 4471 461 106
1 4472 461 118
1 4474 461 107
1 4383 461 116
1 4386 461 115
1 4387 461 116
1 4462 461 107
1 4463 461 116
1 4465 461 106
1 4466 461 106
1 4467 461 109
1 4405 461 117
1 4406 461 112
1 4407 461 112
1 4408 461 113
1 4412 461 117
1 4417 461 112
1 4418 461 112
1 4419 461 119
1 4388 461 113
1 4389 461 113
1 4393 461 113
1 4395 461 113
1 4397 461 112
1 4444 461 108
1 4445 461 119
1 4446 461 108
1 4447 461 108
1 4448 461 120
1 4450 461 116
1 4453 461 110
1 4454 461 108
1 4333 461 131
1 4334 461 131
1 4337 461 129
1 4338 461 127
1 4343 461 123
1 4353 461 123
1 4363 461 118
1 4366 461 116
1 4375 461 117
1 4379 461 122
1 4382 461 116
1 4425 461 112
1 4426 461 116
1 4433 461 110
1 4424 461 118
1 4435 461 111
1 4434 461 112
1 4567 651 107
1 4568 651 123
1 4563 651 107
1 4576 651 121
1 4579 651 116
1 4582 651 113
1 4583 651 108
1 4569 651 112
1 4570 651 112
1 4571 651 115
1 4572 651 119
1 4573 651 105
1 4574 651 105
1 4593 651 106
1 4594 651 114
1 4595 651 114
1 4597 651 116
1 4598 651 110
1 4599 651 113
1 4600 651 113
1 4601 651 116
1 4602 651 114
1 4603 651 112
1 4604 651 108
1 4605 651 109
1 4607 651 108
1 4608 651 113
1 4609 651 112
1 4610 651 117
1 4611 651 118
1 4616 651 114
1 4617 651 113
1 4619 651 115
1 4620 651 119
1 4621 651 114
1 4622 651 115
1 4623 651 118
1 4624 651 112
1 4625 651 121
1 4627 651 113
1 4628 651 77
1 4629 651 110
1 4630 651 119
1 4634 651 117
1 4635 651 108
1 4636 651 108
1 4638 651 111
1 4584 651 108
1 4585 651 106
1 4586 651 100
1 4590 651 127
1 4592 651 110
1 4648 651 114
1 4649 651 113
1 5273 651 119
1 5331 651 115
1 5384 651 117
1 4654 651 109
1 4655 651 115
1 4659 651 122
1 4660 651 27
1 4661 651 117
1 4662 651 119
1 4663 651 121
1 4664 651 113
1 4665 651 120
1 4667 651 117
1 4668 651 130
1 4669 651 120
1 4670 651 117
1 4674 651 135
1 4675 651 120
1 4676 651 115
1 4677 651 127
1 4678 651 129
1 4679 651 129
1 4680 651 131
1 4681 651 133
1 4682 651 127
1 4684 651 138
1 4685 651 129
1 4650 651 119
1 4652 651 109
1 4653 651 109
1 4642 651 113
1 4643 651 113
1 4644 651 113
1 4640 651 114
1 4645 651 115
1 5141 335 112
1 5144 335 120
1 5145 335 119
1 5087 335 118
1 5090 335 122
1 5132 335 113
1 5137 335 112
1 5138 335 112
1 5095 335 116
1 5096 335 120
1 5097 335 122
1 5100 335 121
1 5101 335 117
1 5102 335 117
1 5103 335 124
1 5104 335 124
1 5105 335 116
1 5106 335 119
1 5107 335 119
1 5109 335 115
1 5111 335 115
1 5112 335 116
1 5113 335 115
1 5114 335 124
1 5116 335 119
1 5117 335 122
1 5120 335 115
1 5127 335 113
1 5128 335 121
1 5129 335 120
1 5131 335 117
1 5056 335 142
1 5059 335 133
1 5061 335 132
1 5066 335 127
1 5067 335 128
1 5071 335 128
1 5147 335 119
1 5150 335 116
1 5151 335 116
1 5155 335 112
1 5157 335 111
1 5158 335 108
1 5226 335 111
1 5091 335 121
1 5092 335 121
1 5093 335 121
1 5073 335 125
1 5076 335 124
1 5077 335 119
1 5081 335 125
1 5084 335 122
1 5086 335 118
1 5425 494 124
1 5428 494 124
1 5421 494 130
1 5423 494 131
1 5440 494 120
1 5441 494 120
1 5442 494 120
1 5443 494 120
1 5444 494 120
1 5446 494 122
1 5447 494 122
1 5430 494 128
1 5432 494 125
1 5435 494 122
1 5436 494 122
1 5437 494 122
1 5439 494 126
1 5463 494 119
1 5464 494 115
1 5465 494 116
1 5466 494 115
1 5468 494 122
1 5471 494 116
1 5472 494 115
1 5451 494 121
1 5452 494 124
1 5454 494 118
1 5457 494 122
1 5458 494 120
1 5462 494 120
1 5551 494 107
1 5552 494 118
1 5553 494 103
1 5554 494 103
1 5555 494 100
1 5558 494 105
1 5562 494 121
1 5563 494 100
1 5588 494 128
1 5595 494 122
1 5597 494 121
1 5604 494 120
1 5605 494 117
1 5606 494 119
1 5609 494 116
1 5615 494 116
1 5617 494 115
1 5618 494 118
1 5619 494 114
1 5622 494 111
1 5623 494 114
1 5624 494 115
1 5626 494 116
1 5627 494 113
1 5631 494 108
1 5632 494 103
1 5643 494 77
1 5528 494 107
1 5531 494 107
1 5534 494 105
1 5535 494 105
1 5536 494 109
1 5537 494 109
1 5538 494 110
1 5540 494 103
1 5473 494 121
1 5474 494 113
1 5475 494 116
1 5479 494 116
1 5480 494 118
1 5481 494 113
1 5482 494 117
1 5483 494 118
1 5484 494 118
1 5485 494 120
1 5486 494 121
1 5489 494 118
1 5490 494 111
1 5491 494 113
1 5493 494 110
1 5494 494 110
1 5495 494 112
1 5499 494 109
1 5500 494 110
1 5501 494 109
1 5502 494 111
1 5503 494 112
1 5506 494 111
1 5509 494 109
1 5510 494 108
1 5516 494 111
1 5520 494 109
1 5523 494 108
1 5524 494 108
1 5525 494 106
1 5526 494 106
1 5527 494 107
1 5548 494 115
1 5542 494 116
1 5543 494 118
1 5546 494 113
1 5541 494 104
1 5547 494 113
1 5731 671 127
1 5732 671 127
1 5734 671 128
1 5744 671 133
1 5747 671 124
1 5749 671 124
1 5741 671 126
1 5728 671 135
1 5772 671 121
1 5775 671 127
1 5776 671 127
1 5778 671 122
1 5780 671 127
1 5783 671 120
1 5795 671 118
1 5796 671 118
1 5797 671 118
1 5801 671 119
1 5804 671 124
1 5811 671 118
1 5813 671 116
1 5814 671 116
1 5815 671 116
1 5816 671 116
1 5817 671 117
1 5819 671 119
1 5820 671 119
1 5822 671 117
1 5826 671 117
1 5827 671 122
1 5830 671 117
1 5833 671 117
1 5834 671 117
1 5840 671 123
1 5841 671 118
1 5842 671 122
1 5843 671 122
1 5844 671 119
1 5845 671 114
1 5848 671 114
1 5849 671 114
1 5853 671 115
1 5750 671 131
1 5752 671 122
1 5755 671 128
1 5758 671 122
1 5763 671 121
1 5768 671 120
1 6002 671 117
1 6015 671 123
1 6016 671 120
1 6020 671 111
1 6022 671 104
1 6028 671 79
1 6029 671 92
1 6030 671 92
1 6034 671 77
1 5900 671 114
1 5901 671 110
1 5903 671 118
1 5904 671 127
1 5905 671 113
1 5906 671 113
1 5907 671 113
1 5908 671 114
1 5909 671 110
1 5914 671 114
1 5919 671 108
1 5920 671 110
1 5921 671 115
1 5922 671 120
1 5925 671 110
1 5927 671 108
1 5931 671 110
1 5932 671 108
1 5935 671 111
1 5973 671 106
1 5974 671 106
1 5976 671 104
1 5977 671 113
1 5978 671 125
1 5980 671 127
1 5981 671 135
1 5874 671 113
1 5875 671 117
1 5876 671 114
1 5877 671 115
1 5878 671 115
1 5879 671 114
1 5880 671 117
1 5886 671 122
1 5890 671 114
1 5894 671 113
1 5895 671 113
1 5896 671 116
1 5898 671 111
1 5899 671 112
1 5983 671 123
1 5988 671 114
1 5990 671 100
1 5992 671 127
1 5993 671 128
1 5998 671 117
1 6103 405 121
1 6106 405 119
1 6113 405 117
1 6114 405 117
1 6116 405 115
1 6117 405 115
1 6084 405 146
1 6085 405 131
1 6088 405 131
1 6090 405 129
1 6095 405 128
1 6102 405 126
1 6131 405 115
1 6133 405 114
1 6150 405 112
1 6151 405 113
1 6152 405 112
1 6154 405 113
1 6155 405 113
1 6120 405 123
1 6121 405 117
1 6122 405 115
1 6123 405 115
1 6124 405 114
1 6125 405 117
1 6171 405 110
1 6172 405 111
1 6173 405 110
1 6174 405 110
1 6175 405 110
1 6176 405 111
1 6181 405 109
1 6183 405 113
1 6184 405 109
1 6189 405 106
1 6191 405 109
1 6196 405 104
1 6197 405 106
1 6200 405 103
1 6201 405 125
1 6202 405 104
1 6276 405 99
1 6277 405 98
1 6164 405 117
1 6165 405 111
1 6166 405 112
1 6163 405 123
1 6170 405 114
1 6167 405 111
1 6346 467 119
1 6347 467 116
1 6340 467 122
1 6391 467 121
1 6392 467 121
1 6395 467 114
1 6396 467 112
1 6398 467 118
1 6399 467 114
1 6400 467 118
1 6348 467 116
1 6349 467 123
1 6363 467 117
1 6368 467 116
1 6380 467 116
1 6386 467 116
1 6409 467 112
1 6410 467 118
1 6412 467 120
1 6415 467 120
1 6418 467 108
1 6421 467 115
1 6422 467 108
1 6423 467 108
1 6439 467 110
1 6443 467 114
1 6445 467 107
1 6446 467 107
1 6447 467 107
1 6453 467 108
1 6454 467 106
1 6458 467 112
1 6459 467 109
1 6460 467 114
1 6462 467 118
1 6464 467 106
1 6465 467 105
1 6473 467 104
1 6474 467 113
1 6475 467 113
1 6476 467 111
1 6478 467 103
1 6479 467 103
1 6482 467 105
1 6483 467 102
1 6484 467 109
1 6486 467 101
1 6487 467 109
1 6488 467 121
1 6489 467 108
1 6503 467 99
1 6402 467 110
1 6403 467 109
1 6404 467 110
1 6405 467 110
1 6406 467 109
1 6527 467 113
1 6504 467 99
1 6506 467 96
1 6523 467 114
1 6525 467 116
1 6526 467 112
1 6565 447 122
1 6567 447 138
1 6574 447 119
1 6564 447 127
1 6583 447 117
1 6584 447 123
1 6585 447 121
1 6577 447 118
1 6592 447 118
1 6595 447 123
1 6596 447 121
1 6597 447 121
1 6599 447 114
1 6600 447 120
1 6605 447 114
1 6608 447 113
1 6586 447 120
1 6587 447 116
1 6588 447 120
1 6590 447 115
1 6591 447 120
1 6616 447 113
1 6617 447 113
1 6620 447 113
1 6621 447 119
1 6622 447 117
1 6623 447 116
1 6624 447 111
1 6625 447 113
1 6611 447 121
1 6612 447 114
1 6613 447 121
1 6614 447 121
1 6615 447 113
1 6563 447 130
1 6636 447 116
1 6644 447 109
1 6645 447 110
1 6646 447 115
1 6649 447 110
1 6650 447 110
1 6651 447 110
1 6652 447 120
1 6655 447 109
1 6656 447 109
1 6659 447 118
1 6662 447 115
1 6663 447 110
1 6666 447 117
1 6667 447 115
1 6670 447 111
1 6671 447 109
1 6672 447 108
1 6673 447 110
1 6674 447 116
1 6675 447 113
1 6677 447 112
1 6678 447 110
1 6679 447 108
1 6682 447 111
1 6683 447 109
1 6687 447 117
1 6689 447 113
1 6691 447 115
1 6692 447 117
1 6693 447 112
1 6694 447 108
1 6695 447 108
1 6696 447 111
1 6628 447 111
1 6630 447 112
1 6632 447 110
1 6633 447 112
1 6634 447 111
1 6635 447 112
1 6706 447 112
1 6708 447 114
1 6710 447 113
1 6711 447 113
1 6713 447 112
1 6714 447 117
1 6715 447 104
1 6716 447 105
1 6717 447 108
1 6718 447 106
1 6719 447 105
1 6720 447 103
1 6721 447 103
1 6722 447 104
1 6724 447 104
1 6725 447 110
1 6727 447 108
1 6730 447 105
1 6731 447 97
1 6732 447 97
1 6761 447 101
1 6762 447 101
1 6766 447 113
1 6774 447 114
1 6703 447 109
1 6704 447 106
1 6705 447 108
1 6700 447 116
1 6913 567 120
1 6916 567 111
1 6918 567 122
1 6919 567 119
1 6915 567 120
1 6923 567 118
1 6924 567 113
1 6927 567 111
1 6921 567 111
1 6906 567 112
1 6910 567 111
1 6912 567 111
1 6862 567 123
1 6863 567 121
1 6864 567 114
1 6865 567 117
1 6868 567 114
1 6869 567 114
1 6870 567 124
1 6872 567 113
1 6875 567 122
1 6876 567 112
1 6879 567 120
1 6881 567 114
1 6883 567 120
1 6884 567 120
1 6886 567 122
1 6890 567 112
1 6891 567 112
1 6892 567 120
1 6897 567 119
1 6898 567 119
1 6902 567 118
1 6903 567 112
1 6904 567 112
1 6905 567 112
1 6968 567 106
1 6969 567 104
1 6971 567 106
1 6972 567 109
1 6974 567 102
1 6978 567 103
1 6979 567 119
1 6980 567 107
1 6984 567 119
1 6985 567 105
1 6989 567 100
1 6990 567 101
1 6928 567 111
1 6929 567 110
1 6930 567 110
1 6931 567 116
1 6934 567 109
1 6936 567 112
1 6937 567 112
1 6939 567 117
1 6940 567 111
1 6941 567 110
1 6942 567 110
1 6944 567 108
1 6945 567 111
1 6946 567 107
1 6947 567 107
1 6948 567 107
1 6949 567 118
1 6950 567 108
1 6955 567 119
1 6956 567 118
1 6957 567 107
1 6958 567 110
1 6959 567 107
1 6960 567 111
1 6963 567 110
1 6964 567 119
1 6966 567 108
1 6967 567 106
1 6824 567 125
1 6825 567 125
1 6826 567 122
1 6827 567 121
1 6828 567 119
1 6830 567 131
1 6835 567 116
1 6838 567 124
1 6839 567 117
1 6845 567 122
1 6850 567 120
1 6851 567 115
1 6855 567 121
1 6856 567 114
1 6857 567 116
1 6858 567 121
1 6861 567 123
1 7042 567 121
1 7037 567 116
1 7040 567 118
1 7041 567 121
1 7180 617 117
1 7181 617 117
1 7182 617 125
1 7185 617 115
1 7186 617 120
1 7188 617 115
1 7189 617 117
1 7194 617 123
1 7195 617 132
1 7203 617 126
1 7204 617 123
1 7205 617 120
1 7206 617 121
1 7207 617 127
1 7209 617 128
1 7210 617 127
1 7213 617 123
1 7216 617 129
1 7198 617 120
1 7199 617 121
1 7200 617 125
1 7202 617 129
1 7221 617 121
1 7229 617 124
1 7230 617 118
1 7233 617 119
1 7234 617 119
1 7235 617 125
1 7236 617 121
1 7238 617 118
1 7218 617 129
1 7219 617 118
1 7220 617 121
1 7245 617 126
1 7246 617 113
1 7248 617 112
1 7249 617 112
1 7250 617 111
1 7251 617 114
1 7252 617 114
1 7254 617 121
1 7256 617 124
1 7260 617 112
1 7261 617 110
1 7262 617 110
1 7267 617 101
1 7307 617 128
1 7308 617 122
1 7140 617 123
1 7142 617 127
1 7144 617 129
1 7145 617 129
1 7146 617 129
1 7150 617 123
1 7151 617 123
1 7152 617 122
1 7153 617 124
1 7154 617 124
1 7156 617 123
1 7158 617 116
1 7159 617 121
1 7161 617 120
1 7162 617 120
1 7163 617 118
1 7164 617 117
1 7165 617 117
1 7169 617 127
1 7172 617 117
1 7173 617 116
1 7239 617 118
1 7240 617 120
1 7241 617 124
1 7242 617 125
1 7107 617 140
1 7108 617 134
1 7113 617 133
1 7117 617 130
1 7118 617 135
1 7119 617 127
1 7120 617 127
1 7121 617 127
1 7124 617 127
1 7129 617 128
1 7132 617 130
1 7134 617 124
1 7136 617 130
1 7137 617 132
1 7139 617 124
1 7179 617 115
1 7175 617 121
1 7176 617 116
1 7177 617 123
1 7174 617 116
1 7178 617 115
1 7436 672 124
1 7437 672 131
1 7438 672 122
1 7441 672 123
1 7444 672 123
1 7446 672 131
1 7440 672 123
1 7435 672 137
1 7457 672 118
1 7462 672 127
1 7463 672 127
1 7467 672 118
1 7471 672 117
1 7472 672 117
1 7473 672 127
1 7447 672 124
1 7451 672 129
1 7452 672 120
1 7453 672 119
1 7454 672 119
1 7455 672 127
1 7552 672 117
1 7553 672 118
1 7558 672 112
1 7559 672 111
1 7560 672 111
1 7561 672 120
1 7562 672 117
1 7563 672 123
1 7565 672 109
1 7569 672 109
1 7571 672 112
1 7572 672 120
1 7573 672 108
1 7574 672 108
1 7575 672 108
1 7576 672 108
1 7577 672 109
1 7578 672 114
1 7580 672 116
1 7581 672 108
1 7582 672 109
1 7586 672 124
1 7591 672 116
1 7593 672 123
1 7595 672 108
1 7600 672 107
1 7602 672 117
1 7603 672 118
1 7681 672 105
1 7682 672 104
1 7536 672 114
1 7537 672 120
1 7538 672 120
1 7541 672 111
1 7476 672 116
1 7478 672 123
1 7480 672 117
1 7482 672 115
1 7483 672 125
1 7484 672 117
1 7485 672 118
1 7486 672 118
1 7488 672 123
1 7490 672 114
1 7491 672 117
1 7492 672 114
1 7496 672 116
1 7501 672 114
1 7502 672 117
1 7511 672 116
1 7512 672 114
1 7513 672 114
1 7514 672 114
1 7515 672 113
1 7516 672 114
1 7517 672 115
1 7519 672 125
1 7520 672 116
1 7521 672 113
1 7522 672 115
1 7523 672 117
1 7524 672 122
1 7525 672 114
1 7526 672 113
1 7528 672 123
1 7529 672 114
1 7530 672 116
1 7531 672 121
1 7532 672 120
1 7533 672 120
1 7542 672 109
1 7543 672 111
1 7544 672 111
1 7545 672 110
1 7546 672 129
1 7548 672 111
1 8220 649 123
1 8224 649 123
1 8213 649 122
1 8219 649 120
1 8236 649 116
1 8237 649 115
1 8238 649 119
1 8239 649 115
1 8245 649 117
1 8246 649 120
1 8247 649 119
1 8248 649 116
1 8250 649 120
1 8251 649 117
1 8252 649 113
1 8254 649 115
1 8255 649 112
1 8256 649 114
1 8257 649 114
1 8258 649 113
1 8259 649 117
1 8260 649 119
1 8263 649 117
1 8265 649 118
1 8267 649 114
1 8269 649 112
1 8271 649 112
1 8273 649 117
1 8276 649 112
1 8277 649 113
1 8278 649 113
1 8280 649 111
1 8281 649 112
1 8282 649 111
1 8283 649 111
1 8284 649 110
1 8285 649 110
1 8227 649 118
1 8228 649 116
1 8229 649 117
1 8231 649 116
1 8233 649 121
1 8234 649 115
1 8296 649 110
1 8297 649 119
1 8299 649 109
1 8300 649 109
1 8301 649 110
1 8302 649 112
1 8303 649 109
1 8304 649 113
1 8307 649 116
1 8308 649 112
1 8314 649 109
1 8315 649 109
1 8317 649 110
1 8318 649 111
1 8319 649 113
1 8324 649 108
1 8325 649 108
1 8327 649 109
1 8328 649 108
1 8329 649 110
1 8341 649 114
1 8345 649 114
1 8346 649 114
1 8349 649 108
1 8351 649 106
1 8352 649 109
1 8353 649 109
1 8354 649 118
1 8359 649 119
1 8361 649 103
1 8452 649 109
1 8457 649 115
1 8461 649 107
1 8493 649 112
1 8507 649 114
1 8286 649 111
1 8289 649 116
1 8292 649 112
1 8295 649 110
1 8730 362 116
1 8731 362 118
1 8733 362 119
1 8736 362 117
1 8743 362 117
1 8744 362 118
1 8746 362 126
1 8747 362 117
1 8752 362 116
1 8753 362 114
1 8754 362 114
1 8756 362 123
1 8757 362 117
1 8764 362 114
1 8765 362 113
1 8767 362 116
1 8769 362 113
1 8770 362 112
1 8771 362 113
1 8772 362 113
1 8776 362 116
1 8780 362 109
1 8781 362 111
1 8782 362 110
1 8783 362 110
1 8789 362 120
1 8790 362 114
1 8792 362 120
1 8793 362 111
1 8794 362 109
1 8798 362 111
1 8799 362 112
1 8800 362 116
1 8806 362 113
1 8811 362 105
1 8812 362 107
1 8723 362 120
1 8724 362 121
1 8727 362 121
1 8710 362 127
1 8713 362 123
1 8722 362 121
1 9012 545 121
1 9009 545 123
1 9010 545 124
1 9011 545 124
1 9018 545 120
1 9013 545 119
1 9015 545 118
1 9017 545 125
1 9025 545 121
1 9026 545 121
1 9027 545 116
1 9028 545 120
1 9033 545 119
1 9034 545 117
1 9035 545 117
1 9036 545 120
1 9040 545 116
1 9041 545 125
1 9022 545 127
1 9023 545 118
1 9024 545 120
1 9045 545 116
1 9046 545 116
1 9048 545 116
1 9050 545 116
1 9051 545 116
1 9055 545 117
1 9056 545 117
1 9057 545 116
1 9058 545 114
1 9059 545 115
1 9042 545 125
1 9043 545 116
1 9044 545 118
1 9001 545 136
1 9004 545 133
1 9008 545 123
1 9147 545 110
1 9148 545 110
1 9149 545 117
1 9155 545 105
1 9156 545 108
1 9158 545 119
1 9161 545 101
1 9162 545 104
1 9163 545 105
1 9164 545 105
1 9203 545 117
1 9208 545 120
1 9209 545 120
1 9211 545 119
1 9212 545 119
1 9093 545 121
1 9098 545 118
1 9101 545 119
1 9106 545 120
1 9109 545 120
1 9111 545 118
1 9112 545 114
1 9113 545 113
1 9114 545 114
1 9115 545 114
1 9116 545 120
1 9120 545 123
1 9121 545 123
1 9122 545 113
1 9126 545 109
1 9127 545 109
1 9129 545 121
1 9130 545 122
1 9132 545 112
1 9133 545 112
1 9060 545 118
1 9062 545 120
1 9063 545 118
1 9065 545 127
1 9068 545 124
1 9072 545 114
1 9073 545 114
1 9074 545 117
1 9076 545 124
1 9079 545 117
1 9080 545 115
1 9081 545 115
1 9082 545 115
1 9084 545 115
1 9087 545 116
1 9088 545 113
1 9089 545 113
1 9090 545 115
1 9091 545 112
1 9092 545 118
1 9135 545 110
1 9136 545 113
1 9142 545 108
1 9134 545 110
1 9145 545 107
1 9144 545 107
1 9754 482 127
1 9756 482 117
1 9753 482 124
1 9759 482 119
1 9762 482 121
1 9757 482 121
1 9758 482 127
1 9769 482 113
1 9773 482 116
1 9775 482 122
1 9776 482 122
1 9780 482 122
1 9781 482 116
1 9763 482 114
1 9766 482 118
1 9767 482 124
1 9768 482 117
1 9790 482 121
1 9793 482 117
1 9794 482 112
1 9795 482 109
1 9797 482 120
1 9798 482 120
1 9800 482 120
1 9801 482 110
1 9802 482 113
1 9803 482 110
1 9804 482 120
1 9809 482 119
1 9810 482 115
1 9811 482 115
1 9815 482 116
1 9821 482 108
1 9824 482 111
1 9827 482 111
1 9830 482 107
1 9834 482 118
1 9835 482 111
1 9836 482 111
1 9839 482 120
1 9840 482 107
1 9841 482 112
1 9842 482 117
1 9844 482 115
1 9850 482 121
1 9851 482 110
1 9782 482 113
1 9784 482 118
1 9787 482 111
1 9788 482 110
1 9919 482 103
1 9920 482 96
1 9921 482 96
1 10046 482 101
1 10049 482 105
1 10051 482 92
1 10076 482 70
1 9873 482 107
1 9874 482 107
1 9875 482 109
1 9877 482 108
1 9878 482 105
1 9879 482 105
1 9880 482 111
1 9885 482 108
1 9887 482 111
1 9888 482 119
1 9889 482 109
1 9895 482 107
1 9897 482 113
1 9898 482 105
1 9899 482 112
1 9901 482 113
1 9902 482 105
1 9903 482 109
1 9904 482 102
1 9905 482 102
1 9907 482 111
1 9852 482 110
1 9854 482 108
1 9855 482 111
1 9856 482 112
1 9857 482 112
1 9859 482 111
1 9862 482 118
1 9865 482 114
1 9869 482 116
1 9870 482 111
1 9912 482 100
1 9915 482 103
1 9918 482 98
1 9911 482 120
1 9909 482 116
1 10184 513 112
1 10187 513 99
1 10183 513 117
1 10194 513 113
1 10196 513 109
1 10188 513 99
1 10193 513 119
1 10179 513 134
1 10180 513 127
1 10181 513 118
1 10182 513 138
1 10206 513 114
1 10208 513 108
1 10210 513 107
1 10211 513 107
1 10217 513 116
1 10218 513 109
1 10220 513 105
1 10197 513 119
1 10199 513 120
1 10201 513 120
1 10202 513 102
1 10203 513 108
1 10205 513 108
1 10230 513 106
1 10231 513 106
1 10233 513 114
1 10235 513 104
1 10238 513 104
1 10239 513 115
1 10240 513 115
1 10242 513 106
1 10245 513 103
1 10246 513 111
1 10247 513 111
1 10251 513 113
1 10256 513 114
1 10258 513 102
1 10259 513 103
1 10262 513 102
1 10263 513 105
1 10266 513 111
1 10272 513 118
1 10273 513 106
1 10274 513 106
1 10277 513 101
1 10278 513 113
1 10279 513 101
1 10281 513 105
1 10282 513 103
1 10290 513 104
1 10291 513 103
1 10292 513 100
1 10293 513 101
1 10298 513 101
1 10299 513 103
1 10300 513 105
1 10301 513 100
1 10221 513 105
1 10223 513 105
1 10224 513 106
1 10227 513 115
1 10228 513 105
1 10229 513 106
1 10310 513 110
1 10312 513 108
1 10313 513 110
1 10314 513 99
1 10316 513 109
1 10318 513 103
1 10319 513 102
1 10320 513 99
1 10321 513 104
1 10322 513 101
1 10325 513 109
1 10328 513 115
1 10331 513 99
1 10332 513 99
1 10333 513 100
1 10335 513 97
1 10336 513 108
1 10337 513 101
1 10338 513 100
1 10340 513 101
1 10341 513 108
1 10342 513 111
1 10343 513 97
1 10345 513 100
1 10346 513 100
1 10354 513 104
1 10355 513 95
1 10432 513 98
1 10435 513 101
1 10442 513 89
1 10309 513 100
1 10302 513 101
1 10303 513 101
1 10308 513 100
1 10594 444 109
1 10595 444 112
1 10597 444 108
1 10598 444 114
1 10599 444 108
1 10533 444 113
1 10534 444 113
1 10535 444 113
1 10536 444 113
1 10540 444 119
1 10541 444 114
1 10542 444 113
1 10543 444 112
1 10545 444 112
1 10547 444 115
1 10550 444 112
1 10553 444 121
1 10555 444 111
1 10556 444 112
1 10557 444 112
1 10558 444 112
1 10559 444 116
1 10565 444 110
1 10566 444 115
1 10567 444 113
1 10569 444 112
1 10570 444 119
1 10576 444 116
1 10579 444 121
1 10580 444 117
1 10582 444 116
1 10585 444 110
1 10586 444 113
1 10587 444 117
1 10589 444 118
1 10593 444 111
1 10713 444 101
1 10517 444 119
1 10518 444 117
1 10519 444 111
1 10521 444 124
1 10600 444 114
1 10601 444 109
1 10602 444 109
1 10606 444 106
1 10609 444 115
1 10610 444 113
1 10611 444 114
1 10615 444 109
1 10616 444 109
1 10617 444 121
1 10618 444 113
1 10619 444 114
1 10620 444 112
1 10621 444 112
1 10622 444 108
1 10625 444 108
1 10626 444 105
1 10628 444 105
1 10630 444 105
1 10631 444 110
1 10635 444 110
1 10640 444 104
1 10642 444 102
1 10643 444 109
1 10644 444 102
1 10645 444 104
1 10646 444 98
1 10655 444 103
1 10658 444 100
1 10659 444 101
1 10660 444 100
1 10662 444 99
1 10709 444 106
1 10711 444 86
1 10514 444 123
1 10522 444 115
1 10524 444 117
1 10527 444 115
1 10528 444 115
1 10531 444 120
1 10532 444 123
1 11116 528 126
1 11118 528 130
1 11114 528 126
1 11115 528 132
1 11193 528 115
1 11194 528 110
1 11197 528 119
1 11201 528 120
1 11204 528 117
1 11210 528 113
1 11211 528 112
1 11212 528 112
1 11213 528 119
1 11214 528 111
1 11216 528 109
1 11217 528 112
1 11222 528 116
1 11226 528 111
1 11227 528 108
1 11228 528 109
1 11231 528 108
1 11234 528 108
1 11235 528 107
1 11236 528 108
1 11240 528 118
1 11241 528 107
1 11242 528 109
1 11244 528 118
1 11245 528 116
1 11246 528 116
1 11248 528 106
1 11249 528 107
1 11250 528 110
1 11252 528 109
1 11253 528 113
1 11256 528 120
1 11257 528 113
1 11258 528 115
1 11260 528 106
1 11263 528 111
1 11268 528 108
1 11271 528 115
1 11272 528 110
1 11273 528 107
1 11274 528 111
1 11275 528 103
1 11277 528 105
1 11279 528 106
1 11360 528 113
1 11136 528 115
1 11137 528 114
1 11138 528 115
1 11139 528 118
1 11140 528 128
1 11141 528 127
1 11146 528 114
1 11147 528 114
1 11148 528 115
1 11149 528 123
1 11150 528 124
1 11154 528 124
1 11155 528 115
1 11156 528 115
1 11157 528 115
1 11158 528 113
1 11159 528 114
1 11160 528 113
1 11161 528 125
1 11162 528 123
1 11163 528 121
1 11164 528 116
1 11165 528 116
1 11173 528 115
1 11174 528 113
1 11175 528 113
1 11176 528 113
1 11179 528 119
1 11180 528 124
1 11122 528 127
1 11123 528 127
1 11126 528 120
1 11128 528 117
1 11129 528 115
1 11130 528 120
1 11131 528 127
1 11134 528 126
1 11135 528 124
1 11182 528 124
1 11183 528 114
1 11184 528 115
1 11185 528 115
1 11187 528 120
1 11188 528 122
1 11510 378 125
1 11512 378 128
1 11508 378 124
1 11509 378 122
1 11535 378 116
1 11536 378 115
1 11537 378 115
1 11541 378 114
1 11544 378 114
1 11545 378 113
1 11548 378 123
1 11514 378 114
1 11518 378 117
1 11519 378 127
1 11532 378 116
1 11533 378 115
1 11534 378 116
1 11563 378 114
1 11564 378 111
1 11565 378 113
1 11566 378 112
1 11568 378 116
1 11569 378 117
1 11571 378 112
1 11552 378 114
1 11554 378 113
1 11560 378 117
1 11561 378 112
1 11562 378 113
1 11578 378 113
1 11580 378 110
1 11581 378 112
1 11583 378 119
1 11585 378 112
1 11586 378 115
1 11587 378 115
1 11589 378 109
1 11590 378 109
1 11592 378 114
1 11594 378 112
1 11595 378 111
1 11596 378 119
1 11597 378 113
1 11598 378 112
1 11599 378 112
1 11602 378 108
1 11603 378 120
1 11604 378 109
1 11605 378 115
1 11606 378 118
1 11608 378 107
1 11611 378 110
1 11612 378 110
1 11616 378 105
1 11617 378 106
1 11618 378 106
1 11619 378 111
1 11620 378 98
1 11621 378 110
1 11623 378 105
1 11624 378 105
1 11625 378 108
1 11628 378 104
1 11631 378 105
1 11572 378 113
1 11573 378 111
1 11575 378 117
1 11576 378 117
1 11577 378 111
