1 2066 164
1 2067 162
1 2074 162
1 2076 159
1 1963 182
1 2069 175
1 2071 175
1 2072 171
1 2073 175
1 2064 174
1 2099 156
1 2108 164
1 2098 178
1 2159 162
1 2169 152
1 2110 144
1 2126 155
1 2173 172
1 2174 168
1 2172 161
1 2250 167
1 2252 168
1 2254 181
1 2255 174
1 2259 169
1 2262 159
1 2263 172
1 2223 150
1 2248 167
1 2282 159
1 2285 160
1 2287 159
1 2293 165
1 2294 160
1 2299 140
1 2300 171
1 2301 163
1 2302 167
1 2303 175
1 2305 173
1 2308 158
1 2310 162
1 2311 171
1 2314 165
1 2315 162
1 2323 176
1 2327 159
1 2339 169
1 2340 160
1 2342 162
1 2343 170
1 2344 183
1 2349 158
1 2350 175
1 2351 156
1 2354 165
1 2356 166
1 2358 168
1 2359 158
1 2362 167
1 2368 154
1 2369 159
1 2374 161
1 2265 165
1 2267 156
1 2269 170
1 2274 173
1 2279 163
1 2281 168
1 2379 169
1 2375 168
1 2376 153
1 2377 166
1 2378 168
1 2471 161
1 2472 165
1 2473 161
1 2479 163
1 2480 167
1 2481 158
1 2483 158
1 2484 170
1 2470 149
1 2494 176
1 2495 145
1 2496 165
1 2497 159
1 2498 181
1 2502 147
1 2504 171
1 2485 170
1 2487 177
1 2488 168
1 2489 164
1 2490 155
1 2517 175
1 2519 167
1 2520 176
1 2521 165
1 2522 156
1 2523 165
1 2525 170
1 2526 150
1 2505 157
1 2508 166
1 2509 166
1 2510 146
1 2516 172
1 2544 165
1 2545 165
1 2569 170
1 2571 166
1 2572 172
1 2417 168
1 2420 158
1 2421 152
1 2422 164
1 2424 170
1 2426 157
1 2431 168
1 2432 170
1 2434 150
1 2435 180
1 2436 146
1 2437 140
1 2440 162
1 2441 160
1 2442 155
1 2444 175
1 2446 149
1 2447 167
1 2448 163
1 2449 160
1 2450 162
1 2451 164
1 2452 150
1 2455 147
1 2456 175
1 2457 168
1 2459 179
1 2460 164
1 2461 156
1 2527 139
1 2530 131
1 2534 165
1 2539 159
1 2540 178
1 2393 171
1 2406 163
1 2408 142
1 2409 169
1 2414 164
1 2416 158
1 2464 161
1 2466 155
1 2467 159
1 2462 156
1 2469 161
1 2468 164
1 2605 160
1 2606 166
1 2602 161
1 2618 174
1 2620 166
1 2621 156
1 2623 145
1 2624 152
1 2629 151
1 2631 153
1 2607 160
1 2608 158
1 2613 160
1 2614 173
1 2616 168
1 2617 148
1 2642 161
1 2643 172
1 2644 166
1 2645 172
1 2649 166
1 2650 174
1 2654 174
1 2632 159
1 2633 165
1 2634 172
1 2635 155
1 2637 170
1 2638 160
1 2662 169
1 2663 154
1 2664 139
1 2667 162
1 2668 161
1 2669 158
1 2670 166
1 2671 154
1 2675 164
1 2677 163
1 2678 162
1 2679 155
1 2682 148
1 2683 159
1 2685 163
1 2688 156
1 2695 135
1 2696 147
1 2697 148
1 2698 168
1 2699 158
1 2700 150
1 2706 166
1 2707 162
1 2660 174
1 2661 170
1 2655 171
1 2657 172
1 2658 165
1 2870 141
1 2867 150
1 2868 171
1 2869 147
1 2881 159
1 2871 154
1 2873 160
1 2875 139
1 2864 171
1 2866 152
1 2817 173
1 2818 181
1 2822 183
1 2823 145
1 2824 143
1 2829 162
1 2830 166
1 2833 170
1 2834 161
1 2841 166
1 2842 178
1 2846 161
1 2848 162
1 2849 163
1 2850 178
1 2851 174
1 2852 148
1 2853 171
1 2854 164
1 2855 162
1 2857 164
1 2858 177
1 2861 173
1 2863 173
1 2941 164
1 2943 130
1 2945 174
1 2962 170
1 2963 168
1 2964 160
1 2802 160
1 2803 164
1 2804 171
1 2805 158
1 2882 158
1 2885 168
1 2887 152
1 2888 181
1 2893 158
1 2894 156
1 2898 160
1 2899 162
1 2906 177
1 2909 162
1 2910 172
1 2911 164
1 2912 159
1 2913 162
1 2914 174
1 2915 170
1 2916 150
1 2917 158
1 2919 145
1 2920 162
1 2922 161
1 2926 156
1 2928 172
1 2932 162
1 2933 166
1 2935 168
1 2937 146
1 2938 144
1 2939 126
1 2787 164
1 2794 163
1 2795 175
1 2796 174
1 2799 147
1 2801 176
1 2806 152
1 2807 166
1 2808 161
1 2809 154
1 2811 178
1 2812 169
1 3011 156
1 3012 167
1 3005 176
1 3008 149
1 3101 165
1 3102 141
1 3105 164
1 3106 156
1 3107 158
1 3108 163
1 3111 164
1 3113 166
1 3117 151
1 3122 166
1 3123 162
1 3124 162
1 3126 138
1 3127 153
1 3129 149
1 3134 151
1 3053 164
1 3054 167
1 3056 148
1 3058 169
1 3059 161
1 3060 122
1 3062 156
1 3065 161
1 3066 132
1 3071 164
1 3072 169
1 3074 172
1 3075 158
1 3076 157
1 3077 164
1 3078 161
1 3083 171
1 3084 156
1 3085 160
1 3086 143
1 3013 168
1 3014 165
1 3018 159
1 3021 151
1 3022 157
1 3025 164
1 3026 155
1 3028 174
1 3029 161
1 3030 169
1 3034 157
1 3035 175
1 3036 158
1 3038 167
1 3039 154
1 3041 168
1 3042 174
1 3044 165
1 3045 151
1 3047 151
1 3090 161
1 3094 166
1 3095 148
1 3087 155
1 3097 155
1 3096 140
1 3199 151
1 3202 163
1 3198 150
1 3214 164
1 3215 160
1 3203 166
1 3208 156
1 3229 158
1 3230 170
1 3231 156
1 3232 150
1 3238 167
1 3239 155
1 3240 163
1 3220 161
1 3221 156
1 3222 158
1 3224 151
1 3225 171
1 3226 155
1 3250 167
1 3251 146
1 3252 137
1 3253 144
1 3255 160
1 3256 169
1 3258 163
1 3259 175
1 3260 157
1 3262 144
1 3265 148
1 3266 142
1 3267 151
1 3268 157
1 3269 147
1 3270 170
1 3272 159
1 3275 155
1 3276 143
1 3277 145
1 3278 153
1 3280 165
1 3282 163
1 3283 160
1 3284 153
1 3286 176
1 3287 158
1 3288 153
1 3289 151
1 3291 168
1 3292 154
1 3293 167
1 3294 168
1 3296 167
1 3241 152
1 3242 147
1 3243 151
1 3245 159
1 3248 162
1 3249 152
1 3297 148
1 3298 161
1 3477 168
1 3481 132
1 3482 158
1 3478 160
1 3480 171
1 3487 140
1 3490 172
1 3486 174
1 3493 152
1 3494 133
1 3496 165
1 3498 161
1 3499 161
1 3500 160
1 3501 182
1 3502 148
1 3503 145
1 3504 177
1 3491 163
1 3492 157
1 3509 184
1 3511 131
1 3514 161
1 3515 153
1 3517 160
1 3518 133
1 3519 146
1 3522 167
1 3523 136
1 3506 127
1 3507 153
1 3529 154
1 3532 169
1 3533 172
1 3535 150
1 3536 151
1 3540 155
1 3541 165
1 3543 164
1 3544 160
1 3545 175
1 3547 130
1 3548 169
1 3551 171
1 3552 166
1 3553 161
1 3572 163
1 3574 173
1 3580 135
1 3581 175
1 3588 177
1 3439 166
1 3441 173
1 3445 148
1 3448 151
1 3455 183
1 3458 163
1 3459 165
1 3460 154
1 3461 153
1 3462 173
1 3464 172
1 3465 136
1 3466 162
1 3467 159
1 3468 170
1 3469 168
1 3470 169
1 3525 170
1 3527 176
1 3398 175
1 3399 145
1 3400 139
1 3401 171
1 3403 166
1 3409 149
1 3410 153
1 3411 170
1 3418 150
1 3419 171
1 3420 161
1 3423 173
1 3424 172
1 3425 157
1 3426 165
1 3428 165
1 3429 175
1 3430 166
1 3434 156
1 3438 162
1 3474 147
1 3471 157
1 3472 160
1 3473 166
1 3475 181
1 3476 170
1 3635 156
1 3642 169
1 3645 164
1 3637 149
1 3641 161
1 3666 133
1 3667 149
1 3669 157
1 3670 160
1 3671 156
1 3674 145
1 3675 149
1 3647 158
1 3654 162
1 3661 162
1 3662 148
1 3664 166
1 3760 156
1 3762 156
1 3765 143
1 3767 155
1 3768 165
1 3769 160
1 3770 170
1 3772 166
1 3773 155
1 3774 172
1 3778 133
1 3779 140
1 3780 146
1 3786 169
1 3787 166
1 3788 160
1 3789 165
1 3793 157
1 3794 170
1 3800 149
1 3801 151
1 3809 168
1 3810 164
1 3811 158
1 3812 130
1 3813 147
1 3814 168
1 3816 162
1 3818 174
1 3744 153
1 3745 147
1 3746 170
1 3681 147
1 3683 161
1 3684 170
1 3685 156
1 3686 142
1 3687 151
1 3690 153
1 3692 152
1 3693 161
1 3695 170
1 3700 167
1 3701 177
1 3704 167
1 3710 158
1 3711 157
1 3712 143
1 3713 133
1 3714 155
1 3717 162
1 3718 174
1 3720 143
1 3721 152
1 3724 153
1 3726 162
1 3727 154
1 3728 161
1 3729 179
1 3733 164
1 3736 155
1 3737 161
1 3738 162
1 3739 147
1 3740 148
1 3741 148
1 3742 142
1 3743 160
1 3749 171
1 3750 161
1 3756 163
1 3747 172
1 3758 163
1 3757 170
1 3880 158
1 3878 146
1 3894 143
1 3895 147
1 3896 166
1 3898 155
1 3901 170
1 3902 152
1 3903 168
1 3907 163
1 3908 172
1 3909 161
1 3910 161
1 3911 155
1 3913 162
1 3914 163
1 3915 141
1 3916 134
1 3917 138
1 3918 147
1 3920 152
1 3921 150
1 3924 157
1 3925 149
1 3926 146
1 3927 151
1 3928 157
1 3929 159
1 3931 145
1 3932 149
1 3933 153
1 3936 158
1 3937 154
1 3938 150
1 3939 152
1 3940 151
1 3881 156
1 3887 159
1 3889 156
1 3891 169
1 3892 154
1 3893 157
1 4043 163
1 4044 163
1 4045 161
1 4050 169
1 4051 158
1 4053 156
1 4054 151
1 4057 165
1 4061 139
1 4062 168
1 4064 158
1 4071 141
1 4074 172
1 3973 145
1 3974 163
1 3976 168
1 3977 152
1 3980 166
1 3987 161
1 3988 154
1 3989 158
1 3990 158
1 3994 166
1 3999 162
1 4000 162
1 4001 152
1 4002 142
1 4003 152
1 4004 158
1 4010 169
1 4013 162
1 4015 166
1 4020 157
1 4021 155
1 4024 169
1 3941 154
1 3942 160
1 3943 158
1 3944 166
1 3945 147
1 3946 163
1 3949 178
1 3950 155
1 3951 160
1 3953 135
1 3962 167
1 3965 144
1 3968 156
1 3971 172
1 3972 147
1 4040 177
1 4041 168
1 4042 166
1 4032 155
1 4035 165
1 4031 157
1 4159 165
1 4155 162
1 4158 160
1 4167 167
1 4161 152
1 4164 169
1 4166 159
1 4150 172
1 4151 156
1 4153 161
1 4179 160
1 4183 158
1 4185 168
1 4188 167
1 4189 159
1 4190 164
1 4191 164
1 4168 166
1 4170 166
1 4172 155
1 4173 172
1 4174 170
1 4176 165
1 4202 162
1 4205 151
1 4206 155
1 4207 153
1 4208 155
1 4209 164
1 4210 172
1 4211 174
1 4212 165
1 4213 162
1 4215 156
1 4216 164
1 4217 165
1 4218 172
1 4222 165
1 4223 154
1 4224 160
1 4225 150
1 4226 168
1 4227 147
1 4229 175
1 4230 166
1 4231 162
1 4232 153
1 4233 157
1 4234 150
1 4235 162
1 4236 155
1 4237 176
1 4239 162
1 4240 156
1 4241 158
1 4243 160
1 4193 169
1 4194 168
1 4195 154
1 4198 157
1 4199 163
1 4201 169
1 4253 173
1 4254 166
1 4255 150
1 4256 164
1 4258 147
1 4259 150
1 4260 138
1 4261 137
1 4250 160
1 4244 161
1 4248 145
1 4249 166
1 4251 163
1 4459 167
1 4468 153
1 4469 163
1 4471 174
1 4472 148
1 4474 164
1 4383 169
1 4386 152
1 4387 165
1 4462 176
1 4463 164
1 4465 167
1 4466 163
1 4467 151
1 4405 168
1 4406 158
1 4407 153
1 4408 157
1 4412 161
1 4417 158
1 4418 163
1 4419 170
1 4388 147
1 4389 157
1 4393 160
1 4395 167
1 4397 175
1 4444 163
1 4445 177
1 4446 162
1 4447 168
1 4448 165
1 4450 167
1 4453 171
1 4454 164
1 4333 144
1 4334 139
1 4337 170
1 4338 168
1 4343 175
1 4353 166
1 4363 163
1 4366 164
1 4375 168
1 4379 165
1 4382 156
1 4425 174
1 4426 172
1 4433 169
1 4424 164
1 4435 164
1 4434 175
1 4567 140
1 4568 176
1 4563 140
1 4576 155
1 4579 156
1 4582 135
1 4583 160
1 4569 160
1 4570 156
1 4571 159
1 4572 184
1 4573 157
1 4574 156
1 4593 170
1 4594 151
1 4595 162
1 4597 163
1 4598 167
1 4599 169
1 4600 173
1 4601 147
1 4602 137
1 4603 145
1 4604 155
1 4605 157
1 4607 168
1 4608 153
1 4609 152
1 4610 159
1 4611 147
1 4616 140
1 4617 148
1 4619 141
1 4620 176
1 4621 150
1 4622 156
1 4623 160
1 4624 164
1 4625 160
1 4627 167
1 4628 161
1 4629 166
1 4630 152
1 4634 158
1 4635 169
1 4636 169
1 4638 168
1 4584 162
1 4585 158
1 4586 170
1 4590 160
1 4592 160
1 4648 144
1 4649 159
1 5273 159
1 5331 165
1 5384 154
1 4654 167
1 4655 150
1 4659 131
1 4660 146
1 4661 161
1 4662 143
1 4663 155
1 4664 175
1 4665 160
1 4667 161
1 4668 168
1 4669 153
1 4670 158
1 4674 165
1 4675 159
1 4676 151
1 4677 154
1 4678 154
1 4679 147
1 4680 166
1 4681 164
1 4682 157
1 4684 159
1 4685 178
1 4650 151
1 4652 163
1 4653 175
1 4642 150
1 4643 143
1 4644 166
1 4640 167
1 4645 169
1 5141 161
1 5144 144
1 5145 164
1 5087 164
1 5090 157
1 5132 165
1 5137 165
1 5138 166
1 5095 162
1 5096 167
1 5097 159
1 5100 153
1 5101 142
1 5102 156
1 5103 145
1 5104 145
1 5105 155
1 5106 153
1 5107 152
1 5109 166
1 5111 135
1 5112 152
1 5113 168
1 5114 161
1 5116 144
1 5117 166
1 5120 143
1 5127 151
1 5128 153
1 5129 154
1 5131 140
1 5056 157
1 5059 162
1 5061 148
1 5066 169
1 5067 165
1 5071 171
1 5147 166
1 5150 149
1 5151 148
1 5155 164
1 5157 135
1 5158 176
1 5226 159
1 5091 154
1 5092 160
1 5093 147
1 5073 150
1 5076 163
1 5077 164
1 5081 153
1 5084 167
1 5086 177
1 5425 173
1 5428 166
1 5421 174
1 5423 172
1 5440 151
1 5441 155
1 5442 175
1 5443 158
1 5444 160
1 5446 156
1 5447 156
1 5430 163
1 5432 144
1 5435 160
1 5436 158
1 5437 177
1 5439 174
1 5463 165
1 5464 171
1 5465 166
1 5466 154
1 5468 169
1 5471 165
1 5472 172
1 5451 174
1 5452 160
1 5454 152
1 5457 170
1 5458 167
1 5462 174
1 5551 176
1 5552 170
1 5553 148
1 5554 151
1 5555 166
1 5558 134
1 5562 163
1 5563 158
1 5588 163
1 5595 165
1 5597 148
1 5604 161
1 5605 169
1 5606 170
1 5609 171
1 5615 163
1 5617 156
1 5618 160
1 5619 168
1 5622 178
1 5623 180
1 5624 164
1 5626 155
1 5627 167
1 5631 156
1 5632 165
1 5643 124
1 5528 163
1 5531 169
1 5534 155
1 5535 158
1 5536 161
1 5537 147
1 5538 148
1 5540 159
1 5473 160
1 5474 174
1 5475 140
1 5479 161
1 5480 173
1 5481 178
1 5482 150
1 5483 147
1 5484 147
1 5485 153
1 5486 170
1 5489 167
1 5490 165
1 5491 155
1 5493 171
1 5494 170
1 5495 161
1 5499 172
1 5500 173
1 5501 166
1 5502 164
1 5503 179
1 5506 148
1 5509 178
1 5510 168
1 5516 154
1 5520 167
1 5523 168
1 5524 157
1 5525 170
1 5526 166
1 5527 164
1 5548 175
1 5542 162
1 5543 166
1 5546 148
1 5541 175
1 5547 144
1 5731 149
1 5732 152
1 5734 140
1 5744 149
1 5747 156
1 5749 162
1 5741 173
1 5728 168
1 5772 162
1 5775 157
1 5776 157
1 5778 135
1 5780 157
1 5783 144
1 5795 156
1 5796 159
1 5797 167
1 5801 163
1 5804 162
1 5811 167
1 5813 152
1 5814 162
1 5815 158
1 5816 154
1 5817 163
1 5819 157
1 5820 154
1 5822 145
1 5826 163
1 5827 152
1 5830 164
1 5833 162
1 5834 161
1 5840 164
1 5841 165
1 5842 154
1 5843 159
1 5844 151
1 5845 157
1 5848 168
1 5849 166
1 5853 168
1 5750 152
1 5752 163
1 5755 161
1 5758 149
1 5763 160
1 5768 174
1 6002 155
1 6015 165
1 6016 167
1 6020 154
1 6022 164
1 6028 160
1 6029 147
1 6030 143
1 6034 161
1 5900 131
1 5901 179
1 5903 169
1 5904 161
1 5905 154
1 5906 154
1 5907 152
1 5908 158
1 5909 159
1 5914 149
1 5919 172
1 5920 163
1 5921 160
1 5922 162
1 5925 143
1 5927 144
1 5931 141
1 5932 148
1 5935 138
1 5973 143
1 5974 145
1 5976 152
1 5977 141
1 5978 164
1 5980 167
1 5981 157
1 5874 178
1 5875 160
1 5876 148
1 5877 129
1 5878 143
1 5879 165
1 5880 152
1 5886 164
1 5890 163
1 5894 162
1 5895 161
1 5896 170
1 5898 173
1 5899 160
1 5983 145
1 5988 161
1 5990 161
1 5992 162
1 5993 170
1 5998 163
1 6103 150
1 6106 156
1 6113 142
1 6114 166
1 6116 170
1 6117 145
1 6084 153
1 6085 167
1 6088 145
1 6090 149
1 6095 164
1 6102 171
1 6131 151
1 6133 152
1 6150 165
1 6151 160
1 6152 162
1 6154 122
1 6155 148
1 6120 158
1 6121 165
1 6122 162
1 6123 124
1 6124 151
1 6125 145
1 6171 162
1 6172 145
1 6173 148
1 6174 109
1 6175 125
1 6176 117
1 6181 134
1 6183 141
1 6184 166
1 6189 148
1 6191 166
1 6196 144
1 6197 146
1 6200 162
1 6201 149
1 6202 164
1 6276 125
1 6277 170
1 6164 162
1 6165 158
1 6166 151
1 6163 158
1 6170 162
1 6167 169
1 6346 155
1 6347 169
1 6340 157
1 6391 141
1 6392 138
1 6395 132
1 6396 144
1 6398 167
1 6399 154
1 6400 167
1 6348 158
1 6349 153
1 6363 152
1 6368 174
1 6380 162
1 6386 171
1 6409 165
1 6410 158
1 6412 169
1 6415 155
1 6418 167
1 6421 168
1 6422 148
1 6423 148
1 6439 162
1 6443 142
1 6445 155
1 6446 154
1 6447 158
1 6453 175
1 6454 158
1 6458 153
1 6459 160
1 6460 165
1 6462 161
1 6464 171
1 6465 168
1 6473 165
1 6474 161
1 6475 159
1 6476 168
1 6478 171
1 6479 174
1 6482 155
1 6483 159
1 6484 161
1 6486 175
1 6487 146
1 6488 160
1 6489 143
1 6503 165
1 6402 166
1 6403 157
1 6404 161
1 6405 134
1 6406 166
1 6527 168
1 6504 160
1 6506 144
1 6523 164
1 6525 158
1 6526 162
1 6565 166
1 6567 150
1 6574 155
1 6564 165
1 6583 171
1 6584 154
1 6585 163
1 6577 166
1 6592 168
1 6595 154
1 6596 150
1 6597 156
1 6599 165
1 6600 159
1 6605 157
1 6608 163
1 6586 156
1 6587 152
1 6588 163
1 6590 138
1 6591 155
1 6616 175
1 6617 148
1 6620 170
1 6621 165
1 6622 171
1 6623 164
1 6624 172
1 6625 155
1 6611 147
1 6612 166
1 6613 149
1 6614 141
1 6615 159
1 6563 172
1 6636 158
1 6644 165
1 6645 162
1 6646 158
1 6649 182
1 6650 164
1 6651 141
1 6652 161
1 6655 147
1 6656 155
1 6659 153
1 6662 168
1 6663 157
1 6666 162
1 6667 175
1 6670 147
1 6671 166
1 6672 167
1 6673 157
1 6674 154
1 6675 162
1 6677 161
1 6678 162
1 6679 161
1 6682 169
1 6683 165
1 6687 174
1 6689 167
1 6691 164
1 6692 153
1 6693 161
1 6694 147
1 6695 142
1 6696 166
1 6628 163
1 6630 159
1 6632 167
1 6633 157
1 6634 164
1 6635 156
1 6706 171
1 6708 153
1 6710 145
1 6711 146
1 6713 162
1 6714 157
1 6715 156
1 6716 175
1 6717 163
1 6718 165
1 6719 159
1 6720 175
1 6721 175
1 6722 166
1 6724 164
1 6725 167
1 6727 176
1 6730 163
1 6731 159
1 6732 149
1 6761 157
1 6762 152
1 6766 158
1 6774 159
1 6703 167
1 6704 151
1 6705 145
1 6700 154
1 6913 157
1 6916 162
1 6918 161
1 6919 164
1 6915 161
1 6923 169
1 6924 162
1 6927 170
1 6921 172
1 6906 144
1 6910 168
1 6912 169
1 6862 145
1 6863 148
1 6864 174
1 6865 156
1 6868 164
1 6869 158
1 6870 167
1 6872 168
1 6875 161
1 6876 173
1 6879 166
1 6881 141
1 6883 164
1 6884 170
1 6886 175
1 6890 151
1 6891 152
1 6892 169
1 6897 141
1 6898 155
1 6902 176
1 6903 162
1 6904 165
1 6905 157
1 6968 160
1 6969 161
1 6971 146
1 6972 164
1 6974 165
1 6978 146
1 6979 170
1 6980 169
1 6984 159
1 6985 150
1 6989 175
1 6990 162
1 6928 171
1 6929 156
1 6930 159
1 6931 165
1 6934 162
1 6936 148
1 6937 146
1 6939 167
1 6940 152
1 6941 141
1 6942 144
1 6944 171
1 6945 175
1 6946 155
1 6947 186
1 6948 160
1 6949 155
1 6950 149
1 6955 167
1 6956 165
1 6957 162
1 6958 172
1 6959 163
1 6960 154
1 6963 162
1 6964 167
1 6966 163
1 6967 169
1 6824 144
1 6825 158
1 6826 165
1 6827 151
1 6828 185
1 6830 169
1 6835 163
1 6838 161
1 6839 162
1 6845 173
1 6850 173
1 6851 158
1 6855 156
1 6856 176
1 6857 151
1 6858 168
1 6861 153
1 7042 171
1 7037 152
1 7040 162
1 7041 168
1 7180 148
1 7181 149
1 7182 168
1 7185 168
1 7186 161
1 7188 154
1 7189 153
1 7194 157
1 7195 152
1 7203 164
1 7204 164
1 7205 170
1 7206 175
1 7207 175
1 7209 161
1 7210 158
1 7213 165
1 7216 164
1 7198 165
1 7199 171
1 7200 164
1 7202 161
1 7221 145
1 7229 161
1 7230 166
1 7233 174
1 7234 158
1 7235 195
1 7236 153
1 7238 164
1 7218 183
1 7219 172
1 7220 162
1 7245 157
1 7246 151
1 7248 151
1 7249 140
1 7250 174
1 7251 164
1 7252 154
1 7254 150
1 7256 174
1 7260 159
1 7261 163
1 7262 160
1 7267 167
1 7307 146
1 7308 141
1 7140 159
1 7142 160
1 7144 158
1 7145 161
1 7146 156
1 7150 152
1 7151 139
1 7152 159
1 7153 147
1 7154 148
1 7156 171
1 7158 175
1 7159 156
1 7161 135
1 7162 139
1 7163 160
1 7164 159
1 7165 156
1 7169 166
1 7172 161
1 7173 172
1 7239 158
1 7240 167
1 7241 166
1 7242 170
1 7107 168
1 7108 157
1 7113 167
1 7117 153
1 7118 171
1 7119 161
1 7120 166
1 7121 162
1 7124 155
1 7129 147
1 7132 171
1 7134 176
1 7136 166
1 7137 163
1 7139 163
1 7179 154
1 7175 153
1 7176 156
1 7177 159
1 7174 165
1 7178 156
1 7436 170
1 7437 150
1 7438 164
1 7441 159
1 7444 153
1 7446 156
1 7440 154
1 7435 165
1 7457 152
1 7462 139
1 7463 141
1 7467 152
1 7471 157
1 7472 160
1 7473 167
1 7447 143
1 7451 161
1 7452 150
1 7453 161
1 7454 158
1 7455 156
1 7552 159
1 7553 156
1 7558 154
1 7559 162
1 7560 160
1 7561 165
1 7562 173
1 7563 168
1 7565 174
1 7569 152
1 7571 147
1 7572 132
1 7573 144
1 7574 148
1 7575 158
1 7576 158
1 7577 146
1 7578 143
1 7580 150
1 7581 159
1 7582 168
1 7586 168
1 7591 158
1 7593 160
1 7595 147
1 7600 163
1 7602 152
1 7603 165
1 7681 143
1 7682 161
1 7536 160
1 7537 155
1 7538 151
1 7541 159
1 7476 166
1 7478 155
1 7480 165
1 7482 174
1 7483 158
1 7484 173
1 7485 161
1 7486 154
1 7488 177
1 7490 147
1 7491 152
1 7492 171
1 7496 149
1 7501 160
1 7502 150
1 7511 170
1 7512 152
1 7513 141
1 7514 149
1 7515 158
1 7516 138
1 7517 165
1 7519 126
1 7520 155
1 7521 164
1 7522 149
1 7523 153
1 7524 154
1 7525 159
1 7526 151
1 7528 160
1 7529 151
1 7530 149
1 7531 141
1 7532 149
1 7533 158
1 7542 164
1 7543 149
1 7544 149
1 7545 150
1 7546 174
1 7548 134
1 8220 167
1 8224 156
1 8213 154
1 8219 164
1 8236 147
1 8237 157
1 8238 145
1 8239 159
1 8245 147
1 8246 140
1 8247 165
1 8248 149
1 8250 157
1 8251 161
1 8252 167
1 8254 165
1 8255 160
1 8256 149
1 8257 153
1 8258 156
1 8259 159
1 8260 131
1 8263 158
1 8265 161
1 8267 173
1 8269 155
1 8271 160
1 8273 124
1 8276 170
1 8277 134
1 8278 126
1 8280 169
1 8281 147
1 8282 156
1 8283 156
1 8284 167
1 8285 157
1 8227 162
1 8228 157
1 8229 172
1 8231 160
1 8233 153
1 8234 168
1 8296 148
1 8297 154
1 8299 159
1 8300 157
1 8301 125
1 8302 158
1 8303 151
1 8304 165
1 8307 158
1 8308 151
1 8314 150
1 8315 171
1 8317 147
1 8318 161
1 8319 161
1 8324 169
1 8325 167
1 8327 157
1 8328 159
1 8329 158
1 8341 151
1 8345 139
1 8346 136
1 8349 172
1 8351 147
1 8352 143
1 8353 161
1 8354 158
1 8359 167
1 8361 160
1 8452 148
1 8457 149
1 8461 152
1 8493 148
1 8507 158
1 8286 152
1 8289 154
1 8292 148
1 8295 142
1 8730 159
1 8731 164
1 8733 164
1 8736 146
1 8743 168
1 8744 143
1 8746 166
1 8747 151
1 8752 144
1 8753 162
1 8754 163
1 8756 161
1 8757 149
1 8764 158
1 8765 161
1 8767 139
1 8769 177
1 8770 158
1 8771 163
1 8772 174
1 8776 156
1 8780 168
1 8781 162
1 8782 173
1 8783 166
1 8789 167
1 8790 162
1 8792 169
1 8793 165
1 8794 167
1 8798 163
1 8799 151
1 8800 155
1 8806 133
1 8811 156
1 8812 165
1 8723 170
1 8724 162
1 8727 168
1 8710 162
1 8713 165
1 8722 164
1 9012 168
1 9009 149
1 9010 159
1 9011 157
1 9018 174
1 9013 159
1 9015 175
1 9017 174
1 9025 152
1 9026 159
1 9027 172
1 9028 152
1 9033 160
1 9034 147
1 9035 143
1 9036 160
1 9040 167
1 9041 155
1 9022 174
1 9023 162
1 9024 182
1 9045 150
1 9046 154
1 9048 147
1 9050 149
1 9051 150
1 9055 152
1 9056 153
1 9057 147
1 9058 171
1 9059 172
1 9042 158
1 9043 164
1 9044 167
1 9001 169
1 9004 168
1 9008 159
1 9147 147
1 9148 140
1 9149 174
1 9155 164
1 9156 161
1 9158 146
1 9161 167
1 9162 156
1 9163 145
1 9164 164
1 9203 161
1 9208 170
1 9209 165
1 9211 165
1 9212 171
1 9093 159
1 9098 156
1 9101 178
1 9106 167
1 9109 171
1 9111 147
1 9112 165
1 9113 169
1 9114 149
1 9115 150
1 9116 171
1 9120 145
1 9121 150
1 9122 167
1 9126 176
1 9127 149
1 9129 139
1 9130 141
1 9132 169
1 9133 168
1 9060 168
1 9062 158
1 9063 168
1 9065 161
1 9068 170
1 9072 157
1 9073 153
1 9074 169
1 9076 176
1 9079 171
1 9080 168
1 9081 151
1 9082 153
1 9084 159
1 9087 153
1 9088 166
1 9089 164
1 9090 161
1 9091 153
1 9092 161
1 9135 152
1 9136 129
1 9142 163
1 9134 151
1 9145 146
1 9144 151
1 9754 153
1 9756 146
1 9753 171
1 9759 161
1 9762 140
1 9757 163
1 9758 158
1 9769 156
1 9773 141
1 9775 172
1 9776 163
1 9780 169
1 9781 143
1 9763 157
1 9766 152
1 9767 167
1 9768 151
1 9790 166
1 9793 162
1 9794 164
1 9795 160
1 9797 152
1 9798 167
1 9800 157
1 9801 162
1 9802 171
1 9803 148
1 9804 161
1 9809 164
1 9810 140
1 9811 133
1 9815 154
1 9821 162
1 9824 172
1 9827 156
1 9830 162
1 9834 157
1 9835 173
1 9836 163
1 9839 167
1 9840 156
1 9841 161
1 9842 158
1 9844 161
1 9850 141
1 9851 149
1 9782 147
1 9784 155
1 9787 154
1 9788 148
1 9919 152
1 9920 145
1 9921 145
1 10046 148
1 10049 175
1 10051 160
1 10076 130
1 9873 145
1 9874 157
1 9875 158
1 9877 163
1 9878 175
1 9879 164
1 9880 138
1 9885 167
1 9887 165
1 9888 151
1 9889 164
1 9895 156
1 9897 170
1 9898 173
1 9899 131
1 9901 151
1 9902 143
1 9903 143
1 9904 157
1 9905 163
1 9907 163
1 9852 150
1 9854 149
1 9855 145
1 9856 153
1 9857 134
1 9859 142
1 9862 160
1 9865 159
1 9869 172
1 9870 165
1 9912 167
1 9915 141
1 9918 160
1 9911 156
1 9909 166
1 10184 167
1 10187 149
1 10183 142
1 10194 157
1 10196 161
1 10188 146
1 10193 152
1 10179 148
1 10180 152
1 10181 153
1 10182 150
1 10206 128
1 10208 157
1 10210 170
1 10211 164
1 10217 169
1 10218 156
1 10220 160
1 10197 151
1 10199 148
1 10201 156
1 10202 168
1 10203 160
1 10205 166
1 10230 136
1 10231 143
1 10233 155
1 10235 172
1 10238 166
1 10239 145
1 10240 141
1 10242 161
1 10245 151
1 10246 153
1 10247 139
1 10251 151
1 10256 155
1 10258 166
1 10259 146
1 10262 155
1 10263 146
1 10266 149
1 10272 153
1 10273 127
1 10274 124
1 10277 162
1 10278 155
1 10279 164
1 10281 149
1 10282 148
1 10290 159
1 10291 151
1 10292 157
1 10293 158
1 10298 174
1 10299 142
1 10300 141
1 10301 150
1 10221 163
1 10223 150
1 10224 161
1 10227 167
1 10228 151
1 10229 137
1 10310 157
1 10312 162
1 10313 159
1 10314 167
1 10316 148
1 10318 149
1 10319 159
1 10320 158
1 10321 147
1 10322 145
1 10325 160
1 10328 157
1 10331 149
1 10332 142
1 10333 155
1 10335 155
1 10336 137
1 10337 135
1 10338 154
1 10340 157
1 10341 161
1 10342 135
1 10343 158
1 10345 155
1 10346 150
1 10354 155
1 10355 161
1 10432 129
1 10435 168
1 10442 167
1 10309 146
1 10302 151
1 10303 168
1 10308 146
1 10594 163
1 10595 156
1 10597 161
1 10598 147
1 10599 172
1 10533 162
1 10534 163
1 10535 171
1 10536 158
1 10540 175
1 10541 163
1 10542 176
1 10543 160
1 10545 169
1 10547 159
1 10550 163
1 10553 162
1 10555 165
1 10556 146
1 10557 159
1 10558 165
1 10559 155
1 10565 157
1 10566 175
1 10567 157
1 10569 153
1 10570 138
1 10576 160
1 10579 159
1 10580 162
1 10582 171
1 10585 158
1 10586 165
1 10587 159
1 10589 156
1 10593 155
1 10713 155
1 10517 150
1 10518 155
1 10519 169
1 10521 157
1 10600 149
1 10601 138
1 10602 152
1 10606 165
1 10609 164
1 10610 155
1 10611 160
1 10615 151
1 10616 143
1 10617 158
1 10618 158
1 10619 160
1 10620 164
1 10621 154
1 10622 166
1 10625 165
1 10626 164
1 10628 161
1 10630 160
1 10631 153
1 10635 146
1 10640 167
1 10642 160
1 10643 163
1 10644 158
1 10645 151
1 10646 145
1 10655 160
1 10658 144
1 10659 165
1 10660 155
1 10662 180
1 10709 154
1 10711 157
1 10514 164
1 10522 163
1 10524 160
1 10527 159
1 10528 162
1 10531 149
1 10532 157
1 11116 146
1 11118 155
1 11114 165
1 11115 161
1 11193 165
1 11194 174
1 11197 162
1 11201 176
1 11204 156
1 11210 148
1 11211 141
1 11212 141
1 11213 159
1 11214 142
1 11216 153
1 11217 166
1 11222 163
1 11226 158
1 11227 171
1 11228 165
1 11231 171
1 11234 145
1 11235 165
1 11236 171
1 11240 157
1 11241 161
1 11242 142
1 11244 163
1 11245 139
1 11246 133
1 11248 164
1 11249 158
1 11250 153
1 11252 156
1 11253 161
1 11256 149
1 11257 154
1 11258 162
1 11260 168
1 11263 153
1 11268 161
1 11271 166
1 11272 147
1 11273 143
1 11274 166
1 11275 161
1 11277 161
1 11279 146
1 11360 163
1 11136 162
1 11137 159
1 11138 146
1 11139 148
1 11140 169
1 11141 135
1 11146 173
1 11147 169
1 11148 151
1 11149 160
1 11150 161
1 11154 168
1 11155 162
1 11156 149
1 11157 152
1 11158 166
1 11159 173
1 11160 165
1 11161 150
1 11162 168
1 11163 160
1 11164 154
1 11165 154
1 11173 149
1 11174 145
1 11175 136
1 11176 169
1 11179 162
1 11180 159
1 11122 155
1 11123 173
1 11126 150
1 11128 156
1 11129 157
1 11130 149
1 11131 166
1 11134 150
1 11135 157
1 11182 152
1 11183 164
1 11184 150
1 11185 137
1 11187 162
1 11188 169
1 11510 155
1 11512 154
1 11508 154
1 11509 161
1 11535 154
1 11536 167
1 11537 155
1 11541 152
1 11544 143
1 11545 141
1 11548 156
1 11514 161
1 11518 167
1 11519 154
1 11532 165
1 11533 143
1 11534 153
1 11563 147
1 11564 165
1 11565 155
1 11566 149
1 11568 157
1 11569 155
1 11571 164
1 11552 171
1 11554 146
1 11560 157
1 11561 159
1 11562 138
1 11578 155
1 11580 156
1 11581 167
1 11583 161
1 11585 155
1 11586 157
1 11587 164
1 11589 168
1 11590 158
1 11592 165
1 11594 159
1 11595 144
1 11596 153
1 11597 154
1 11598 140
1 11599 151
1 11602 172
1 11603 165
1 11604 160
1 11605 130
1 11606 160
1 11608 162
1 11611 144
1 11612 149
1 11616 155
1 11617 161
1 11618 159
1 11619 142
1 11620 162
1 11621 163
1 11623 154
1 11624 161
1 11625 160
1 11628 166
1 11631 147
1 11572 163
1 11573 150
1 11575 142
1 11576 140
1 11577 167
