1 -135 74.7399978637695
1 -130 73.6900024414062
1 -129 71.9800033569336
1 -126 76.620002746582
1 -114 75.379997253418
1 -108 70.7600021362305
1 -104 78.3099975585938
1 -102 77.0199966430664
1 -97 73.9100036621094
1 -95 75.1100006103516
1 -94 68.7200012207031
1 -90 80.2699966430664
1 -75 72.8300018310547
1 -73 67.4000015258789
1 -71 68.370002746582
1 -70 73.8899993896484
1 -69 70.25
1 -66 75.0100021362305
1 -58 68.4499969482422
1 -50 81.25
1 -46 73.7900009155273
1 -45 72.1800003051758
1 -26 68.7300033569336
1 -21 71.4700012207031
1 -15 81.8199996948242
1 -14 67.5100021362305
1 -13 66.1399993896484
1 -8 58.0999984741211
1 2268 68.9599990844727
1 2308 75.1399993896484
1 2313 88.6500015258789
1 2318 69.8899993896484
1 2389 74.5299987792969
1 2391 67.7900009155273
1 2392 73
1 2397 71.7399978637695
1 2406 69.370002746582
1 2407 68.9599990844727
1 2408 64.6999969482422
1 2411 67.3399963378906
1 2415 72.0599975585938
1 2418 71.3399963378906
1 2419 73.2900009155273
1 2420 71.5800018310547
1 2424 75.6100006103516
1 2425 68
1 2426 70.6699981689453
1 2427 66.3199996948242
1 2428 64.0199966430664
1 2429 72.9700012207031
1 2434 64.8600006103516
1 2436 69.3000030517578
1 2438 66.9599990844727
1 2441 73.8300018310547
1 2442 70.5299987792969
1 2445 80.8899993896484
1 2448 70.9300003051758
1 2449 75.6900024414062
1 2450 74.5400009155273
1 2451 75.3099975585938
1 2452 65.9199981689453
1 2455 64.7900009155273
1 2456 80.879997253418
1 2457 75.7399978637695
1 2458 69.0999984741211
1 2461 73.2900009155273
1 2463 77.129997253418
1 2464 75.8399963378906
1 2466 68.4300003051758
1 2468 71.4199981689453
1 2469 68.1600036621094
1 2470 66.5
1 2477 73.4400024414062
1 2478 66.7699966430664
1 2481 71.629997253418
1 2483 72.75
1 2484 79.6800003051758
1 2489 71.1600036621094
1 2490 74.3499984741211
1 2491 77.4800033569336
1 2493 69.5800018310547
1 2495 66.4400024414062
1 2497 74.7900009155273
1 2499 70
1 2500 73.7399978637695
1 2501 69.75
1 2502 67.4599990844727
1 2504 75.9599990844727
1 2508 76.2699966430664
1 2510 65.4599990844727
1 2513 79.0699996948242
1 2516 73.8000030517578
1 2519 72.9400024414062
1 2521 76.8199996948242
1 2524 55.7599983215332
1 2525 77.379997253418
1 2527 65.1600036621094
1 2528 80.2900009155273
1 2533 66.3600006103516
1 2537 77.7399978637695
1 2541 74.4400024414062
1 2543 69.0100021362305
1 2554 75.0699996948242
1 2556 71.5100021362305
1 2557 76.6900024414062
1 2565 60.3199996948242
1 2566 68.6399993896484
1 2794 77.6999969482422
1 2797 70.1600036621094
1 2802 77.1999969482422
1 2803 77.870002746582
1 2806 71.1500015258789
1 2808 68.8899993896484
1 2809 68.5800018310547
1 2810 74.6500015258789
1 2815 72.0999984741211
1 2818 82.9400024414062
1 2822 74.9199981689453
1 2823 70.7900009155273
1 2824 67.9199981689453
1 2825 73.2300033569336
1 2827 74.3899993896484
1 2831 77.4300003051758
1 2832 78.1699981689453
1 2833 82.1699981689453
1 2835 71.620002746582
1 2836 69.0100021362305
1 2838 72.0199966430664
1 2839 74.8300018310547
1 2844 71.9700012207031
1 2846 73.5599975585938
1 2848 68.0500030517578
1 2849 74.25
1 2854 73.3099975585938
1 2855 74.0699996948242
1 2857 77.1900024414062
1 2859 77.0800018310547
1 2862 76.4400024414062
1 2864 80.0400009155273
1 2866 71.4800033569336
1 2867 67.6100006103516
1 2869 65.5100021362305
1 2870 67.7099990844727
1 2875 66.8099975585938
1 2876 76.8300018310547
1 2877 75.5299987792969
1 2883 74.0299987792969
1 2886 77.1800003051758
1 2887 73.7699966430664
1 2888 77.1999969482422
1 2889 71.6100006103516
1 2890 78.8199996948242
1 2891 75.5800018310547
1 2893 74.1999969482422
1 2895 71.9599990844727
1 2896 74.3199996948242
1 2897 74.7300033569336
1 2902 73.5699996948242
1 2904 74.7699966430664
1 2909 74.5299987792969
1 2912 73.1500015258789
1 2915 78.7699966430664
1 2917 72.7099990844727
1 2918 71.1800003051758
1 2919 67.2699966430664
1 2920 71.9800033569336
1 2922 78.3300018310547
1 2926 72.5199966430664
1 2929 79.25
1 2930 70.8899993896484
1 2932 77.4300003051758
1 2934 73
1 2935 78.4100036621094
1 2937 70.3399963378906
1 2938 67.7600021362305
1 2939 57.9500007629395
1 2940 70.0199966430664
1 2948 77.5999984741211
1 2951 75.9599990844727
1 2952 79.9100036621094
1 2956 76.8099975585938
1 2958 73.9599990844727
1 2959 78.4000015258789
1 3000 77.8000030517578
1 3005 74.9700012207031
1 3006 78.2900009155273
1 3007 76.129997253418
1 3008 66.1399993896484
1 3012 75.0800018310547
1 3013 75.4100036621094
1 3015 73.3199996948242
1 3017 74.1399993896484
1 3019 68.1100006103516
1 3020 75.8899993896484
1 3022 71.8199996948242
1 3023 74.2699966430664
1 3025 71.1900024414062
1 3026 67.9400024414062
1 3028 75.8099975585938
1 3029 72.379997253418
1 3030 80.4499969482422
1 3031 64.7799987792969
1 3032 69.370002746582
1 3036 75.3199996948242
1 3037 74.5899963378906
1 3038 72.5500030517578
1 3039 68.9199981689453
1 3042 77.6500015258789
1 3044 74.2099990844727
1 3045 69.5
1 3046 68.2900009155273
1 3047 69.3600006103516
1 3050 69.8000030517578
1 3051 65.5299987792969
1 3052 72.2399978637695
1 3053 76.1100006103516
1 3054 75.4300003051758
1 3055 75.5899963378906
1 3059 75.5800018310547
1 3062 72.1800003051758
1 3063 80.8300018310547
1 3065 71.9700012207031
1 3066 61.6199989318848
1 3067 83.1100006103516
1 3068 66.5899963378906
1 3069 67.2900009155273
1 3070 68.6500015258789
1 3071 76.9400024414062
1 3074 83.2600021362305
1 3077 74.7399978637695
1 3078 74.9400024414062
1 3080 72.8499984741211
1 3081 69.4000015258789
1 3082 68.1600036621094
1 3084 72.120002746582
1 3085 70.9599990844727
1 3086 68.2399978637695
1 3087 66.8600006103516
1 3090 70.2300033569336
1 3095 67.370002746582
1 3096 68.4000015258789
1 3099 55.2900009155273
1 3103 62.2099990844727
1 3105 76.8099975585938
1 3106 69.3000030517578
1 3107 71.1800003051758
1 3108 68.9599990844727
1 3109 74.6999969482422
1 3114 66.8099975585938
1 3115 69.120002746582
1 3117 66.7799987792969
1 3118 68.0299987792969
1 3122 76.0699996948242
1 3124 73.2600021362305
1 3125 80.1500015258789
1 3126 66.0599975585938
1 3127 72.6500015258789
1 3128 72.7300033569336
1 3130 79.3000030517578
1 3131 74.5299987792969
1 3134 73.8199996948242
1 3135 73.4100036621094
1 3137 64.0400009155273
1 3139 74.5899963378906
1 3220 70.7300033569336
1 3231 71.1900024414062
1 3241 73.620002746582
1 3249 72.6100006103516
1 3297 68.120002746582
1 3315 72.9499969482422
1 3321 71.629997253418
1 3398 73.8300018310547
1 3399 62.8300018310547
1 3400 57.3300018310547
1 3403 72.3499984741211
1 3409 64.2900009155273
1 3416 76
1 3421 71.4700012207031
1 3424 73.1900024414062
1 3426 72.6900024414062
1 3429 75.3399963378906
1 3432 68.0599975585938
1 3433 64.2200012207031
1 3434 66.7600021362305
1 3436 77.9100036621094
1 3437 77.1100006103516
1 3438 70.8600006103516
1 3441 75.7300033569336
1 3444 77.1399993896484
1 3448 68.629997253418
1 3449 65.9700012207031
1 3453 66.9800033569336
1 3455 81.4300003051758
1 3458 73.4400024414062
1 3459 76.4899978637695
1 3460 71.8199996948242
1 3461 68.2600021362305
1 3462 75.4300003051758
1 3464 79.0199966430664
1 3466 77.4599990844727
1 3467 65.9499969482422
1 3470 77.4599990844727
1 3472 72.9800033569336
1 3474 69.370002746582
1 3475 76.0999984741211
1 3479 75.120002746582
1 3480 75.6900024414062
1 3481 59.3499984741211
1 3482 74.3000030517578
1 3483 69.8600006103516
1 3486 71.9100036621094
1 3487 62.7400016784668
1 3491 73.5199966430664
1 3492 70.8000030517578
1 3494 60.0299987792969
1 3499 71.9000015258789
1 3500 73.5899963378906
1 3501 83.3899993896484
1 3502 67.1999969482422
1 3504 82.3099975585938
1 3505 76.4000015258789
1 3506 59.9099998474121
1 3513 62.4599990844727
1 3515 67.3000030517578
1 3517 75.5
1 3518 61.5099983215332
1 3519 67.3399963378906
1 3522 75.8199996948242
1 3523 64.7900009155273
1 3527 75.2300033569336
1 3529 73.0299987792969
1 3532 76.2200012207031
1 3535 69.0500030517578
1 3536 71.9599990844727
1 3541 74.879997253418
1 3543 73.5299987792969
1 3544 75.370002746582
1 3546 73.5400009155273
1 3547 61.1599998474121
1 3550 71.8399963378906
1 3551 75.6999969482422
1 3558 79.5599975585938
1 3566 74.8199996948242
1 3574 78.3300018310547
1 3575 69.1900024414062
1 3576 68.0400009155273
1 3580 61.7000007629395
1 3582 78.120002746582
1 3584 68.8099975585938
1 3587 76.4400024414062
1 3588 77.8300018310547
1 3591 58.2900009155273
1 3594 82.7300033569336
1 3595 76.3199996948242
1 3600 66.1800003051758
1 3603 73.379997253418
1 3646 73.5699996948242
1 3647 72.8600006103516
1 3649 50.4300003051758
1 3650 68.1399993896484
1 3655 65.379997253418
1 3656 63.1100006103516
1 3663 74.7200012207031
1 3664 74.620002746582
1 3666 59.5499992370605
1 3667 69.6800003051758
1 3668 72.8499984741211
1 3671 69.370002746582
1 3672 72.9700012207031
1 3673 50.8199996948242
1 3674 62.7400016784668
1 3675 62.4099998474121
1 3678 67.2300033569336
1 3684 76.3899993896484
1 3685 73.8399963378906
1 3686 64.9000015258789
1 3687 71.7300033569336
1 3688 75.370002746582
1 3690 68.8600006103516
1 3691 73.9899978637695
1 3694 73.370002746582
1 3696 74.7099990844727
1 3697 69.2099990844727
1 3698 64.5699996948242
1 3701 76.9800033569336
1 3709 78
1 3712 67.9199981689453
1 3713 64.5100021362305
1 3714 71.7099990844727
1 3715 75.7399978637695
1 3719 73.8399963378906
1 3721 68.5400009155273
1 3722 73.2600021362305
1 3723 82.7699966430664
1 3724 69.6800003051758
1 3726 76.6399993896484
1 3728 73.2200012207031
1 3732 79.6100006103516
1 3735 67.5599975585938
1 3737 75.2099990844727
1 3739 67.0699996948242
1 3741 69.7399978637695
1 3742 68.370002746582
1 3744 74.2399978637695
1 3745 69.8000030517578
1 3746 77.6399993896484
1 3747 75.6399993896484
1 3749 77.7399978637695
1 3751 63.9500007629395
1 3752 67.7799987792969
1 3756 73.2600021362305
1 3757 80.9000015258789
1 3760 70.3300018310547
1 3761 72.9000015258789
1 3765 70.1500015258789
1 3767 70.0699996948242
1 3769 72.3499984741211
1 3770 77.9499969482422
1 3773 73.5400009155273
1 3775 74.7699966430664
1 3776 66.4499969482422
1 3777 67.9100036621094
1 3778 60.310001373291
1 3781 58.9099998474121
1 3784 73.4499969482422
1 3785 77.3899993896484
1 3788 73.379997253418
1 3791 75.25
1 3792 68.6100006103516
1 3794 77.0999984741211
1 3798 77.5999984741211
1 3800 66.7399978637695
1 3801 72.0500030517578
1 3806 65.0100021362305
1 3807 74.4599990844727
1 3808 68.6800003051758
1 3809 76.2699966430664
1 3811 70.7200012207031
1 3812 57.439998626709
1 3813 65.0899963378906
1 3816 73.6900024414062
1 3819 74.3600006103516
1 3824 71.1399993896484
1 3825 68.8499984741211
1 3826 71.2600021362305
1 3880 75.3300018310547
1 3882 78.7399978637695
1 3883 70.0899963378906
1 3884 76.6800003051758
1 3886 72.0899963378906
1 3887 72.6999969482422
1 3888 74.9199981689453
1 3890 71.5199966430664
1 3891 71.8399963378906
1 3892 71.4000015258789
1 3893 72.9400024414062
1 3894 69.3399963378906
1 3895 70.5999984741211
1 3896 75
1 3897 68.25
1 3898 71.7300033569336
1 3899 69.4100036621094
1 3901 76.3399963378906
1 3902 69.1999969482422
1 3903 78.8300018310547
1 3904 74.4599990844727
1 3905 73.379997253418
1 3906 72.2799987792969
1 3907 72.6600036621094
1 3908 80.5699996948242
1 3909 70.0800018310547
1 3910 75.5
1 3911 73.2200012207031
1 3912 65.6399993896484
1 3914 77.2399978637695
1 3916 65.129997253418
1 3917 63.3600006103516
1 3918 67.129997253418
1 3920 70.7099990844727
1 3921 70.0400009155273
1 3922 70.3199996948242
1 3927 70.8499984741211
1 3929 73.0800018310547
1 3932 66.4700012207031
1 3933 67.4400024414062
1 3934 72.8300018310547
1 3935 71.0299987792969
1 3936 67.5999984741211
1 3937 73.1800003051758
1 3938 72.6100006103516
1 3939 68.8000030517578
1 3940 70.0699996948242
1 3942 72.0500030517578
1 3944 77.1900024414062
1 3946 75.3399963378906
1 3947 74.4199981689453
1 3948 83.4499969482422
1 3949 78.1999969482422
1 3951 73.3000030517578
1 3955 73.6800003051758
1 3956 79.2300033569336
1 3958 67.3499984741211
1 3959 78.25
1 3960 76.5599975585938
1 3962 73.4000015258789
1 3963 69.1699981689453
1 3964 60.8300018310547
1 3965 69.2699966430664
1 3972 62.4099998474121
1 3973 62.7000007629395
1 3974 78.3899993896484
1 3975 74.4499969482422
1 3976 75.8499984741211
1 3977 68.5899963378906
1 3978 73.1800003051758
1 3980 77.8300018310547
1 3981 78.0500030517578
1 3982 69.6399993896484
1 3983 72.9899978637695
1 3984 70.6999969482422
1 3985 73
1 3986 68.3600006103516
1 3989 71.0299987792969
1 3990 76.6399993896484
1 3992 74.8899993896484
1 3993 74.6600036621094
1 3994 74.1699981689453
1 3995 77.0699996948242
1 3996 70.3000030517578
1 3998 70.4199981689453
1 3999 74.0199966430664
1 4001 69.5899963378906
1 4003 70.3499984741211
1 4005 76.4199981689453
1 4006 79.4199981689453
1 4007 75.6999969482422
1 4010 75.620002746582
1 4012 72.0100021362305
1 4013 79.6999969482422
1 4015 73.7399978637695
1 4016 68.7300033569336
1 4018 71.3300018310547
1 4021 69.6600036621094
1 4022 76.3899993896484
1 4023 75.2399978637695
1 4024 77
1 4025 70.2300033569336
1 4026 64.4300003051758
1 4028 68.2699966430664
1 4029 65.0199966430664
1 4031 67.7099990844727
1 4032 71.379997253418
1 4033 61.7999992370605
1 4035 76.2200012207031
1 4036 76.379997253418
1 4039 69.4199981689453
1 4040 77.8199996948242
1 4041 75.8099975585938
1 4042 75.2399978637695
1 4044 77.7699966430664
1 4045 71.7900009155273
1 4046 73.4100036621094
1 4048 64.9000015258789
1 4049 73.6699981689453
1 4050 76.5199966430664
1 4052 72.1600036621094
1 4053 73.4199981689453
1 4054 64.8099975585938
1 4057 76.620002746582
1 4058 72.1100006103516
1 4059 79.5599975585938
1 4060 67.1500015258789
1 4061 64.4199981689453
1 4062 77.0500030517578
1 4063 75.9599990844727
1 4064 74.8000030517578
1 4066 71.879997253418
1 4067 61.9099998474121
1 4069 71.5899963378906
1 4072 73.8099975585938
1 4074 77.25
1 4107 76.7399978637695
1 4108 72.6999969482422
1 4110 71.7799987792969
1 4111 75.0699996948242
1 4113 71.2399978637695
1 4115 72.9300003051758
1 4122 76.0899963378906
1 4123 68.7900009155273
1 4124 78.1900024414062
1 4125 78.0100021362305
1 4126 74.5699996948242
1 4135 75.4800033569336
1 4136 78.2099990844727
1 4137 75.5999984741211
1 4142 70.3499984741211
1 4143 74.6399993896484
1 4148 75.0100021362305
1 4149 82.120002746582
1 4248 71.2200012207031
1 4348 73.3099975585938
1 4350 66.9100036621094
1 4360 74.9199981689453
1 4388 67.9199981689453
1 4391 69.2399978637695
1 4406 73.6500015258789
1 4408 71.7200012207031
1 4433 89.4100036621094
1 4506 78.1399993896484
1 4508 70.4499969482422
1 4563 66.0999984741211
1 4565 75.4000015258789
1 4566 66.8000030517578
1 4568 77.6999969482422
1 4569 73.3000030517578
1 4571 74.0999984741211
1 4576 70.8000030517578
1 4578 72
1 4579 72.8000030517578
1 4580 64.5
1 4581 74
1 4582 60.4000015258789
1 4583 71.4499969482422
1 4584 75.9000015258789
1 4585 75.25
1 4586 76.75
1 4588 71.1999969482422
1 4590 68.25
1 4592 73
1 4593 70.6500015258789
1 4594 69.5
1 4595 68.1600036621094
1 4596 80.75
1 4597 75.8000030517578
1 4599 76
1 4600 80.5500030517578
1 4601 66.9000015258789
1 4602 63.7999992370605
1 4603 65.6999969482422
1 4604 73.0500030517578
1 4606 76.5999984741211
1 4607 80
1 4609 72.8499984741211
1 4610 71.6999969482422
1 4612 69.75
1 4613 69.8000030517578
1 4615 66.6500015258789
1 4616 64.5500030517578
1 4617 70.3499984741211
1 4619 66.5
1 4620 74.9000015258789
1 4621 67.4000015258789
1 4622 71.5
1 4623 77
1 4626 73.4000015258789
1 4627 76
1 4638 76.25
1 4640 75.5
1 4641 72.6999969482422
1 4642 66.4499969482422
1 4643 64.25
1 4644 73.25
1 4646 60.5
1 4647 69.3000030517578
1 4648 71.3499984741211
1 4649 73.3499984741211
1 4651 75.5
1 4652 74.4499969482422
1 4653 80.8499984741211
1 4654 78.3499984741211
1 4655 67.4499969482422
1 4658 74.6999969482422
1 4660 70.5999984741211
1 4661 74.5
1 4662 64.5
1 4664 76.5500030517578
1 4665 73.5999984741211
1 4667 76.6500015258789
1 4668 73.9000015258789
1 4669 66.6999969482422
1 4672 78.3000030517578
1 4673 72.0999984741211
1 4674 74.0999984741211
1 4675 68.0999984741211
1 4676 68.5
1 4677 68.6500015258789
1 4678 70.1500015258789
1 4679 66.5999984741211
1 4680 75.3000030517578
1 4681 72.9000015258789
1 4682 71.1500015258789
1 4683 71.5500030517578
1 4684 79.1500015258789
1 4685 81
1 4686 69.5
1 5257 72.7699966430664
1 5258 65.1500015258789
1 5259 67.6399993896484
1 5261 62.1699981689453
1 5264 63.0299987792969
1 5265 71.1999969482422
1 5270 77.0400009155273
1 5273 73.6500015258789
1 5277 73.9899978637695
1 5278 77.3099975585938
1 5280 74.5
1 5282 73.6500015258789
1 5283 74.8000030517578
1 5285 70.629997253418
1 5286 78.5
1 5288 67.3499984741211
1 5293 79.1999969482422
1 5294 69.6900024414062
1 5298 77.8399963378906
1 5299 73.0899963378906
1 5301 67
1 5303 69.4000015258789
1 5304 67.3000030517578
1 5306 75.8600006103516
1 5308 67.8499984741211
1 5311 75.8899993896484
1 5313 71
1 5315 62.689998626709
1 5320 72.3000030517578
1 5325 70
1 5327 69.8000030517578
1 5329 76.0999984741211
1 5333 74.4499969482422
1 5335 72.9899978637695
1 5336 73.8000030517578
1 5337 72.75
1 5339 74.9199981689453
1 5340 69.6500015258789
1 5343 76.5
1 5344 72.8000030517578
1 5346 76.2699966430664
1 5347 73.7799987792969
1 5350 81.0999984741211
1 5351 67.4499969482422
1 5352 68.3899993896484
1 5353 69.0699996948242
1 5354 72.0400009155273
1 5355 74.8000030517578
1 5356 75.8000030517578
1 5357 76.1999969482422
1 5358 76.6999969482422
1 5359 72.4499969482422
1 5360 72.6999969482422
1 5362 69.8300018310547
1 5363 76.8099975585938
1 5366 72.1500015258789
1 5369 78.1500015258789
1 5370 69.5699996948242
1 5374 75.2699966430664
1 5375 72.9000015258789
1 5377 73.75
1 5378 65.8000030517578
1 5380 74.5500030517578
1 5383 69.2699966430664
1 5385 72
1 5386 75.0699996948242
1 5388 78.9599990844727
1 5390 75.9700012207031
1 5391 79.120002746582
1 5393 63.7000007629395
1 5394 78.1999969482422
1 5445 69.1399993896484
1 5454 72.3199996948242
1 5470 73.0899963378906
1 5474 81.3199996948242
1 5482 67.5899963378906
1 5488 70.1600036621094
1 5497 61.1100006103516
1 5517 74.8499984741211
1 5522 69.7900009155273
1 5529 67.9300003051758
1 5534 70.120002746582
1 5537 75.2900009155273
1 5539 76.5699996948242
1 5615 79.0100021362305
1 5637 79.5199966430664
1 5724 71.4400024414062
1 5725 66.1699981689453
1 5726 70.2099990844727
1 5727 65.5400009155273
1 5728 78.2099990844727
1 5731 69.3399963378906
1 5732 71.5100021362305
1 5733 73.9100036621094
1 5734 62.7400016784668
1 5735 70.8600006103516
1 5742 77.5999984741211
1 5743 76.8300018310547
1 5744 64.0299987792969
1 5745 77.9000015258789
1 5746 69.0599975585938
1 5747 74.0199966430664
1 5748 71.8899993896484
1 5749 73.75
1 5750 68.5
1 5752 75.4899978637695
1 5753 69.5400009155273
1 5754 75.9000015258789
1 5755 73.7600021362305
1 5760 68.75
1 5761 63.5900001525879
1 5763 75.2600021362305
1 5764 70.2900009155273
1 5767 67.3600006103516
1 5771 62.7200012207031
1 5772 75.2300033569336
1 5773 69.5299987792969
1 5774 73.4499969482422
1 5775 68.5100021362305
1 5776 71.0299987792969
1 5777 65.7099990844727
1 5778 66.9400024414062
1 5780 67.1100006103516
1 5782 68.8899993896484
1 5783 66.1800003051758
1 5784 52.0900001525879
1 5785 69.0899963378906
1 5786 65.4199981689453
1 5795 70.1699981689453
1 5796 73.379997253418
1 5797 69.1399993896484
1 5798 74.7300033569336
1 5799 74.7200012207031
1 5800 69.2399978637695
1 5801 73.9199981689453
1 5802 78.7200012207031
1 5804 71.3899993896484
1 5805 75.0100021362305
1 5808 78.7399978637695
1 5810 71.5800018310547
1 5811 74.879997253418
1 5813 70.3300018310547
1 5814 72.2399978637695
1 5816 71.3399963378906
1 5817 68.6399993896484
1 5818 78.4499969482422
1 5820 68.4400024414062
1 5821 72.9700012207031
1 5822 66.7900009155273
1 5823 77.629997253418
1 5824 72.5500030517578
1 5826 75.8499984741211
1 5827 69.2600021362305
1 5829 62.7299995422363
1 5830 78.4599990844727
1 5832 65.9599990844727
1 5833 72.4800033569336
1 5834 71.7900009155273
1 5836 67.9000015258789
1 5837 71.5
1 5838 67.9300003051758
1 5839 67.1900024414062
1 5840 70.4300003051758
1 5842 70.4199981689453
1 5844 72.9400024414062
1 5845 74.4100036621094
1 5847 71.0800018310547
1 5848 80.120002746582
1 5851 67.7300033569336
1 5852 73.8199996948242
1 5874 77.6900024414062
1 5876 66.2600021362305
1 5877 65.0800018310547
1 5878 62.6399993896484
1 5879 73.6500015258789
1 5880 72.2200012207031
1 5883 70.9800033569336
1 5885 77.7200012207031
1 5886 75.620002746582
1 5887 67.9100036621094
1 5888 67.1600036621094
1 5889 80.3600006103516
1 5892 69.8300018310547
1 5893 69.6500015258789
1 5894 69.6100006103516
1 5896 78.4300003051758
1 5898 79.7799987792969
1 5899 67.9400024414062
1 5900 60.1100006103516
1 5901 80.5500030517578
1 5902 73.5899963378906
1 5903 75.25
1 5904 72.2600021362305
1 5905 68.2300033569336
1 5906 66.620002746582
1 5907 67.370002746582
1 5913 75.6900024414062
1 5914 65.7099990844727
1 5916 68.5599975585938
1 5919 76.6600036621094
1 5921 72.0100021362305
1 5923 76.4400024414062
1 5924 74.4700012207031
1 5926 74.1500015258789
1 5927 68.7900009155273
1 5928 64.9899978637695
1 5929 74.370002746582
1 5930 75.3099975585938
1 5931 63.7799987792969
1 5932 69.5
1 5935 64.5500030517578
1 5972 76.7600021362305
1 5974 68.4199981689453
1 5975 64.2200012207031
1 5977 64.5699996948242
1 5979 73.3300018310547
1 5980 72.620002746582
1 5982 69.4400024414062
1 5983 64.379997253418
1 5988 72.5199966430664
1 5989 74.879997253418
1 5990 71.9899978637695
1 5991 80.75
1 5992 72.3600006103516
1 5993 74.1500015258789
1 5997 74.4899978637695
1 5998 72.879997253418
1 6002 67.4599990844727
1 6015 74.1399993896484
1 6016 76.3499984741211
1 6020 72.5299987792969
1 6021 64.9199981689453
1 6022 71.9899978637695
1 6028 71.9300003051758
1 6036 75.6900024414062
1 6045 59.2000007629395
1 6050 77.0299987792969
1 6053 71.0999984741211
1 6085 78.9300003051758
1 6090 68.0100021362305
1 6093 75.1699981689453
1 6095 73.75
1 6096 71.8199996948242
1 6101 77.8899993896484
1 6104 72.8899993896484
1 6107 58.310001373291
1 6108 71.75
1 6109 71.9199981689453
1 6110 65.0999984741211
1 6111 68.0100021362305
1 6112 73.0100021362305
1 6113 63.7799987792969
1 6117 68.2900009155273
1 6122 73.9100036621094
1 6126 73.8899993896484
1 6131 76.7799987792969
1 6134 69.4599990844727
1 6135 66.8099975585938
1 6137 66.5100021362305
1 6138 67.0800018310547
1 6140 73.3600006103516
1 6142 68.0699996948242
1 6143 68.7600021362305
1 6144 69.9400024414062
1 6152 71.8000030517578
1 6153 69.25
1 6157 64.1999969482422
1 6158 70.870002746582
1 6160 64.9599990844727
1 6161 68.129997253418
1 6163 74.5400009155273
1 6165 74.9400024414062
1 6166 67.4899978637695
1 6167 76.9899978637695
1 6177 73.4599990844727
1 6178 65.6100006103516
1 6180 71.2600021362305
1 6183 67.129997253418
1 6188 74.5800018310547
1 6191 73.120002746582
1 6192 61.25
1 6194 66.1699981689453
1 6197 70.370002746582
1 6198 76.0999984741211
1 6200 72.5599975585938
1 6201 70.2099990844727
1 6276 57.810001373291
1 6311 72.8099975585938
1 6316 64.4100036621094
1 6327 71.1900024414062
1 6335 77.3899993896484
1 6336 71.5699996948242
1 6339 79.5599975585938
1 6340 71.5
1 6341 74.3399963378906
1 6343 79.4800033569336
1 6344 74.9400024414062
1 6346 71.5599975585938
1 6347 74.0699996948242
1 6349 68.2699966430664
1 6350 66.2300033569336
1 6352 72.5599975585938
1 6355 71.8099975585938
1 6356 75.2399978637695
1 6360 67.4599990844727
1 6363 72.7900009155273
1 6364 71.8099975585938
1 6366 71.2600021362305
1 6368 80.7799987792969
1 6378 80.4499969482422
1 6379 83.9800033569336
1 6380 73.5899963378906
1 6384 68.4700012207031
1 6385 78.1900024414062
1 6387 75.129997253418
1 6388 72.0699996948242
1 6389 72.8000030517578
1 6390 75.0800018310547
1 6391 63.560001373291
1 6392 63.0200004577637
1 6393 77.1500015258789
1 6394 77.0999984741211
1 6395 65.1399993896484
1 6396 60.5400009155273
1 6397 63.2400016784668
1 6398 74.25
1 6399 72.9300003051758
1 6401 62.3600006103516
1 6402 77.4400024414062
1 6403 74.9700012207031
1 6405 61.439998626709
1 6412 78.2099990844727
1 6416 70.9199981689453
1 6417 67.9300003051758
1 6418 72.4499969482422
1 6420 73.8600006103516
1 6424 71.2699966430664
1 6426 79.2200012207031
1 6427 72.4400024414062
1 6429 76.9100036621094
1 6438 74.5100021362305
1 6442 73.1100006103516
1 6445 72.8600006103516
1 6446 69.9700012207031
1 6447 74.5299987792969
1 6448 77.4199981689453
1 6449 64.9700012207031
1 6450 65.4899978637695
1 6453 75.6500015258789
1 6457 67.5299987792969
1 6460 71.6800003051758
1 6464 77.620002746582
1 6466 77.7600021362305
1 6467 72.3899993896484
1 6468 68.6500015258789
1 6469 74.0800018310547
1 6472 76.0100021362305
1 6473 75.0299987792969
1 6475 73.3300018310547
1 6476 80.6100006103516
1 6478 77.6699981689453
1 6480 71.8899993896484
1 6482 68.0199966430664
1 6487 68.0199966430664
1 6489 63.9099998474121
1 6503 77.1699981689453
1 6505 78.1999969482422
1 6517 73.4800033569336
1 6518 78.4700012207031
1 6521 73.5299987792969
1 6522 68.370002746582
1 6523 76.0599975585938
1 6524 73.7900009155273
1 6527 77.2200012207031
1 6532 75.1999969482422
1 6539 76.3499984741211
1 6564 75.6100006103516
1 6574 68.8899993896484
1 6578 80.2399978637695
1 6584 70.9599990844727
1 6586 71.6399993896484
1 6587 73.0699996948242
1 6590 58.4799995422363
1 6592 78.8300018310547
1 6595 72.9700012207031
1 6596 71.0999984741211
1 6597 72.3399963378906
1 6607 79.129997253418
1 6611 66.8399963378906
1 6612 78.5999984741211
1 6613 69.5
1 6614 68.870002746582
1 6624 76.8600006103516
1 6626 63.4000015258789
1 6628 77.5999984741211
1 6630 75.120002746582
1 6635 71.6600036621094
1 6636 72.2099990844727
1 6645 77.1100006103516
1 6647 65
1 6649 86.5199966430664
1 6651 63.3699989318848
1 6652 73.3300018310547
1 6655 70.3199996948242
1 6659 71.6999969482422
1 6664 78.5100021362305
1 6668 74.9899978637695
1 6669 70.5
1 6670 70.3300018310547
1 6672 79.2799987792969
1 6673 76.5999984741211
1 6677 74.4499969482422
1 6684 75.4700012207031
1 6687 79.5899963378906
1 6698 77.3899993896484
1 6699 70.2300033569336
1 6700 71.5299987792969
1 6703 77.3399963378906
1 6705 75.1399993896484
1 6710 67.8000030517578
1 6711 67.6399993896484
1 6712 77.0599975585938
1 6714 70.3499984741211
1 6731 74.6800003051758
1 6732 71.1800003051758
1 6762 77.0400009155273
1 6766 71.9199981689453
1 6769 65.7399978637695
1 6772 66.3600006103516
1 6773 76.7799987792969
1 6774 71.4899978637695
1 6783 75.7900009155273
1 6807 64.6699981689453
1 6824 69.8399963378906
1 6825 73.0699996948242
1 6826 77.3499984741211
1 6832 75.5500030517578
1 6835 75.7399978637695
1 6839 71.4100036621094
1 6840 75.7799987792969
1 6844 79.4300003051758
1 6845 78.5899963378906
1 6846 71.5199966430664
1 6848 63.0200004577637
1 6850 78.6100006103516
1 6852 67.5299987792969
1 6855 66.3499984741211
1 6858 70.5100021362305
1 6862 65.5199966430664
1 6864 75.6600036621094
1 6865 68.1900024414062
1 6872 73.5100021362305
1 6873 62.8499984741211
1 6875 71.1999969482422
1 6876 80.9000015258789
1 6877 70.0100021362305
1 6878 72.7900009155273
1 6879 77.4000015258789
1 6880 89.2900009155273
1 6883 71.5599975585938
1 6885 76.879997253418
1 6887 64.6900024414062
1 6889 73.0699996948242
1 6890 70.5800018310547
1 6891 66.8600006103516
1 6894 66.0500030517578
1 6897 62.1500015258789
1 6902 72.0699996948242
1 6903 68.2300033569336
1 6906 68.5999984741211
1 6908 69.2399978637695
1 6912 74.4499969482422
1 6914 71.6399993896484
1 6917 71.3399963378906
1 6919 76.6500015258789
1 6922 73.129997253418
1 6924 76.2200012207031
1 6925 68.2399978637695
1 6926 77.6500015258789
1 6931 72.129997253418
1 6932 71.2300033569336
1 6934 69.8399963378906
1 6940 73.4800033569336
1 6942 66.9800033569336
1 6946 73.3099975585938
1 6950 71.6600036621094
1 6951 65.1600036621094
1 6952 76.3000030517578
1 6955 72.2099990844727
1 6956 76.3099975585938
1 6959 74.1600036621094
1 6961 66.6100006103516
1 6963 71.7699966430664
1 6964 73.1699981689453
1 6966 71.4000015258789
1 6980 75.9000015258789
1 6983 70.9300003051758
1 6984 72.8899993896484
1 7037 71.1999969482422
1 7041 75.7699966430664
1 7042 65.4599990844727
1 7044 68.6600036621094
1 7049 72.4700012207031
1 7054 67.2200012207031
1 7058 53.689998626709
1 7059 62.6199989318848
1 7060 74.9700012207031
1 7066 72.4899978637695
1 7087 67.0599975585938
1 7088 72.2600021362305
1 7105 68.4700012207031
1 7106 79.4100036621094
1 7111 73.3000030517578
1 7113 77.5400009155273
1 7114 74.2799987792969
1 7117 70.4599990844727
1 7119 75.4599990844727
1 7120 74
1 7121 75.3199996948242
1 7123 72.4700012207031
1 7130 75.4199981689453
1 7132 80.2200012207031
1 7136 75.5400009155273
1 7147 78.2200012207031
1 7150 71.3000030517578
1 7151 62.5
1 7152 74.8300018310547
1 7153 68.0999984741211
1 7154 68.7600021362305
1 7160 66.2600021362305
1 7164 72.0800018310547
1 7165 72.5599975585938
1 7166 63.9900016784668
1 7167 68.25
1 7169 75.0199966430664
1 7170 66.6600036621094
1 7175 69.9700012207031
1 7176 69.8899993896484
1 7177 68.4899978637695
1 7178 70.9400024414062
1 7180 69.2300033569336
1 7181 68.4499969482422
1 7182 76.3000030517578
1 7186 72.75
1 7187 62.9099998474121
1 7188 70.0800018310547
1 7189 67.8199996948242
1 7195 67.9599990844727
1 7203 72.2799987792969
1 7204 74.6699981689453
1 7207 81.379997253418
1 7211 75.7399978637695
1 7214 71.379997253418
1 7220 70.2300033569336
1 7221 68.5500030517578
1 7226 76.6500015258789
1 7229 76.3499984741211
1 7231 75.6100006103516
1 7236 69.6800003051758
1 7239 71.5800018310547
1 7240 77.7300033569336
1 7242 74.1800003051758
1 7243 74.1500015258789
1 7246 66.7900009155273
1 7248 73.0800018310547
1 7254 67.0999984741211
1 7255 75.3899993896484
1 7258 64.1500015258789
1 7266 77.8399963378906
1 7307 68.8099975585938
1 7308 66.4000015258789
1 7315 72.2900009155273
1 7327 74.4400024414062
1 7328 63.060001373291
1 7332 72.6999969482422
1 7335 82.1699981689453
1 7337 69.9300003051758
1 7346 66.9599990844727
1 7437 67.870002746582
1 7442 73.9899978637695
1 7444 69.5199966430664
1 7446 72.6600036621094
1 7447 68.8899993896484
1 7448 76.6100006103516
1 7450 78.0100021362305
1 7452 72.2200012207031
1 7453 74.3300018310547
1 7456 75.9400024414062
1 7457 70.5100021362305
1 7461 81.5299987792969
1 7462 69.1500015258789
1 7463 68.3199996948242
1 7465 68.4599990844727
1 7467 72.0400009155273
1 7470 73.0299987792969
1 7471 75.629997253418
1 7473 73.9899978637695
1 7474 64.8499984741211
1 7477 70.0400009155273
1 7478 71.5500030517578
1 7479 73.370002746582
1 7481 72.8899993896484
1 7483 72.1100006103516
1 7484 81.8000030517578
1 7487 66.1500015258789
1 7489 59.6399993896484
1 7490 72.2600021362305
1 7491 72.4700012207031
1 7497 76.2799987792969
1 7499 66.5899963378906
1 7500 73.120002746582
1 7501 73.0100021362305
1 7502 67.7799987792969
1 7505 72.8300018310547
1 7506 79.8099975585938
1 7507 73.5599975585938
1 7508 64.6800003051758
1 7509 68.1999969482422
1 7510 62.0499992370605
1 7512 69.7200012207031
1 7513 66.5599975585938
1 7515 74.620002746582
1 7517 79.8300018310547
1 7518 77.2799987792969
1 7519 58.7400016784668
1 7521 76.8199996948242
1 7522 68.2300033569336
1 7523 71.5
1 7524 70.1500015258789
1 7528 75.5299987792969
1 7529 69.4100036621094
1 7530 68.1500015258789
1 7531 68.5999984741211
1 7532 67.0500030517578
1 7534 79.2699966430664
1 7535 69.9599990844727
1 7536 71.4100036621094
1 7537 72.5999984741211
1 7539 75.129997253418
1 7540 75.629997253418
1 7541 69.2699966430664
1 7544 68.120002746582
1 7545 69.4199981689453
1 7548 62.1699981689453
1 7553 66.6100006103516
1 7554 72.6600036621094
1 7558 72.1800003051758
1 7561 77.129997253418
1 7563 78.370002746582
1 7567 65.6100006103516
1 7571 66.3399963378906
1 7572 61.439998626709
1 7577 67.8000030517578
1 7578 70.4599990844727
1 7579 73.4100036621094
1 7580 68.5699996948242
1 7581 75.1399993896484
1 7582 82.370002746582
1 7583 71.7900009155273
1 7584 61.060001373291
1 7586 76.7799987792969
1 7591 72.629997253418
1 7595 69.4100036621094
1 7597 71.9800033569336
1 7601 66.1100006103516
1 7602 70.2300033569336
1 7604 77.7900009155273
1 7681 79.3300018310547
1 7682 64.2600021362305
1 7683 75.5899963378906
1 7684 71.9899978637695
1 7685 69.5500030517578
1 7689 73.620002746582
1 7690 74.3099975585938
1 7691 70.879997253418
1 7693 73.2600021362305
1 7709 77.4499969482422
1 7711 77.75
1 7712 72.3199996948242
1 7713 73.75
1 7716 70.2600021362305
1 7718 71.3199996948242
1 7719 69.1600036621094
1 8214 77.0299987792969
1 8215 76.1800003051758
1 8216 72.9400024414062
1 8218 68.0999984741211
1 8219 73.6600036621094
1 8220 75.8899993896484
1 8222 76.6900024414062
1 8225 72.4800033569336
1 8226 72.4400024414062
1 8228 70.4000015258789
1 8229 79.2600021362305
1 8231 72.75
1 8232 78.0199966430664
1 8233 66.9100036621094
1 8234 74.8099975585938
1 8235 72.8499984741211
1 8238 65.0400009155273
1 8239 72
1 8243 68.6399993896484
1 8244 73.25
1 8245 66.8899993896484
1 8246 66.8000030517578
1 8248 70.7399978637695
1 8250 75.0599975585938
1 8251 72.3199996948242
1 8252 74.2699966430664
1 8253 72.5999984741211
1 8255 70.3000030517578
1 8257 78.3399963378906
1 8259 70.4599990844727
1 8260 58.6699981689453
1 8261 65.6399993896484
1 8262 68.7300033569336
1 8263 71.6100006103516
1 8264 74.3600006103516
1 8268 73.0699996948242
1 8269 71.4800033569336
1 8271 75.4700012207031
1 8272 62.3300018310547
1 8273 57.3600006103516
1 8275 67.1999969482422
1 8278 57.5999984741211
1 8279 68.9300003051758
1 8281 66.9499969482422
1 8282 72.6999969482422
1 8283 71.370002746582
1 8284 77.8099975585938
1 8285 69.1699981689453
1 8287 73.9300003051758
1 8289 74.879997253418
1 8291 75.0400009155273
1 8292 68.9499969482422
1 8293 69.9300003051758
1 8295 68.3899993896484
1 8296 67
1 8297 77.7900009155273
1 8299 73.5500030517578
1 8300 71.7900009155273
1 8301 59.0999984741211
1 8303 69.8199996948242
1 8306 81.8399963378906
1 8307 73.4899978637695
1 8308 67.8499984741211
1 8309 61.8600006103516
1 8311 68.9800033569336
1 8313 71.379997253418
1 8314 69.370002746582
1 8315 78.8199996948242
1 8317 67.5
1 8318 73.3300018310547
1 8319 76.7200012207031
1 8320 67.0299987792969
1 8321 69.0899963378906
1 8322 76.0199966430664
1 8323 73.5299987792969
1 8324 73.6900024414062
1 8325 74.7799987792969
1 8326 79.9000015258789
1 8328 78.6999969482422
1 8329 70.6699981689453
1 8330 72.6800003051758
1 8331 66.9400024414062
1 8333 64.370002746582
1 8334 56.25
1 8336 71.1500015258789
1 8337 70.5
1 8338 69.870002746582
1 8339 72.5800018310547
1 8341 69.6999969482422
1 8343 78.8899993896484
1 8344 78.3600006103516
1 8347 71.2799987792969
1 8348 70.4499969482422
1 8349 77.5199966430664
1 8351 70.5500030517578
1 8352 67.7099990844727
1 8353 71.7699966430664
1 8354 70.0500030517578
1 8355 66.25
1 8356 74.4499969482422
1 8359 74.8899993896484
1 8360 70.7799987792969
1 8363 78.0100021362305
1 8364 73.2600021362305
1 8450 70.2399978637695
1 8452 68.0899963378906
1 8453 78.8600006103516
1 8455 68.6399993896484
1 8456 65.9300003051758
1 8457 69.0999984741211
1 8458 67.1699981689453
1 8459 78.879997253418
1 8461 69.8899993896484
1 8462 74.6100006103516
1 8463 74.8399963378906
1 8464 73.1500015258789
1 8465 71.0800018310547
1 8468 65.9000015258789
1 8472 73.7799987792969
1 8474 76.1699981689453
1 8484 77.6800003051758
1 8490 67.5500030517578
1 8492 77.6600036621094
1 8493 67.4400024414062
1 8495 74.0599975585938
1 8501 70.5199966430664
1 8507 75.1800003051758
1 8513 78.2300033569336
1 8517 75.8499984741211
1 8642 70.0400009155273
1 8644 71.8099975585938
1 8647 72.0699996948242
1 8651 73.9899978637695
1 8653 73.129997253418
1 8654 66.2200012207031
1 8655 80
1 8658 68.4199981689453
1 8661 65.0299987792969
1 8662 72.7799987792969
1 8665 75.120002746582
1 8667 75.379997253418
1 8669 70.6600036621094
1 8673 77.6999969482422
1 8676 72.2900009155273
1 8682 66.5
1 8685 70.8300018310547
1 8696 78.0899963378906
1 8697 69.7600021362305
1 8704 77.5800018310547
1 8737 75.3399963378906
1 8977 74.1500015258789
1 9001 73.3899993896484
1 9002 62.8699989318848
1 9004 71.8600006103516
1 9005 70.620002746582
1 9006 79.5899963378906
1 9007 69.9599990844727
1 9008 71.1800003051758
1 9009 69.8300018310547
1 9011 69.8199996948242
1 9013 64.7600021362305
1 9015 79.4800033569336
1 9017 76.2399978637695
1 9018 80.2900009155273
1 9019 77.2900009155273
1 9020 79.8600006103516
1 9021 77.5999984741211
1 9024 82.3000030517578
1 9025 68.4499969482422
1 9026 69.3399963378906
1 9027 77.0999984741211
1 9028 67.5400009155273
1 9032 62.6599998474121
1 9033 74.879997253418
1 9035 64.1900024414062
1 9037 79.2300033569336
1 9039 68.4700012207031
1 9041 72.9199981689453
1 9042 72.5199966430664
1 9043 73.4599990844727
1 9045 69.7200012207031
1 9047 75.0899963378906
1 9048 63.6300010681152
1 9049 68.1500015258789
1 9050 69.5100021362305
1 9051 68.870002746582
1 9052 67.1399993896484
1 9053 67.5999984741211
1 9054 77.1800003051758
1 9055 70.2799987792969
1 9056 69.9700012207031
1 9057 68.4100036621094
1 9058 73.7399978637695
1 9059 78.4100036621094
1 9062 70.25
1 9064 68.9300003051758
1 9065 74.0400009155273
1 9066 67.5800018310547
1 9067 71.2300033569336
1 9069 74.8899993896484
1 9071 73.1699981689453
1 9072 73.9199981689453
1 9073 74.5199966430664
1 9076 80.0999984741211
1 9077 77.0800018310547
1 9078 69.1100006103516
1 9080 76.7699966430664
1 9081 68.1500015258789
1 9082 66.879997253418
1 9084 75.120002746582
1 9085 76.2099990844727
1 9087 64.6100006103516
1 9088 74.629997253418
1 9089 73.3899993896484
1 9090 74.4499969482422
1 9092 78.1699981689453
1 9097 72.0500030517578
1 9098 74.0800018310547
1 9099 70.379997253418
1 9101 81.4199981689453
1 9102 70.870002746582
1 9103 74.4800033569336
1 9104 74.1900024414062
1 9105 73.2799987792969
1 9106 72.5199966430664
1 9109 76.8199996948242
1 9111 68.0899963378906
1 9112 74.8399963378906
1 9114 66.8099975585938
1 9115 66.7300033569336
1 9116 75.379997253418
1 9118 75.0599975585938
1 9123 76.4899978637695
1 9124 73.1999969482422
1 9127 69.4800033569336
1 9129 62.0900001525879
1 9132 76.2200012207031
1 9133 73.870002746582
1 9134 69.5400009155273
1 9135 67.0100021362305
1 9136 60.4199981689453
1 9138 66.9599990844727
1 9140 66.7600021362305
1 9141 69.5699996948242
1 9142 78.5999984741211
1 9144 70.2600021362305
1 9145 63.6699981689453
1 9147 65.9899978637695
1 9148 64.3600006103516
1 9150 70.4499969482422
1 9151 65.3000030517578
1 9152 76.9100036621094
1 9155 73.75
1 9156 71.3399963378906
1 9157 73.2699966430664
1 9158 66.6900024414062
1 9159 65.5800018310547
1 9160 71.2399978637695
1 9161 75.1699981689453
1 9162 70.5
1 9163 61.8499984741211
1 9164 73.370002746582
1 9168 63.3699989318848
1 9203 74.9599990844727
1 9209 79.0400009155273
1 9220 69.0199966430664
1 9228 74.0899963378906
1 9230 75.7699966430664
1 9232 73.6399993896484
1 9237 78.2200012207031
1 9243 69.2699966430664
1 9252 60.2799987792969
1 9256 63.0699996948242
1 9715 71.6100006103516
1 9719 77.4199981689453
1 9752 75.379997253418
1 9753 80.8300018310547
1 9754 71.4100036621094
1 9755 77.629997253418
1 9756 66.7300033569336
1 9758 73.6699981689453
1 9761 73.7200012207031
1 9762 66.9000015258789
1 9766 71.9199981689453
1 9770 74.870002746582
1 9776 76.1399993896484
1 9777 80.6399993896484
1 9781 68.5899963378906
1 9782 72.75
1 9783 65.0500030517578
1 9785 73.7799987792969
1 9788 69.5899963378906
1 9794 76.7099990844727
1 9798 77.0199966430664
1 9799 71.7399978637695
1 9801 74.0800018310547
1 9803 72.2099990844727
1 9811 65.9100036621094
1 9813 72.0500030517578
1 9814 77.9899978637695
1 9821 77
1 9825 70.1800003051758
1 9826 63.5099983215332
1 9828 79.2300033569336
1 9829 70.129997253418
1 9831 68.0500030517578
1 9832 69.5599975585938
1 9835 78.4000015258789
1 9842 69.7300033569336
1 9844 72.9899978637695
1 9850 64.4800033569336
1 9851 68.9899978637695
1 9852 70.8899993896484
1 9853 70.4700012207031
1 9854 67.3199996948242
1 9856 71.370002746582
1 9857 62.5999984741211
1 9859 69.9100036621094
1 9860 72.9800033569336
1 9861 73.0599975585938
1 9862 75.1399993896484
1 9865 73.2200012207031
1 9867 75.7699966430664
1 9877 73.5
1 9878 83.0500030517578
1 9879 76.3099975585938
1 9882 63.4599990844727
1 9883 65.9400024414062
1 9884 67.5800018310547
1 9885 74.9700012207031
1 9886 74.9100036621094
1 9887 73.25
1 9891 68.9700012207031
1 9893 71.75
1 9899 63.8699989318848
1 9900 76.0899963378906
1 9901 69.5500030517578
1 9902 62.2099990844727
1 9905 77.8300018310547
1 9906 77.7099990844727
1 9907 74.4899978637695
1 9909 73.6100006103516
1 9910 76.0199966430664
1 9911 72.1999969482422
1 9912 76.4599990844727
1 9914 70.5299987792969
1 9915 65.0899963378906
1 9916 67.8300018310547
1 9917 71.2399978637695
1 9918 73.0100021362305
1 9919 68.5599975585938
1 9920 70.6900024414062
1 9921 76.129997253418
1 10046 68.5899963378906
1 10049 81.8000030517578
1 10050 80.6999969482422
1 10076 58.4300003051758
1 10080 70.9300003051758
1 10121 67.0800018310547
1 10128 75.6999969482422
1 10137 74.0199966430664
1 10143 70.0400009155273
1 10179 68.4599990844727
1 10185 74.5999984741211
1 10187 71.7600021362305
1 10188 68.9300003051758
1 10189 74.2799987792969
1 10193 73.370002746582
1 10194 72.0800018310547
1 10196 75.3199996948242
1 10197 62.75
1 10199 70.9800033569336
1 10200 74.1399993896484
1 10203 75.9000015258789
1 10206 57.7799987792969
1 10208 75.3099975585938
1 10209 73.0400009155273
1 10212 68.3199996948242
1 10213 75.3000030517578
1 10218 76.7600021362305
1 10219 71.5699996948242
1 10222 72.6399993896484
1 10223 71.1699981689453
1 10224 75.1500015258789
1 10227 80.1800003051758
1 10228 70.4499969482422
1 10229 67.0999984741211
1 10230 69.4599990844727
1 10233 76.6600036621094
1 10234 72.0500030517578
1 10235 78.3600006103516
1 10236 70.8099975585938
1 10241 64.0400009155273
1 10245 69.9000015258789
1 10246 77.4700012207031
1 10249 66.4800033569336
1 10250 68.4000015258789
1 10252 66.9000015258789
1 10257 69.9800033569336
1 10259 70.0999984741211
1 10262 74
1 10263 71.6399993896484
1 10266 70.25
1 10269 69.5400009155273
1 10270 66.6399993896484
1 10271 76.620002746582
1 10272 72.6900024414062
1 10273 64.1600036621094
1 10274 60.0400009155273
1 10276 74.4300003051758
1 10277 77.6800003051758
1 10280 73.6100006103516
1 10281 70.1699981689453
1 10282 67.4199981689453
1 10285 70.6999969482422
1 10287 70.7399978637695
1 10288 76.0400009155273
1 10290 75.9800033569336
1 10291 69.4499969482422
1 10292 76.6699981689453
1 10300 65.8300018310547
1 10304 67.4899978637695
1 10306 78.0100021362305
1 10308 66.2099990844727
1 10309 67.870002746582
1 10310 73.0100021362305
1 10311 72.3300018310547
1 10314 75.4300003051758
1 10316 70.9599990844727
1 10317 62.1399993896484
1 10320 71.0999984741211
1 10321 67.370002746582
1 10322 65.9499969482422
1 10323 60.6800003051758
1 10324 73.4800033569336
1 10325 73.1800003051758
1 10326 75.5100021362305
1 10327 74.9899978637695
1 10328 66.5199966430664
1 10331 72.379997253418
1 10334 72.5699996948242
1 10338 71.9300003051758
1 10340 75.7900009155273
1 10341 75.8000030517578
1 10342 66.7099990844727
1 10344 63.1800003051758
1 10350 64.8300018310547
1 10355 74.9199981689453
1 10435 78.870002746582
1 10437 68.8000030517578
1 10440 77.25
1 10444 73.370002746582
1 10445 74.5999984741211
1 10457 72.5100021362305
1 10516 75.6600036621094
1 10522 74.8300018310547
1 10528 71.1699981689453
1 10533 71.5800018310547
1 10535 77.9400024414062
1 10536 74.5699996948242
1 10538 67.6800003051758
1 10540 81.4400024414062
1 10541 70.8099975585938
1 10548 74.2099990844727
1 10551 67.8399963378906
1 10553 72.6800003051758
1 10554 77.0100021362305
1 10556 67.5199966430664
1 10558 75.5699996948242
1 10559 70
1 10562 67.379997253418
1 10564 74.5500030517578
1 10566 80.0500030517578
1 10570 70.2900009155273
1 10573 66.7099990844727
1 10578 77.8399963378906
1 10579 72.1399993896484
1 10584 71.5800018310547
1 10587 74.879997253418
1 10589 74.0299987792969
1 10593 71.0400009155273
1 10595 70.5
1 10600 72.6399993896484
1 10601 64.0599975585938
1 10604 73.2399978637695
1 10607 71.1399993896484
1 10610 74.129997253418
1 10615 68.879997253418
1 10616 67.2399978637695
1 10620 77.9300003051758
1 10621 73.7799987792969
1 10629 74.3600006103516
1 10631 71
1 10634 77.7200012207031
1 10635 70.5500030517578
1 10638 77.1399993896484
1 10639 76.2600021362305
1 10640 75.1800003051758
1 10643 78.2300033569336
1 10645 69.9300003051758
1 10653 60.4199981689453
1 10658 69.9199981689453
1 10660 69.0500030517578
1 10663 61.6300010681152
1 10664 63.6100006103516
1 10711 72.5400009155273
1 11068 75.0599975585938
1 11069 67.8099975585938
1 11070 68.5400009155273
1 11073 74.1100006103516
1 11082 77.5800018310547
1 11086 76.2799987792969
1 11114 71.1100006103516
1 11115 74.379997253418
1 11116 68.5599975585938
1 11120 76.9400024414062
1 11125 71.2699966430664
1 11126 67.9100036621094
1 11129 71.379997253418
1 11130 69
1 11131 74.8399963378906
1 11133 70.5800018310547
1 11134 70.0899963378906
1 11135 74.3499984741211
1 11136 76.7699966430664
1 11137 69.25
1 11139 59.2999992370605
1 11141 62.1199989318848
1 11143 75.4499969482422
1 11144 74.5199966430664
1 11145 72.0100021362305
1 11146 79.7399978637695
1 11149 72.5199966430664
1 11150 78.5999984741211
1 11151 66.9400024414062
1 11153 77.1800003051758
1 11154 78.1399993896484
1 11155 72.879997253418
1 11158 79.870002746582
1 11159 80.3600006103516
1 11160 81.8600006103516
1 11161 69.0299987792969
1 11162 77.5299987792969
1 11163 76.8300018310547
1 11164 71.5899963378906
1 11165 71.7200012207031
1 11166 63.1699981689453
1 11167 67.4300003051758
1 11168 79
1 11169 73.75
1 11170 75.6100006103516
1 11171 74.9899978637695
1 11172 81.0800018310547
1 11173 70.1399993896484
1 11174 70.5899963378906
1 11176 79.3600006103516
1 11177 75.9800033569336
1 11178 69.0400009155273
1 11179 74.3600006103516
1 11180 69.120002746582
1 11181 71.5800018310547
1 11183 73.1800003051758
1 11184 69.25
1 11185 65.5500030517578
1 11186 75.2399978637695
1 11187 76.5899963378906
1 11188 80.4300003051758
1 11190 74.9899978637695
1 11193 70.7900009155273
1 11194 79.8300018310547
1 11196 77.6500015258789
1 11197 73.6800003051758
1 11198 67.6399993896484
1 11199 66.2900009155273
1 11200 71.7799987792969
1 11201 79.6600036621094
1 11203 74.5800018310547
1 11204 72.5100021362305
1 11205 72.879997253418
1 11209 64.0100021362305
1 11210 69.0299987792969
1 11211 68.9400024414062
1 11213 69.5999984741211
1 11214 65.5999984741211
1 11215 66.7099990844727
1 11217 75.9199981689453
1 11218 68.120002746582
1 11219 71.5999984741211
1 11221 73.3899993896484
1 11223 71.8499984741211
1 11224 73.5899963378906
1 11226 73.7900009155273
1 11227 78.1800003051758
1 11229 76.7399978637695
1 11230 76.3000030517578
1 11231 77.9100036621094
1 11232 69.1100006103516
1 11233 70.4800033569336
1 11234 65.5800018310547
1 11235 73.629997253418
1 11236 79.0599975585938
1 11238 73.9899978637695
1 11240 74.1399993896484
1 11242 63.1199989318848
1 11243 73.0800018310547
1 11244 78.3000030517578
1 11245 64.870002746582
1 11247 71.6699981689453
1 11248 75.8199996948242
1 11249 74.4199981689453
1 11250 69.0699996948242
1 11251 75.4400024414062
1 11252 68.6699981689453
1 11253 73.6900024414062
1 11254 80.2900009155273
1 11255 73.1600036621094
1 11256 70.6800003051758
1 11257 71.129997253418
1 11258 76.3399963378906
1 11261 74.8499984741211
1 11263 72.7699966430664
1 11265 75.620002746582
1 11268 74.4100036621094
1 11269 82.5699996948242
1 11270 77.9599990844727
1 11271 73.4599990844727
1 11272 64.1399993896484
1 11273 69.9000015258789
1 11274 79.7099990844727
1 11276 77.5100021362305
1 11277 72.1399993896484
1 11279 62.9000015258789
1 11283 66.8099975585938
1 11372 71.7699966430664
1 11373 71.9100036621094
1 11374 70.6600036621094
1 11375 68.620002746582
1 11377 62.0200004577637
1 11380 53.2299995422363
1 11382 72.879997253418
1 11383 75.8399963378906
1 11391 68.1999969482422
1 11392 72.3899993896484
1 11394 72.1500015258789
1 11401 72.5500030517578
1 11514 73.5
1 11517 74.0999984741211
1 11518 74.0999984741211
1 11520 69.2300033569336
1 11527 62.9900016784668
1 11528 68.2200012207031
1 11533 67.5999984741211
1 11535 69.6399993896484
1 11544 63.7900009155273
1 11548 73.6500015258789
1 11550 75.1399993896484
1 11554 68.8099975585938
1 11557 71.9400024414062
1 11558 60.7599983215332
1 11564 74.379997253418
1 11565 67.1999969482422
1 11566 71.0400009155273
1 11570 70.5800018310547
1 11578 70.7699966430664
1 11583 76.9100036621094
1 11586 70.4400024414062
1 11588 72.0999984741211
1 11591 67.0299987792969
1 11598 65.5699996948242
1 11605 65.9800033569336
1 11607 62.2400016784668
1 11609 70.620002746582
1 11610 61.939998626709
1 11612 68.6900024414062
1 11617 73.3199996948242
1 11627 73.3899993896484
1 11629 67.3000030517578
1 11630 68.1800003051758
1 11800 75.25
1 11808 65.8199996948242
