FID IID BirthYear MumID
1 1739 1987 205
1 2706 1992 415
1 2121 1989 415
1 1779 1987 416
1 1780 1987 416
1 1664 1986 416
1 2464 1991 567
1 1665 1986 567
1 2372 1990 574
1 2823 1993 577
1 2824 1993 577
1 2099 1989 577
1 2421 1991 577
1 2420 1991 577
1 2617 1992 577
1 3064 1994 747
1 1632 1986 751
1 2530 1991 751
1 1647 1986 752
1 1801 1987 753
1 2431 1991 755
1 2105 1989 755
1 2362 1990 755
1 2111 1989 906
1 2466 1991 906
1 1760 1987 906
1 2467 1991 906
1 2242 1990 910
1 2649 1992 910
1 2474 1991 910
1 2106 1989 910
1 2297 1990 1072
1 1623 1986 1072
1 3077 1994 1072
1 2174 1989 1072
1 2872 1993 1072
1 2645 1992 1072
1 2626 1992 1073
1 2486 1991 1073
1 2627 1992 1073
1 2843 1993 1073
1 2098 1989 1073
1 2170 1989 1078
1 3120 1994 1079
1 2523 1991 1079
1 2927 1993 1079
1 2169 1989 1079
1 2926 1993 1079
1 2637 1992 1080
1 2171 1989 1080
1 1605 1986 1080
1 1792 1987 1081
1 1793 1987 1081
1 2696 1992 1089
1 2461 1991 1090
1 2132 1989 1090
1 2462 1991 1090
1 2482 1991 1095
1 2481 1991 1095
1 2034 1988 1097
1 2620 1992 1097
1 2435 1991 1097
1 2245 1990 1098
1 2800 1993 1098
1 2176 1989 1098
1 2444 1991 1098
1 2410 1991 1103
1 2701 1992 1226
1 2123 1989 1226
1 2619 1992 1242
1 2893 1993 1242
1 2894 1993 1242
1 3134 1994 1242
1 1749 1987 1243
1 2165 1989 1244
1 3104 1994 1244
1 2260 1990 1244
1 2661 1992 1244
1 2096 1989 1246
1 2670 1992 1246
1 2671 1992 1246
1 2809 1993 1246
1 2808 1993 1246
1 2525 1991 1252
1 3507 1996 1255
1 2489 1991 1255
1 2650 1992 1255
1 3053 1994 1255
1 2146 1989 1256
1 3010 1994 1256
1 1635 1986 1256
1 2632 1992 1256
1 2856 1993 1256
1 2460 1991 1259
1 2624 1992 1259
1 2861 1993 1259
1 3047 1994 1259
1 2164 1989 1260
1 2278 1990 1262
1 2498 1991 1262
1 2898 1993 1262
1 2120 1989 1262
1 2899 1993 1262
1 2503 1991 1263
1 3004 1994 1264
1 2415 1991 1264
1 2840 1993 1552
1 3070 1994 1552
1 2839 1993 1552
1 2633 1992 1552
1 2128 1989 1553
1 2664 1992 1553
1 2916 1993 1554
1 2917 1993 1554
1 2291 1990 1554
1 2290 1990 1554
1 1784 1987 1597
1 1817 1987 1631
1 3086 1994 1649
1 2518 1991 1649
1 3272 1995 1649
1 2295 1990 1649
1 3087 1994 1649
1 3735 1997 1649
1 2929 1993 1649
1 2504 1991 1660
1 2698 1992 1660
1 2888 1993 1660
1 3108 1994 1660
1 2889 1993 1660
1 2177 1989 1662
1 2644 1992 1662
1 2837 1993 1662
1 2252 1990 1662
1 2657 1992 1663
1 3084 1994 1663
1 2877 1993 1663
1 2520 1991 1663
1 2876 1993 1663
1 3795 1997 1663
1 3037 1994 1664
1 3253 1995 1664
1 2688 1992 1664
1 2842 1993 1664
1 2469 1991 1664
1 3254 1995 1664
1 2468 1991 1664
1 3418 1996 1664
1 2628 1992 1664
1 3081 1994 1665
1 2892 1993 1665
1 2463 1991 1665
1 2648 1992 1665
1 3257 1995 1665
1 2901 1993 1666
1 3767 1997 1666
1 2248 1990 1741
1 3230 1995 1741
1 2827 1993 1741
1 3016 1994 1741
1 3667 1997 1741
1 2459 1991 1741
1 2828 1993 1741
1 2614 1992 1741
1 3666 1997 1741
1 3046 1994 1757
1 2878 1993 1757
1 3045 1994 1757
1 2483 1991 1769
1 2344 1990 1769
1 2484 1991 1769
1 3111 1994 1784
1 2703 1992 1820
1 2509 1991 1820
1 2508 1991 1820
1 3063 1994 1820
1 2884 1993 1820
1 2883 1993 1820
1 3083 1994 1821
1 2665 1992 1821
1 2845 1993 1825
1 2844 1993 1825
1 2437 1991 1825
1 2656 1992 1825
1 2436 1991 1825
1 3014 1994 1825
1 3113 1994 1834
1 2935 1993 1834
1 3485 1996 1834
1 2515 1991 1834
1 2214 1989 1834
1 2406 1991 1835
1 2341 1990 1835
1 4072 1998 1876
1 3270 1995 1876
1 3123 1994 1876
1 2533 1991 1876
1 2920 1993 1877
1 3777 1997 1877
1 3093 1994 1877
1 2678 1992 1877
1 2359 1990 1877
1 2285 1990 1877
1 3094 1994 1877
1 2921 1993 1877
1 3271 1995 1877
1 3526 1996 1877
1 2501 1991 1877
1 2500 1991 1877
1 2700 1992 1877
1 3112 1994 1880
1 3794 1997 1880
1 2910 1993 1880
1 2516 1991 1880
1 4044 1998 1880
1 2655 1992 1880
1 2379 1990 1880
1 2896 1993 1882
1 2616 1992 1882
1 3098 1994 1882
1 2897 1993 1882
1 3099 1994 1882
1 2643 1992 1885
1 3106 1994 1885
1 3107 1994 1885
1 2373 1990 1885
1 2641 1992 1887
1 2473 1991 1887
1 2108 1989 1887
1 2472 1991 1887
1 3105 1994 1887
1 2859 1993 1887
1 3274 1995 1891
1 3490 1996 1891
1 2831 1993 1891
1 3101 1994 1891
1 2662 1992 1891
1 2440 1991 1899
1 2441 1991 1899
1 2857 1993 1899
1 2858 1993 1899
1 3054 1994 1899
1 2256 1990 1981
1 3067 1994 2064
1 3637 1997 2064
1 2517 1991 2064
1 2244 1990 2066
1 4259 1999 2066
1 3402 1996 2066
1 2699 1992 2066
1 2432 1991 2066
1 3880 1998 2066
1 3220 1995 2066
1 3017 1994 2066
1 2830 1993 2066
1 2308 1990 2067
1 2886 1993 2069
1 4028 1998 2069
1 3501 1996 2069
1 2887 1993 2069
1 3085 1994 2069
1 2280 1990 2071
1 3275 1995 2071
1 2522 1991 2073
1 2685 1992 2073
1 3096 1994 2073
1 3095 1994 2073
1 3276 1995 2073
1 2695 1992 2073
1 3939 1998 2073
1 3499 1996 2073
1 3277 1995 2073
1 3765 1997 2073
1 3764 1997 2073
1 3940 1998 2073
1 2539 1991 2073
1 3500 1996 2073
1 2631 1992 2075
1 2895 1993 2075
1 2477 1991 2075
1 3719 1997 2075
1 2371 1990 2075
1 3071 1994 2075
1 3260 1995 2075
1 2945 1993 2076
1 2246 1990 2076
1 3930 1998 2076
1 2668 1992 2076
1 3770 1997 2076
1 2304 1990 2097
1 2327 1990 2105
1 2571 1991 2120
1 2425 1991 2128
1 2428 1991 2146
1 3440 1996 2146
1 3212 1995 2146
1 3109 1994 2146
1 2610 1992 2146
1 2427 1991 2146
1 3900 1998 2146
1 3211 1995 2146
1 2811 1993 2146
1 3899 1998 2146
1 3677 1997 2154
1 2514 1991 2154
1 3213 1995 2154
1 3905 1998 2154
1 2422 1991 2163
1 3250 1995 2163
1 3038 1994 2163
1 2822 1993 2163
1 3460 1996 2163
1 3461 1996 2163
1 2805 1993 2164
1 2806 1993 2164
1 2697 1992 2164
1 2623 1992 2164
1 3026 1994 2165
1 2416 1991 2165
1 2268 1990 2165
1 3031 1994 2167
1 2873 1993 2167
1 2663 1992 2167
1 3443 1996 2167
1 3992 1998 2167
1 3221 1995 2167
1 3721 1997 2167
1 2674 1992 2168
1 2476 1991 2168
1 2880 1993 2168
1 3061 1994 2168
1 3759 1997 2168
1 2299 1990 2169
1 2868 1993 2169
1 3034 1994 2169
1 3476 1996 2169
1 2667 1992 2169
1 3712 1997 2169
1 3285 1995 2170
1 2301 1990 2171
1 2604 1992 2172
1 2457 1991 2172
1 3486 1996 2172
1 3225 1995 2172
1 2818 1993 2172
1 3030 1994 2172
1 2521 1991 2175
1 2287 1990 2175
1 3201 1995 2176
1 2414 1991 2176
1 3636 1997 2176
1 3401 1996 2176
1 3002 1994 2176
1 2796 1993 2176
1 3245 1995 2177
1 2885 1993 2177
1 2480 1991 2177
1 3042 1994 2177
1 2276 1990 2177
1 3749 1997 2177
1 2669 1992 2177
1 2456 1991 2178
1 3226 1995 2178
1 3726 1997 2178
1 3458 1996 2178
1 3459 1996 2178
1 3727 1997 2178
1 2816 1993 2178
1 2867 1993 2214
1 4056 1998 2214
1 2866 1993 2214
1 2493 1991 2214
1 4055 1998 2214
1 3522 1996 2214
1 2368 1990 2214
1 4034 1998 2218
1 3229 1995 2218
1 2529 1991 2218
1 3110 1994 2218
1 3728 1997 2223
1 4471 2000 2223
1 4261 1999 2223
1 4260 1999 2223
1 2846 1993 2236
1 3723 1997 2236
1 3058 1994 2236
1 3263 1995 2236
1 2408 1991 2245
1 4175 1999 2245
1 3426 1996 2245
1 5072 2002 2245
1 2911 1993 2245
1 3635 1997 2245
1 3208 1995 2245
1 3009 1994 2245
1 3921 1998 2245
1 2511 1991 2252
1 2863 1993 2252
1 3658 1997 2260
1 3419 1996 2260
1 2801 1993 2260
1 3237 1995 2260
1 2621 1992 2260
1 3927 1998 2260
1 3027 1994 2260
1 3655 1997 2262
1 4348 2000 2262
1 3433 1996 2262
1 4347 2000 2262
1 2613 1992 2262
1 2836 1993 2262
1 3242 1995 2262
1 3973 1998 2262
1 3241 1995 2262
1 4177 1999 2262
1 3972 1998 2262
1 3050 1994 2262
1 2526 1991 2262
1 2835 1993 2262
1 3656 1997 2262
1 3432 1996 2262
1 2478 1991 2272
1 2475 1991 2275
1 3955 1998 2275
1 3437 1996 2275
1 2458 1991 2278
1 2906 1993 2278
1 3125 1994 2278
1 4035 1998 2278
1 3732 1997 2278
1 2446 1991 2291
1 3127 1994 2292
1 2934 1993 2292
1 4045 1998 2292
1 3762 1997 2292
1 3273 1995 2292
1 2675 1992 2292
1 2524 1991 2302
1 2527 1991 2315
1 2849 1993 2323
1 4403 2000 2323
1 4402 2000 2323
1 3202 1995 2323
1 3065 1994 2323
1 4023 1998 2323
1 3669 1997 2323
1 3066 1994 2323
1 4176 1999 2323
1 2607 1992 2323
1 2848 1993 2323
1 3670 1997 2323
1 4022 1998 2323
1 3115 1994 2339
1 2903 1993 2339
1 3114 1994 2339
1 3200 1995 2341
1 2455 1991 2341
1 3022 1994 2341
1 3970 1998 2342
1 3075 1994 2342
1 3279 1995 2342
1 2855 1993 2349
1 2941 1993 2351
1 2834 1993 2353
1 3746 1997 2353
1 3255 1995 2353
1 3917 1998 2353
1 3020 1994 2353
1 3918 1998 2353
1 2881 1993 2355
1 3044 1994 2356
1 2713 1992 2356
1 3780 1997 2358
1 3779 1997 2358
1 2928 1993 2358
1 3011 1994 2358
1 3060 1994 2359
1 2907 1993 2359
1 3244 1995 2359
1 2798 1993 2360
1 3005 1994 2360
1 3206 1995 2360
1 3761 1997 2361
1 2438 1991 2361
1 4032 1998 2361
1 3238 1995 2361
1 3028 1994 2361
1 3416 1996 2361
1 3663 1997 2362
1 3025 1994 2362
1 4019 1998 2362
1 3424 1996 2363
1 3215 1995 2363
1 3012 1994 2363
1 2635 1992 2363
1 2807 1993 2363
1 3672 1997 2363
1 2434 1991 2363
1 3199 1995 2364
1 3436 1996 2364
1 2804 1993 2364
1 4374 2000 2364
1 3013 1994 2364
1 2640 1992 2364
1 3665 1997 2364
1 2962 1993 2365
1 3021 1994 2365
1 3266 1995 2365
1 3645 1997 2365
1 3265 1995 2365
1 3713 1997 2366
1 3714 1997 2366
1 2851 1993 2366
1 3078 1994 2366
1 2502 1991 2366
1 3469 1996 2368
1 2870 1993 2368
1 2869 1993 2368
1 3715 1997 2369
1 3041 1994 2369
1 3931 1998 2369
1 3258 1995 2369
1 3227 1995 2373
1 3074 1994 2373
1 2510 1991 2374
1 2864 1993 2374
1 3246 1995 2374
1 3768 1997 2374
1 3076 1994 2375
1 3975 1998 2375
1 2608 1992 2375
1 3248 1995 2375
1 3423 1996 2375
1 4200 1999 2375
1 2860 1993 2375
1 3730 1997 2375
1 3292 1995 2376
1 3056 1994 2376
1 3438 1996 2376
1 2902 1993 2376
1 4040 1998 2377
1 4454 2000 2377
1 5734 2004 2377
1 2963 1993 2377
1 5126 2002 2377
1 3116 1994 2377
1 3738 1997 2377
1 5531 2003 2377
1 3280 1995 2377
1 4054 1998 2378
1 4150 1999 2379
1 4342 2000 2379
1 2795 1993 2379
1 3092 1994 2379
1 3642 1997 2379
1 3203 1995 2379
1 3509 1996 2379
1 3687 1997 2409
1 3240 1995 2409
1 3686 1997 2409
1 2817 1993 2409
1 3029 1994 2409
1 3001 1994 2414
1 2792 1993 2414
1 3284 1995 2417
1 3269 1995 2421
1 3503 1996 2421
1 3502 1996 2421
1 3895 1998 2421
1 3059 1994 2421
1 3268 1995 2421
1 3894 1998 2421
1 3008 1994 2431
1 2794 1993 2431
1 3293 1995 2447
1 3776 1997 2447
1 3538 1996 2447
1 3082 1994 2447
1 3775 1997 2447
1 2922 1993 2447
1 3685 1997 2460
1 3924 1998 2460
1 2799 1993 2460
1 4234 1999 2460
1 4335 2000 2460
1 3032 1994 2460
1 3231 1995 2460
1 3055 1994 2462
1 2829 1993 2462
1 2882 1993 2465
1 3453 1996 2465
1 3024 1994 2465
1 3660 1997 2465
1 3942 1998 2476
1 2812 1993 2479
1 3023 1994 2479
1 4153 1999 2479
1 4396 2000 2479
1 3971 1998 2479
1 3214 1995 2479
1 2871 1993 2523
1 2915 1993 2534
1 3097 1994 2534
1 3080 1994 2569
1 3525 1996 2571
1 4066 1998 2571
1 3129 1994 2571
1 3252 1995 2572
1 2853 1993 2572
1 3462 1996 2572
1 3036 1994 2572
1 3249 1995 2572
1 3019 1994 2607
1 3701 1997 2607
1 4169 1999 2607
1 3243 1995 2607
1 2938 1993 2608
1 3649 1997 2610
1 3948 1998 2611
1 3681 1997 2611
1 3545 1996 2611
1 3693 1997 2612
1 3470 1996 2612
1 3745 1997 2617
1 3744 1997 2617
1 3239 1995 2617
1 3409 1996 2623
1 3410 1996 2623
1 3683 1997 2623
1 3891 1998 2623
1 3209 1995 2627
1 2838 1993 2627
1 3007 1994 2627
1 4445 2000 2627
1 3267 1995 2631
1 4380 2000 2631
1 3692 1997 2631
1 3981 1998 2632
1 3694 1997 2632
1 3118 1994 2632
1 3247 1995 2632
1 3039 1994 2637
1 3483 1996 2637
1 3482 1996 2637
1 3291 1995 2637
1 3702 1997 2637
1 3703 1997 2637
1 5433 2003 2640
1 5432 2003 2640
1 4399 2000 2640
1 3654 1997 2640
1 5074 2002 2640
1 3801 1997 2641
1 3800 1997 2641
1 3283 1995 2641
1 2937 1993 2641
1 3514 1996 2641
1 3515 1996 2641
1 2852 1993 2643
1 3262 1995 2644
1 3062 1994 2644
1 2905 1993 2647
1 3447 1996 2651
1 4017 1998 2651
1 3234 1995 2651
1 3492 1996 2658
1 3742 1997 2658
1 3493 1996 2658
1 3741 1997 2658
1 3286 1995 2658
1 4235 1999 2659
1 3100 1994 2659
1 2919 1993 2663
1 3650 1997 2666
1 4190 1999 2668
1 4410 2000 2668
1 3919 1998 2668
1 3640 1997 2668
1 3018 1994 2676
1 3792 1997 2676
1 3793 1997 2676
1 4021 1998 2683
1 4180 1999 2683
1 3752 1997 2683
1 3751 1997 2683
1 4394 2000 2683
1 3464 1996 2688
1 3051 1994 2688
1 3288 1995 2695
1 3968 1998 2695
1 3517 1996 2695
1 3964 1998 2697
1 3963 1998 2697
1 3430 1996 2697
1 3675 1997 2697
1 3674 1997 2697
1 3527 1996 2698
1 3287 1995 2698
1 4004 1998 2699
1 5543 2003 2699
1 5134 2002 2699
1 4392 2000 2699
1 3282 1995 2699
1 4229 1999 2699
1 3040 1994 2699
1 4036 1998 2703
1 4241 1999 2703
1 3783 1997 2703
1 3716 1997 2706
1 2875 1993 2706
1 5087 2002 2706
1 3251 1995 2706
1 5140 2002 2707
1 3278 1995 2707
1 3953 1998 2707
1 3472 1996 2707
1 4452 2000 2707
1 3103 1994 2707
1 2943 1993 2707
1 3772 1997 2787
1 5443 2003 2787
1 5138 2002 2787
1 4000 1998 2787
1 4459 2000 2787
1 5444 2003 2787
1 4223 1999 2799
1 3758 1997 2799
1 3498 1996 2799
1 5080 2002 2800
1 3428 1996 2800
1 3886 1998 2800
1 3691 1997 2800
1 5546 2003 2800
1 5783 2004 2800
1 5784 2004 2800
1 4341 2000 2800
1 4185 1999 2800
1 3689 1997 2804
1 3102 1994 2804
1 3906 1998 2804
1 4377 2000 2804
1 3425 1996 2807
1 4187 1999 2807
1 5476 2003 2807
1 5790 2004 2807
1 3222 1995 2807
1 4409 2000 2807
1 4186 1999 2807
1 5069 2002 2807
1 5477 2003 2807
1 4398 2000 2807
1 3668 1997 2807
1 4424 2000 2819
1 5434 2003 2819
1 3431 1996 2819
1 3922 1998 2821
1 3449 1996 2821
1 3659 1997 2821
1 3704 1997 2829
1 4151 1999 2829
1 3224 1995 2829
1 4355 2000 2829
1 4356 2000 2829
1 5121 2002 2830
1 3722 1997 2830
1 3478 1996 2830
1 3946 1998 2830
1 3289 1995 2830
1 4203 1999 2830
1 4367 2000 2830
1 3684 1997 2834
1 3932 1998 2834
1 5877 2004 2834
1 4205 1999 2834
1 3471 1996 2834
1 4206 1999 2834
1 3933 1998 2834
1 5878 2004 2834
1 3724 1997 2841
1 4195 1999 2841
1 3718 1997 2842
1 3466 1996 2842
1 3467 1996 2842
1 3734 1997 2843
1 3504 1996 2843
1 3653 1997 2847
1 4362 2000 2847
1 4171 1999 2847
1 4415 2000 2853
1 3936 1998 2853
1 3717 1997 2853
1 3403 1996 2853
1 3760 1997 2860
1 4184 1999 2861
1 4351 2000 2861
1 3696 1997 2861
1 3878 1998 2861
1 4352 2000 2861
1 3429 1996 2861
1 3950 1998 2861
1 4232 1999 2873
1 3488 1996 2873
1 3747 1997 2873
1 4438 2000 2873
1 3994 1998 2873
1 4236 1999 2892
1 4024 1998 2892
1 3995 1998 2898
1 3733 1997 2898
1 3774 1997 2899
1 4057 1998 2899
1 3434 1996 2903
1 3819 1997 2903
1 4010 1998 2906
1 3755 1997 2906
1 4224 1999 2908
1 4225 1999 2908
1 3232 1995 2908
1 5521 2003 2908
1 5522 2003 2908
1 4400 2000 2908
1 3739 1997 2908
1 5130 2002 2908
1 3740 1997 2908
1 4401 2000 2908
1 3763 1997 2921
1 4029 1998 2921
1 4030 1998 2921
1 5541 2003 2927
1 4475 2000 2927
1 4253 1999 2927
1 3709 1997 2931
1 3937 1998 2941
1 3729 1997 2941
1 3938 1998 2941
1 4334 2000 2941
1 4333 2000 2941
1 3926 1998 2963
1 4453 2000 2963
1 3925 1998 2963
1 3814 1997 2963
1 3394 1995 2964
1 4167 1999 3002
1 4339 2000 3009
1 5058 2002 3009
1 6487 2006 3009
1 4191 1999 3009
1 5544 2003 3009
1 3750 1997 3009
1 3941 1998 3009
1 3420 1996 3009
1 3639 1997 3014
1 3513 1996 3014
1 3786 1997 3027
1 4003 1998 3027
1 3421 1996 3033
1 3708 1997 3048
1 4174 1999 3048
1 3442 1996 3048
1 5073 2002 3076
1 4368 2000 3076
1 5483 2003 3076
1 4216 1999 3076
1 5484 2003 3076
1 3736 1997 3076
1 3414 1996 3076
1 3439 1996 3111
1 4434 2000 3111
1 4041 1998 3111
1 3816 1997 3111
1 3661 1997 3121
1 4242 1999 3121
1 4178 1999 3123
1 3494 1996 3123
1 3647 1997 3123
1 4201 1999 3129
1 4012 1998 3129
1 5545 2003 3198
1 5111 2002 3198
1 4473 2000 3198
1 4064 1998 3198
1 4251 1999 3198
1 3671 1997 3199
1 3996 1998 3199
1 5061 2002 3201
1 5446 2003 3201
1 5749 2004 3201
1 3487 1996 3201
1 4344 2000 3201
1 5447 2003 3201
1 4158 1999 3201
1 3657 1997 3202
1 4172 1999 3202
1 5440 2003 3202
1 5972 2004 3202
1 5441 2003 3202
1 4363 2000 3202
1 3904 1998 3202
1 4031 1998 3203
1 5088 2002 3203
1 4202 1999 3203
1 3811 1997 3203
1 3957 1998 3209
1 3523 1996 3209
1 3644 1997 3209
1 6082 2005 3209
1 6566 2007 3209
1 4156 1999 3209
1 5056 2002 3209
1 6131 2005 3214
1 3688 1997 3214
1 5821 2004 3214
1 3412 1996 3214
1 5076 2002 3214
1 3748 1997 3221
1 4181 1999 3221
1 4390 2000 3222
1 4391 2000 3222
1 4160 1999 3222
1 3664 1997 3222
1 3978 1998 3223
1 4219 1999 3223
1 4227 1999 3224
1 4376 2000 3224
1 4039 1998 3224
1 3511 1996 3226
1 4192 1999 3232
1 4458 2000 3232
1 4058 1998 3232
1 5152 2002 3232
1 3662 1997 3236
1 5508 2003 3236
1 5068 2002 3236
1 3928 1998 3236
1 5423 2003 3237
1 3643 1997 3237
1 3445 1996 3237
1 4226 1999 3237
1 3882 1998 3237
1 4440 2000 3237
1 3465 1996 3241
1 3698 1997 3242
1 3524 1996 3245
1 5840 2004 3248
1 4007 1998 3248
1 4337 2000 3248
1 4198 1999 3248
1 3710 1997 3250
1 3481 1996 3250
1 5833 2004 3250
1 5086 2002 3250
1 4395 2000 3250
1 5834 2004 3250
1 3809 1997 3255
1 3951 1998 3255
1 4210 1999 3255
1 4173 1999 3259
1 6485 2006 3259
1 5093 2002 3259
1 5092 2002 3259
1 3448 1996 3259
1 4413 2000 3259
1 3991 1998 3259
1 5913 2004 3259
1 6158 2005 3259
1 4463 2000 3260
1 3889 1998 3260
1 3720 1997 3260
1 3474 1996 3260
1 3690 1997 3263
1 4470 2000 3265
1 5505 2003 3265
1 4025 1998 3265
1 4228 1999 3268
1 6154 2005 3268
1 6155 2005 3268
1 6397 2006 3268
1 6396 2006 3268
1 5150 2002 3268
1 5151 2002 3268
1 4026 1998 3272
1 4240 1999 3273
1 5155 2002 3279
1 3518 1996 3280
1 5132 2002 3282
1 3711 1997 3282
1 4411 2000 3282
1 3999 1998 3282
1 4336 2000 3289
1 3705 1997 3289
1 5077 2002 3289
1 5830 2004 3289
1 4196 1999 3289
1 3536 1996 3291
1 5141 2002 3291
1 5732 2004 3291
1 3949 1998 3291
1 5731 2004 3291
1 3519 1996 3298
1 4189 1999 3414
1 4456 2000 3414
1 6164 2005 3420
1 5146 2002 3420
1 4215 1999 3420
1 4016 1998 3420
1 4359 2000 3428
1 3977 1998 3428
1 5071 2002 3428
1 4033 1998 3431
1 4404 2000 3431
1 3890 1998 3440
1 4155 1999 3440
1 4338 2000 3440
1 5122 2002 3443
1 3986 1998 3443
1 4231 1999 3443
1 5507 2003 3443
1 5846 2004 3443
1 5847 2004 3443
1 4429 2000 3443
1 5105 2002 3445
1 5797 2004 3445
1 4197 1999 3445
1 4378 2000 3445
1 3923 1998 3445
1 4375 2000 3469
1 4183 1999 3469
1 4418 2000 3471
1 4417 2000 3471
1 4179 1999 3471
1 4437 2000 3473
1 4255 1999 3473
1 4354 2000 3478
1 3920 1998 3478
1 5748 2004 3488
1 4001 1998 3490
1 5137 2002 3490
1 4462 2000 3490
1 3778 1997 3533
1 6392 2006 3533
1 4357 2000 3533
1 4068 1998 3533
1 5067 2002 3533
1 4165 1999 3533
1 6391 2006 3533
1 5902 2004 3533
1 4071 1998 3538
1 4230 1999 3538
1 5153 2002 3538
1 4070 1998 3548
1 4161 1999 3552
1 3892 1998 3552
1 4349 2000 3552
1 4350 2000 3552
1 5075 2002 3552
1 4420 2000 3636
1 5089 2002 3636
1 5880 2004 3636
1 5115 2002 3641
1 4426 2000 3641
1 6327 2006 3641
1 5728 2004 3641
1 5420 2003 3641
1 5108 2002 3651
1 4416 2000 3651
1 6162 2005 3651
1 6827 2008 3659
1 4353 2000 3659
1 6360 2006 3659
1 5063 2002 3659
1 6361 2006 3659
1 5426 2003 3659
1 6091 2005 3659
1 5427 2003 3659
1 6851 2008 3662
1 4430 2000 3662
1 4182 1999 3681
1 6336 2006 3681
1 6087 2005 3681
1 6337 2006 3681
1 5059 2002 3681
1 5112 2002 3692
1 5929 2004 3692
1 6704 2007 3692
1 6156 2005 3692
1 5551 2003 3704
1 4243 1999 3704
1 5113 2002 3704
1 4436 2000 3704
1 5891 2004 3704
1 6095 2005 3725
1 5081 2002 3725
1 5742 2004 3725
1 4387 2000 3725
1 4432 2000 3734
1 5147 2002 3734
1 5472 2003 3738
1 5811 2004 3738
1 4258 1999 3738
1 4065 1998 3748
1 4449 2000 3748
1 5133 2002 3748
1 5888 2004 3748
1 5887 2004 3748
1 4067 1998 3753
1 5085 2002 3759
1 4248 1999 3759
1 4379 2000 3759
1 5802 2004 3759
1 4435 2000 3762
1 5127 2002 3762
1 4460 2000 3796
1 6365 2006 3796
1 6108 2005 3796
1 5070 2002 3796
1 6952 2008 3796
1 5439 2003 3881
1 5066 2002 3881
1 5769 2004 3881
1 4408 2000 3885
1 5726 2004 3885
1 5727 2004 3885
1 5495 2003 3885
1 5078 2002 3945
1 5810 2004 3945
1 6118 2005 3945
1 4382 2000 3954
1 4366 2000 3968
1 7236 2009 4004
1 5794 2004 4004
1 6134 2005 4004
1 7237 2009 4004
1 5100 2002 4004
1 6707 2007 4004
1 4372 2000 4004
1 5795 2004 4004
1 6119 2005 4008
1 5091 2002 4008
1 6434 2006 4008
1 4371 2000 4008
1 5120 2002 4051
1 4381 2000 4051
1 5471 2003 4051
1 6173 2005 4051
1 5844 2004 4051
1 5144 2002 4155
1 6136 2005 4161
1 5823 2004 4161
1 6384 2006 4161
1 5755 2004 4162
1 5422 2003 4166
1 4439 2000 4166
1 5745 2004 4166
1 5135 2002 4169
1 5478 2003 4169
1 4472 2000 4170
1 5421 2003 4184
1 5114 2002 4184
1 5741 2004 4184
1 6089 2005 4190
1 5762 2004 4190
1 5156 2002 4190
1 6383 2006 4190
1 6489 2006 4193
1 5523 2003 4193
1 5106 2002 4193
1 5806 2004 4195
1 5807 2004 4195
1 6170 2005 4217
1 6442 2006 4217
1 4386 2000 4217
1 5094 2002 4219
1 5128 2002 4223
1 6139 2005 4226
1 6112 2005 4238
1 5875 2004 4238
1 6420 2006 4238
1 6705 2007 4238
1 7240 2009 4238
1 5804 2004 4241
1 5124 2002 4241
1 6636 2007 4241
1 6907 2008 4241
1 5805 2004 4242
1 5090 2002 4242
1 5837 2004 4245
1 5129 2002 4255
1 5921 2004 4258
1 6333 2006 4258
1 6401 2006 4259
1 5754 2004 4259
1 5468 2003 4259
1 6096 2005 4259
1 6390 2006 4335
1 5125 2002 4335
1 6620 2007 4335
1 6990 2008 4335
1 6145 2005 4335
1 5758 2004 4335
1 5772 2004 4346
1 6202 2005 4346
1 6864 2008 4359
1 5884 2004 4359
1 8268 2011 4359
1 5486 2003 4359
1 7207 2009 4359
1 6622 2007 4359
1 7479 2010 4359
1 7442 2010 4361
1 5798 2004 4361
1 8231 2011 4361
1 5131 2002 4361
1 6613 2007 4361
1 7114 2009 4361
1 6143 2005 4361
1 6614 2007 4361
1 6144 2005 4361
1 6505 2006 4361
1 7443 2010 4361
1 6149 2005 4377
1 5903 2004 4378
1 5759 2004 4385
1 5157 2002 4386
1 6189 2005 4386
1 5817 2004 4395
1 8394 2011 4395
1 6890 2008 4395
1 6405 2006 4395
1 7152 2009 4395
1 6891 2008 4395
1 6404 2006 4395
1 5766 2004 4396
1 5764 2004 4396
1 7210 2009 4399
1 6861 2008 4399
1 6609 2007 4399
1 6862 2008 4399
1 6099 2005 4404
1 6332 2006 4404
1 6829 2008 4404
1 5852 2004 4404
1 7111 2009 4404
1 6563 2007 4404
1 6930 2008 4407
1 5442 2003 4407
1 5107 2002 4407
1 6109 2005 4410
1 5482 2003 4410
1 6652 2007 4410
1 6410 2006 4410
1 5801 2004 4420
1 6398 2006 4420
1 6912 2008 4420
1 6126 2005 4420
1 7307 2009 4420
1 5818 2004 4432
1 6102 2005 4432
1 6661 2007 4432
1 6453 2006 4454
1 6191 2005 4454
1 6630 2007 4454
1 7308 2009 4456
1 6847 2008 4456
1 5799 2004 4456
1 6708 2007 4456
1 6389 2006 4456
1 6846 2008 4456
1 5886 2004 4460
1 6436 2006 4460
1 5498 2003 4460
1 9133 2013 4465
1 7605 2010 4465
1 6197 2005 4467
1 5465 2003 4467
1 5890 2004 4467
1 6506 2006 4467
1 6650 2007 4468
1 5555 2003 4468
1 5895 2004 4468
1 6970 2008 4468
1 6971 2008 4468
1 6177 2005 4470
1 6667 2007 4470
1 5835 2004 4472
1 6480 2006 4473
1 5990 2004 4473
1 6168 2005 4473
1 6896 2008 4473
1 5538 2003 4473
1 6683 2007 4473
1 5425 2003 4575
1 7520 2010 4575
1 6452 2006 4598
1 5918 2004 4598
1 6963 2008 4598
1 6697 2007 4598
1 5997 2004 4628
1 6729 2007 4628
1 8216 2011 4628
1 6198 2005 4628
1 5509 2003 4635
1 6103 2005 5060
1 5448 2003 5060
1 6681 2007 5060
1 6424 2006 5060
1 7243 2009 5060
1 5803 2004 5060
1 5907 2004 5061
1 6826 2008 5063
1 6340 2006 5063
1 7112 2009 5063
1 6607 2007 5063
1 5782 2004 5073
1 5763 2004 5076
1 6378 2006 5076
1 5454 2003 5076
1 6101 2005 5076
1 5725 2004 5078
1 6660 2007 5081
1 6127 2005 5081
1 7594 2010 5084
1 5908 2004 5084
1 8287 2011 5084
1 5535 2003 5084
1 7133 2009 5089
1 8336 2011 5089
1 6386 2006 5089
1 5767 2004 5089
1 6114 2005 5089
1 7539 2010 5089
1 6706 2007 5089
1 6924 2008 5089
1 6676 2007 5094
1 6411 2006 5094
1 7592 2010 5094
1 6675 2007 5094
1 6182 2005 5095
1 6976 2008 5095
1 5911 2004 5095
1 7589 2010 5095
1 6886 2008 5100
1 6583 2007 5100
1 6342 2006 5100
1 6579 2007 5101
1 5746 2004 5101
1 6359 2006 5101
1 6329 2006 5103
1 5497 2003 5103
1 7107 2009 5103
1 7439 2010 5103
1 5730 2004 5103
1 5554 2003 5107
1 5879 2004 5107
1 5889 2004 5110
1 6153 2005 5111
1 7163 2009 5111
1 5876 2004 5111
1 6663 2007 5111
1 6712 2007 5119
1 5445 2003 5119
1 6900 2008 5119
1 7139 2009 5119
1 7540 2010 5119
1 8316 2011 5119
1 5777 2004 5119
1 5812 2004 5120
1 5475 2003 5120
1 5558 2003 5121
1 6459 2006 5121
1 6725 2007 5121
1 7222 2009 5121
1 6982 2008 5121
1 6475 2006 5122
1 6892 2008 5122
1 6157 2005 5125
1 6612 2007 5125
1 6985 2008 5125
1 6425 2006 5125
1 6908 2008 5127
1 7105 2009 5127
1 6192 2005 5127
1 6651 2007 5127
1 6710 2007 5130
1 7150 2009 5130
1 7151 2009 5130
1 7461 2010 5130
1 5796 2004 5130
1 6711 2007 5130
1 6186 2005 5133
1 8455 2011 5133
1 7537 2010 5133
1 8456 2011 5133
1 5485 2003 5133
1 7235 2009 5133
1 5824 2004 5133
1 7538 2010 5133
1 6455 2006 5133
1 5822 2004 5135
1 7547 2010 5137
1 7200 2009 5137
1 7548 2010 5137
1 6176 2005 5137
1 6483 2006 5141
1 6175 2005 5141
1 6722 2007 5141
1 5914 2004 5141
1 5524 2003 5141
1 6482 2006 5141
1 6850 2008 5144
1 7478 2010 5144
1 6462 2006 5144
1 7209 2009 5144
1 6939 2008 5146
1 7121 2009 5150
1 5502 2003 5150
1 7434 2010 5150
1 6944 2008 5150
1 6402 2006 5150
1 5747 2004 5150
1 7493 2010 5152
1 5744 2004 5152
1 7168 2009 5152
1 6435 2006 5152
1 6956 2008 5152
1 6623 2007 5152
1 5553 2003 5226
1 6730 2007 5326
1 7598 2010 5326
1 6200 2005 5326
1 6980 2008 5326
1 6605 2007 5421
1 6362 2006 5421
1 8230 2011 5421
1 6421 2006 5427
1 6881 2008 5427
1 7154 2009 5427
1 6882 2008 5427
1 6654 2007 5427
1 6653 2007 5427
1 7153 2009 5427
1 6335 2006 5428
1 7241 2009 5430
1 6407 2006 5430
1 7583 2010 5430
1 6646 2007 5431
1 7554 2010 5431
1 6400 2006 5433
1 8218 2011 5433
1 6595 2007 5433
1 6870 2008 5433
1 7137 2009 5433
1 7487 2010 5433
1 6649 2007 5439
1 6380 2006 5439
1 7477 2010 5439
1 7232 2009 5443
1 7513 2010 5443
1 8277 2011 5443
1 6151 2005 5443
1 7514 2010 5443
1 8278 2011 5443
1 8325 2011 5444
1 6724 2007 5444
1 6957 2008 5444
1 8242 2011 5447
1 7459 2010 5447
1 7458 2010 5447
1 7118 2009 5447
1 6577 2007 5447
1 5836 2004 5449
1 8253 2011 5455
1 6920 2008 5455
1 7131 2009 5455
1 6873 2008 5456
1 7223 2009 5456
1 6659 2007 5456
1 6381 2006 5456
1 8274 2011 5456
1 6874 2008 5456
1 6983 2008 5459
1 7604 2010 5459
1 6471 2006 5459
1 6727 2007 5459
1 7192 2009 5460
1 8355 2011 5460
1 6717 2007 5460
1 7564 2010 5460
1 6716 2007 5466
1 6174 2005 5466
1 6927 2008 5466
1 6825 2008 5469
1 7462 2010 5469
1 7463 2010 5469
1 6596 2007 5469
1 6597 2007 5469
1 6824 2008 5469
1 6367 2006 5469
1 5935 2004 5471
1 5934 2004 5478
1 6366 2006 5483
1 6477 2006 5485
1 7584 2010 5485
1 5928 2004 5485
1 7585 2010 5485
1 7211 2009 5486
1 6693 2007 5486
1 9117 2013 5490
1 8324 2011 5490
1 9879 2014 5490
1 6885 2008 5491
1 6460 2006 5491
1 7224 2009 5491
1 6677 2007 5491
1 5900 2004 5495
1 6972 2008 5495
1 7172 2009 5501
1 6974 2008 5501
1 6289 2005 5501
1 6203 2005 5505
1 6456 2006 5505
1 7125 2009 5506
1 7556 2010 5506
1 6942 2008 5506
1 6941 2008 5506
1 6662 2007 5506
1 8280 2011 5510
1 5932 2004 5510
1 7205 2009 5510
1 6682 2007 5510
1 6183 2005 5510
1 7565 2010 5510
1 7244 2009 5514
1 6911 2008 5514
1 6691 2007 5514
1 9108 2013 5520
1 6172 2005 5520
1 6694 2007 5520
1 8796 2012 5520
1 5910 2004 5520
1 6695 2007 5520
1 9107 2013 5520
1 7576 2010 5525
1 6464 2006 5525
1 8351 2011 5525
1 7173 2009 5525
1 6718 2007 5525
1 7255 2009 5526
1 6986 2008 5526
1 6715 2007 5526
1 7560 2010 5528
1 8811 2012 5528
1 6879 2008 5530
1 7177 2009 5530
1 8301 2011 5530
1 7526 2010 5530
1 6928 2008 5531
1 7233 2009 5531
1 7544 2010 5535
1 5925 2004 5535
1 6678 2007 5535
1 7165 2009 5535
1 6958 2008 5535
1 8362 2011 5535
1 7543 2010 5535
1 7164 2009 5535
1 6171 2005 5535
1 6670 2007 5542
1 7136 2009 5542
1 6917 2008 5542
1 6350 2006 5542
1 7214 2009 5543
1 7516 2010 5543
1 6634 2007 5543
1 6943 2008 5543
1 6925 2008 5547
1 6960 2008 5547
1 6565 2007 5547
1 5977 2004 5548
1 5916 2004 5549
1 6413 2006 5552
1 6125 2005 5552
1 6945 2008 5555
1 6123 2005 5555
1 6625 2007 5555
1 7206 2009 5555
1 6875 2008 5562
1 6664 2007 5562
1 6438 2006 5562
1 7530 2010 5562
1 7245 2009 5589
1 6387 2006 5589
1 6871 2008 5589
1 6692 2007 5589
1 6354 2006 5593
1 6883 2008 5593
1 7257 2009 5593
1 6713 2007 5593
1 6688 2007 5594
1 7143 2009 5594
1 7475 2010 5594
1 9116 2013 5594
1 6860 2008 5594
1 8762 2012 5594
1 8330 2011 5594
1 6341 2006 5594
1 8345 2011 5595
1 8346 2011 5595
1 6964 2008 5595
1 6701 2007 5595
1 6837 2008 5596
1 6163 2005 5596
1 5996 2004 5596
1 7450 2010 5596
1 6578 2007 5596
1 7109 2009 5596
1 6345 2006 5596
1 9901 2014 5597
1 8720 2012 5597
1 6627 2007 5597
1 7110 2009 5597
1 6841 2008 5597
1 9039 2013 5597
1 6088 2005 5597
1 6626 2007 5597
1 7451 2010 5597
1 7506 2010 5604
1 7242 2009 5604
1 7531 2010 5604
1 6904 2008 5604
1 6680 2007 5604
1 6905 2008 5604
1 6474 2006 5604
1 5851 2004 5605
1 6954 2008 5606
1 6689 2007 5606
1 5933 2004 5626
1 6696 2007 5626
1 6399 2006 5626
1 6161 2005 5626
1 6932 2008 5626
1 8313 2011 5631
1 7553 2010 5631
1 7161 2009 5631
1 6931 2008 5631
1 7162 2009 5631
1 6977 2008 5632
1 6671 2007 5632
1 7251 2009 5632
1 7485 2010 5741
1 8337 2011 5741
1 6703 2007 5741
1 6872 2008 5741
1 6443 2006 5741
1 7496 2010 5751
1 7144 2009 5751
1 9105 2013 5751
1 6690 2007 5751
1 7266 2009 5759
1 6880 2008 5759
1 6687 2007 5759
1 7555 2010 5759
1 8363 2011 5762
1 7170 2009 5891
1 7545 2010 5891
1 6959 2008 5891
1 7184 2009 5917
1 8340 2011 5917
1 6981 2008 5917
1 6684 2007 5917
1 7562 2010 5917
1 6575 2007 6082
1 8214 2011 6082
1 6836 2008 6082
1 7187 2009 6084
1 7597 2010 6084
1 6903 2008 6084
1 6849 2008 6086
1 7497 2010 6086
1 8219 2011 6086
1 8725 2012 6086
1 9020 2013 6086
1 7115 2009 6086
1 9814 2014 6086
1 7183 2009 6089
1 7253 2009 6099
1 6591 2007 6099
1 6832 2008 6099
1 6635 2007 6100
1 7527 2010 6118
1 8341 2011 6118
1 9861 2014 6118
1 10206 2015 6118
1 7201 2009 6118
1 6915 2008 6118
1 7550 2010 6120
1 7551 2010 6120
1 6700 2007 6120
1 7228 2009 6120
1 6966 2008 6124
1 7517 2010 6125
1 8279 2011 6127
1 9121 2013 6127
1 6857 2008 6127
1 8745 2012 6127
1 7135 2009 6127
1 9120 2013 6127
1 6611 2007 6136
1 6922 2008 6136
1 7145 2009 6136
1 6898 2008 6145
1 9888 2014 6145
1 7218 2009 6145
1 6897 2008 6145
1 6884 2008 6147
1 7196 2009 6147
1 6714 2007 6147
1 6937 2008 6150
1 6936 2008 6150
1 6645 2007 6151
1 8267 2011 6151
1 8769 2012 6151
1 7231 2009 6151
1 7174 2009 6155
1 7559 2010 6155
1 7529 2010 6159
1 6940 2008 6159
1 8334 2011 6159
1 7195 2009 6164
1 11280 2017 6168
1 8245 2011 6168
1 9756 2014 6168
1 6914 2008 6168
1 7194 2009 6168
1 8726 2012 6168
1 10561 2016 6168
1 8326 2011 6171
1 6935 2008 6176
1 8258 2011 6176
1 9102 2013 6176
1 8799 2012 6176
1 7199 2009 6176
1 6988 2008 6182
1 9061 2013 6182
1 8801 2012 6182
1 6685 2007 6182
1 7587 2010 6182
1 8238 2011 6189
1 6868 2008 6189
1 7156 2009 6189
1 6674 2007 6193
1 6838 2008 6193
1 9115 2013 6196
1 9114 2013 6196
1 8320 2011 6196
1 7181 2009 6196
1 7180 2009 6196
1 8321 2011 6196
1 6633 2007 6196
1 7515 2010 6196
1 6728 2007 6331
1 6949 2008 6331
1 8358 2011 6331
1 7481 2010 6338
1 6953 2008 6338
1 7146 2009 6338
1 7238 2009 6348
1 9023 2013 6348
1 6968 2008 6348
1 8227 2011 6348
1 10660 2016 6348
1 7227 2009 6354
1 9786 2014 6354
1 10200 2015 6354
1 8740 2012 6354
1 9037 2013 6354
1 7213 2009 6362
1 7325 2009 6365
1 8766 2012 6365
1 9085 2013 6369
1 8260 2011 6369
1 9893 2014 6369
1 8261 2011 6369
1 7465 2010 6369
1 6913 2008 6369
1 7464 2010 6369
1 7226 2009 6369
1 8778 2012 6369
1 10182 2015 6408
1 8304 2011 6408
1 7524 2010 6408
1 8733 2012 6408
1 6848 2008 6410
1 8262 2011 6414
1 6975 2008 6421
1 7127 2009 6421
1 7501 2010 6425
1 8767 2012 6425
1 9148 2013 6425
1 7167 2009 6425
1 8365 2011 6425
1 9147 2013 6425
1 8360 2011 6435
1 10315 2015 6435
1 9910 2014 6435
1 6955 2008 6435
1 7552 2010 6435
1 7182 2009 6435
1 8318 2011 6441
1 7234 2009 6441
1 7568 2010 6441
1 7549 2010 6452
1 7124 2009 6452
1 6906 2008 6452
1 8289 2011 6452
1 6918 2008 6455
1 9765 2014 6455
1 7256 2009 6455
1 7534 2010 6455
1 9764 2014 6455
1 10212 2015 6455
1 7590 2010 6459
1 6978 2008 6459
1 7159 2009 6459
1 7160 2009 6488
1 6887 2008 6488
1 8221 2011 6488
1 7533 2010 6525
1 6919 2008 6525
1 8347 2011 6525
1 7197 2009 6525
1 7171 2009 6537
1 7561 2010 6537
1 10192 2015 6583
1 8333 2011 6583
1 9780 2014 6583
1 11554 2018 6583
1 7142 2009 6583
1 7511 2010 6583
1 8297 2011 6585
1 7446 2010 6585
1 7120 2009 6588
1 7502 2010 6588
1 8271 2011 6588
1 7169 2009 6593
1 9872 2014 6593
1 10330 2015 6593
1 8735 2012 6593
1 8265 2011 6593
1 7193 2009 6598
1 9903 2014 6598
1 7129 2009 6605
1 8724 2012 6605
1 9811 2014 6605
1 8220 2011 6605
1 7440 2010 6605
1 9810 2014 6605
1 8791 2012 6608
1 7480 2010 6608
1 7216 2009 6608
1 8290 2011 6608
1 9841 2014 6608
1 9059 2013 6608
1 8457 2011 6609
1 7569 2010 6615
1 7246 2009 6615
1 8783 2012 6617
1 7682 2010 6617
1 9134 2013 6617
1 9135 2013 6617
1 7204 2009 6625
1 10196 2015 6625
1 8713 2012 6625
1 8237 2011 6625
1 7512 2010 6625
1 9025 2013 6625
1 9823 2014 6625
1 9026 2013 6625
1 7220 2009 6644
1 9010 2013 6644
1 10210 2015 6644
1 9806 2014 6644
1 10567 2016 6644
1 8732 2012 6644
1 9011 2013 6644
1 11126 2017 6644
1 8235 2011 6646
1 7262 2009 6646
1 7437 2010 6646
1 7189 2009 6656
1 9103 2013 6663
1 8353 2011 6663
1 7166 2009 6663
1 10340 2015 6663
1 8813 2012 6663
1 9860 2014 6663
1 11221 2017 6663
1 7557 2010 6663
1 10193 2015 6666
1 7455 2010 6666
1 8742 2012 6666
1 7202 2009 6666
1 8312 2011 6674
1 9825 2014 6678
1 9050 2013 6678
1 7600 2010 6678
1 8322 2011 6678
1 7190 2009 6678
1 8790 2012 6678
1 9051 2013 6678
1 10224 2015 6678
1 9826 2014 6678
1 11249 2017 6679
1 10301 2015 6679
1 8282 2011 6679
1 9132 2013 6679
1 10658 2016 6679
1 7260 2009 6679
1 9001 2013 6680
1 7486 2010 6680
1 8800 2012 6680
1 7116 2009 6681
1 8291 2011 6681
1 7456 2010 6681
1 8328 2011 6682
1 9145 2013 6682
1 8794 2012 6682
1 9144 2013 6682
1 10355 2015 6682
1 7261 2009 6682
1 9918 2014 6682
1 8352 2011 6683
1 9118 2013 6683
1 10281 2015 6683
1 8807 2012 6683
1 10253 2015 6685
1 9817 2014 6685
1 9038 2013 6685
1 11202 2017 6685
1 10529 2016 6685
1 7149 2009 6688
1 8784 2012 6688
1 9104 2013 6688
1 7528 2010 6688
1 9798 2014 6688
1 8710 2012 6690
1 8217 2011 6690
1 10517 2016 6690
1 7444 2010 6690
1 10181 2015 6690
1 11250 2017 6690
1 9005 2013 6690
1 9757 2014 6691
1 7473 2010 6691
1 9004 2013 6691
1 8718 2012 6691
1 10214 2015 6691
1 7570 2010 6692
1 8259 2011 6692
1 7258 2009 6692
1 7239 2009 6695
1 7252 2009 6697
1 7579 2010 6697
1 8273 2011 6713
1 7567 2010 6713
1 11166 2017 6717
1 9883 2014 6717
1 10289 2015 6717
1 8319 2011 6717
1 11167 2017 6717
1 9884 2014 6717
1 7588 2010 6717
1 8786 2012 6717
1 7582 2010 6718
1 8744 2012 6723
1 8292 2011 6723
1 7254 2009 6723
1 9012 2013 6724
1 7452 2010 6724
1 10259 2015 6724
1 7221 2009 6724
1 9822 2014 6724
1 8338 2011 6726
1 10337 2015 6726
1 9870 2014 6726
1 8269 2011 6730
1 7518 2010 6730
1 10570 2016 6827
1 7447 2010 6827
1 8226 2011 6827
1 11141 2017 6827
1 9781 2014 6827
1 8716 2012 6827
1 10273 2015 6827
1 9041 2013 6827
1 9782 2014 6827
1 10274 2015 6827
1 10571 2016 6827
1 9042 2013 6827
1 8233 2011 6829
1 7449 2010 6829
1 10574 2016 6831
1 8247 2011 6831
1 7593 2010 6831
1 9839 2014 6831
1 8738 2012 6831
1 8224 2011 6833
1 10215 2015 6833
1 7469 2010 6833
1 9758 2014 6833
1 9006 2013 6833
1 8728 2012 6833
1 7681 2010 6834
1 9084 2013 6834
1 10191 2015 6837
1 11168 2017 6837
1 10546 2016 6837
1 8737 2012 6837
1 11518 2018 6837
1 9767 2014 6837
1 9885 2014 6851
1 10290 2015 6851
1 9029 2013 6851
1 8342 2011 6851
1 8760 2012 6851
1 9816 2014 6857
1 8756 2012 6857
1 8315 2011 6859
1 7483 2010 6860
1 9760 2014 6860
1 8241 2011 6860
1 10348 2015 6860
1 11207 2017 6866
1 10227 2015 6866
1 7563 2010 6866
1 10576 2016 6866
1 9862 2014 6866
1 7470 2010 6867
1 9141 2013 6867
1 9140 2013 6867
1 9834 2014 6874
1 10560 2016 6874
1 9106 2013 6874
1 7519 2010 6892
1 9110 2013 6892
1 10582 2016 6892
1 9837 2014 6892
1 10232 2015 6892
1 11153 2017 6892
1 8717 2012 6892
1 8244 2011 6892
1 7578 2010 6900
1 8339 2011 6900
1 9097 2013 6900
1 9889 2014 6900
1 7500 2010 6904
1 9083 2013 6907
1 7580 2010 6907
1 8236 2011 6909
1 7491 2010 6910
1 8232 2011 6911
1 8789 2012 6911
1 9779 2014 6911
1 9022 2013 6911
1 9127 2013 6916
1 9128 2013 6916
1 8803 2012 6916
1 10341 2015 6916
1 9915 2014 6916
1 9914 2014 6916
1 8307 2011 6920
1 9031 2013 6927
1 10209 2015 6927
1 8754 2012 6927
1 11192 2017 6927
1 8281 2011 6928
1 9079 2013 6929
1 7522 2010 6929
1 11226 2017 6930
1 9073 2013 6930
1 9877 2014 6930
1 7577 2010 6930
1 9072 2013 6930
1 8283 2011 6930
1 8350 2011 6937
1 8734 2012 6937
1 7571 2010 6937
1 11164 2017 6937
1 10228 2015 6937
1 9801 2014 6937
1 9040 2013 6937
1 7521 2010 6938
1 7247 2009 6938
1 9802 2014 6938
1 11183 2017 6938
1 8327 2011 6938
1 8764 2012 6938
1 10607 2016 6943
1 11200 2017 6943
1 8750 2012 6943
1 9897 2014 6943
1 10309 2015 6945
1 10308 2015 6945
1 8753 2012 6945
1 10622 2016 6945
1 11594 2018 6945
1 11223 2017 6945
1 8276 2011 6945
1 9919 2014 6948
1 9087 2013 6948
1 10343 2015 6948
1 10636 2016 6958
1 9071 2013 6958
1 9832 2014 6958
1 11215 2017 6958
1 9831 2014 6958
1 10262 2015 6958
1 7595 2010 6958
1 11216 2017 6958
1 8293 2011 6958
1 8805 2012 6962
1 10664 2016 6962
1 9916 2014 6962
1 8804 2012 6962
1 9917 2014 6962
1 10663 2016 6962
1 9143 2013 6962
1 10354 2015 6962
1 9920 2014 6967
1 9155 2013 6967
1 10662 2016 6967
1 9921 2014 6967
1 8812 2012 6967
1 9156 2013 6967
1 8349 2011 6967
1 11279 2017 6967
1 11633 2018 6967
1 9878 2014 6969
1 7558 2010 6969
1 10331 2015 6969
1 10332 2015 6969
1 10655 2016 6969
1 8782 2012 6969
1 8248 2011 6971
1 8308 2011 6972
1 7596 2010 6976
1 8453 2011 6976
1 9900 2014 6979
1 9119 2013 6979
1 10352 2015 6979
1 8451 2011 6979
1 8808 2012 6979
1 7591 2010 6979
1 9152 2013 6982
1 9790 2014 6982
1 10597 2016 6982
1 8721 2012 6982
1 10255 2015 6982
1 7601 2010 6988
1 7523 2010 6990
1 9804 2014 6990
1 11597 2018 6990
1 8727 2012 6990
1 9052 2013 7039
1 8306 2011 7039
1 8715 2012 7039
1 8714 2012 7108
1 9763 2014 7108
1 10183 2015 7108
1 8759 2012 7109
1 8332 2011 7109
1 9820 2014 7109
1 10184 2015 7109
1 10651 2016 7115
1 9139 2013 7115
1 11634 2018 7115
1 9866 2014 7115
1 8775 2012 7115
1 10312 2015 7115
1 8249 2011 7116
1 9797 2014 7118
1 9014 2013 7118
1 8792 2012 7118
1 8246 2011 7124
1 10604 2016 7131
1 8250 2011 7131
1 10247 2015 7131
1 9791 2014 7131
1 11197 2017 7131
1 9016 2013 7131
1 10246 2015 7131
1 8755 2012 7131
1 9076 2013 7133
1 9775 2014 7133
1 8729 2012 7133
1 10275 2015 7133
1 8288 2011 7133
1 8746 2012 7142
1 11236 2017 7142
1 10294 2015 7142
1 11580 2018 7142
1 9836 2014 7142
1 9074 2013 7142
1 10590 2016 7142
1 9099 2013 7143
1 11531 2018 7143
1 9776 2014 7143
1 10222 2015 7143
1 10587 2016 7143
1 11242 2017 7144
1 10243 2015 7144
1 9030 2013 7144
1 8739 2012 7144
1 9800 2014 7144
1 8309 2011 7144
1 10584 2016 7144
1 8348 2011 7146
1 10596 2016 7157
1 9840 2014 7157
1 8257 2011 7157
1 9018 2013 7157
1 8765 2012 7157
1 10303 2015 7157
1 8357 2011 7159
1 8317 2011 7163
1 10661 2016 7163
1 10345 2015 7163
1 11626 2018 7163
1 9067 2013 7163
1 8314 2011 7172
1 9824 2014 7172
1 9043 2013 7172
1 8781 2012 7172
1 10601 2016 7185
1 9829 2014 7185
1 9015 2013 7185
1 10602 2016 7185
1 8240 2011 7185
1 8731 2012 7185
1 11543 2018 7185
1 8294 2011 7190
1 10185 2015 7194
1 9769 2014 7194
1 9164 2013 7194
1 11193 2017 7194
1 8711 2012 7194
1 9088 2013 7198
1 8757 2012 7201
1 9146 2013 7201
1 9907 2014 7202
1 10296 2015 7202
1 8263 2011 7205
1 9024 2013 7205
1 10180 2015 7205
1 9808 2014 7205
1 10515 2016 7205
1 11537 2018 7205
1 9807 2014 7205
1 8743 2012 7205
1 9881 2014 7206
1 9882 2014 7206
1 8736 2012 7206
1 10342 2015 7206
1 9069 2013 7215
1 9891 2014 7215
1 10310 2015 7215
1 8776 2012 7215
1 9785 2014 7227
1 9077 2013 7227
1 10234 2015 7227
1 8275 2011 7228
1 9124 2013 7228
1 9845 2014 7228
1 10230 2015 7230
1 9034 2013 7230
1 8747 2012 7230
1 10229 2015 7230
1 11174 2017 7230
1 8256 2011 7230
1 9035 2013 7230
1 11175 2017 7230
1 9859 2014 7232
1 9063 2013 7232
1 9858 2014 7232
1 8772 2012 7232
1 9007 2013 7241
1 11125 2017 7241
1 8795 2012 7241
1 9890 2014 7241
1 10238 2015 7241
1 11588 2018 7241
1 10245 2015 7245
1 8741 2012 7245
1 10295 2015 7252
1 10647 2016 7252
1 11253 2017 7252
1 8272 2011 7253
1 9109 2013 7257
1 10305 2015 7257
1 8809 2012 7257
1 9849 2014 7257
1 11189 2017 7257
1 9082 2013 7261
1 9857 2014 7261
1 9081 2013 7261
1 9856 2014 7261
1 8722 2012 7262
1 9771 2014 7262
1 11114 2017 7262
1 10217 2015 7262
1 11513 2018 7262
1 9049 2013 7262
1 9048 2013 7262
1 10242 2015 7267
1 9046 2013 7267
1 9892 2014 7267
1 8239 2011 7267
1 8771 2012 7267
1 9045 2013 7267
1 10198 2015 7316
1 11622 2018 7316
1 8802 2012 7318
1 9803 2014 7454
1 8752 2012 7454
1 9078 2013 7455
1 10287 2015 7455
1 11275 2017 7458
1 9869 2014 7458
1 9047 2013 7458
1 10638 2016 7458
1 9008 2013 7459
1 10572 2016 7459
1 10190 2015 7459
1 9809 2014 7459
1 10220 2015 7472
1 9112 2013 7472
1 10594 2016 7472
1 10235 2015 7476
1 10558 2016 7476
1 9835 2014 7476
1 11209 2017 7476
1 8798 2012 7476
1 11208 2017 7476
1 10237 2015 7486
1 11602 2018 7486
1 11228 2017 7486
1 8777 2012 7486
1 10625 2016 7486
1 9060 2013 7486
1 9089 2013 7542
1 11268 2017 7542
1 9056 2013 7560
1 11565 2018 7560
1 9855 2014 7560
1 10194 2015 7560
1 9055 2013 7560
1 9854 2014 7560
1 8806 2012 7574
1 10297 2015 7574
1 9161 2013 7574
1 9122 2013 7575
1 9904 2014 7575
1 9851 2014 7576
1 10556 2016 7576
1 11211 2017 7576
1 10203 2015 7576
1 9013 2013 7576
1 11212 2017 7576
1 11578 2018 7576
1 11579 2018 7576
1 10557 2016 7576
1 9852 2014 7576
1 10633 2016 7587
1 10347 2015 7587
1 11587 2018 7587
1 9871 2014 7587
1 9137 2013 7590
1 10272 2015 7593
1 9842 2014 7593
1 9068 2013 7593
1 10614 2016 7596
1 11263 2017 7596
1 9166 2013 7603
1 10542 2016 8240
1 9062 2013 8240
1 11184 2017 8240
1 10208 2015 8240
1 11185 2017 8240
1 10628 2016 8258
1 11592 2018 8258
1 9028 2013 8258
1 11251 2017 8258
1 10240 2015 8265
1 10239 2015 8265
1 9753 2014 8265
1 9064 2013 8265
1 10566 2016 8265
1 11191 2017 8312
1 9784 2014 8312
1 11559 2018 8312
1 10552 2016 8312
1 10211 2015 8312
1 9092 2013 8327
1 10335 2015 8327
1 9093 2013 8358
1 10179 2015 8358
1 9761 2014 8358
1 9036 2013 8362
1 10632 2016 8506
1 11596 2018 8506
1 9896 2014 8506
1 10338 2015 8506
1 9895 2014 8506
1 9149 2013 8506
1 9066 2013 8510
1 11233 2017 8510
1 10586 2016 8510
1 9805 2014 8510
1 11232 2017 8510
1 10270 2015 8510
1 10269 2015 8510
1 11577 2018 8510
1 10280 2015 8712
1 10617 2016 8712
1 11131 2017 8714
1 11510 2018 8714
1 10197 2015 8714
1 9766 2014 8714
1 9003 2013 8714
1 10530 2016 8714
1 10547 2016 8715
1 11526 2018 8715
1 11195 2017 8715
1 10213 2015 8715
1 10218 2015 8716
1 9759 2014 8716
1 10219 2015 8717
1 9815 2014 8717
1 10581 2016 8717
1 11254 2017 8717
1 10226 2015 8718
1 9065 2013 8718
1 10540 2016 8718
1 11145 2017 8718
1 9755 2014 8718
1 11144 2017 8718
1 11239 2017 8720
1 11527 2018 8720
1 10264 2015 8720
1 9130 2013 8720
1 11528 2018 8720
1 9864 2014 8720
1 10525 2016 8721
1 11532 2018 8721
1 10186 2015 8721
1 10620 2016 8725
1 9813 2014 8725
1 10524 2016 8729
1 10189 2015 8729
1 11509 2018 8729
1 9032 2013 8729
1 9787 2014 8730
1 10221 2015 8730
1 9057 2013 8730
1 11154 2017 8731
1 11546 2018 8731
1 10199 2015 8731
1 10263 2015 8734
1 11130 2017 8734
1 10518 2016 8734
1 9129 2013 8740
1 11190 2017 8740
1 10537 2016 8740
1 9886 2014 8740
1 10324 2015 8740
1 10630 2016 8744
1 9880 2014 8744
1 11533 2018 8744
1 9158 2013 8745
1 10288 2015 8749
1 11548 2018 8749
1 9053 2013 8749
1 10598 2016 8749
1 11187 2017 8749
1 9867 2014 8749
1 9002 2013 8751
1 10223 2015 8751
1 11552 2018 8751
1 10579 2016 8756
1 11557 2018 8756
1 11205 2017 8756
1 11595 2018 8758
1 10569 2016 8758
1 10231 2015 8758
1 11210 2017 8758
1 10532 2016 8759
1 10285 2015 8759
1 11143 2017 8759
1 9783 2014 8759
1 11522 2018 8759
1 11180 2017 8762
1 10251 2015 8762
1 9850 2014 8762
1 11521 2018 8762
1 9100 2013 8763
1 9098 2013 8765
1 10351 2015 8766
1 9111 2013 8771
1 11571 2018 8780
1 9873 2014 8780
1 10519 2016 8780
1 9163 2013 8780
1 9913 2014 8783
1 10599 2016 8783
1 10591 2016 8785
1 9167 2013 8785
1 11204 2017 8785
1 9768 2014 8785
1 10252 2015 8785
1 10261 2015 8787
1 9762 2014 8787
1 11134 2017 8787
1 11581 2018 8790
1 10282 2015 8790
1 9159 2013 8792
1 9136 2013 8793
1 10291 2015 8794
1 11572 2018 8794
1 9789 2014 8798
1 11520 2018 8798
1 11120 2017 8798
1 10554 2016 8798
1 10205 2015 8798
1 10551 2016 8800
1 11128 2017 8800
1 10641 2016 8804
1 11258 2017 8804
1 10316 2015 8804
1 11607 2018 8804
1 10304 2015 8807
1 11600 2018 8807
1 11277 2017 8807
1 11157 2017 8811
1 11156 2017 8811
1 11599 2018 8811
1 10298 2015 8811
1 11598 2018 8811
1 10321 2015 8812
1 9902 2014 8812
1 11244 2017 9016
1 11603 2018 9016
1 10311 2015 9016
1 10300 2015 9023
1 11238 2017 9029
1 10613 2016 9029
1 10346 2015 9029
1 11606 2018 9029
1 10612 2016 9030
1 11234 2017 9030
1 11573 2018 9030
1 10299 2015 9036
1 11217 2017 9036
1 11237 2017 9038
1 10649 2016 9038
1 11615 2018 9038
1 11260 2017 9060
1 11561 2018 9060
1 10344 2015 9074
1 11618 2018 9074
1 10645 2016 9074
1 11116 2017 9075
1 10323 2015 9075
1 11625 2018 9075
1 10618 2016 9083
1 11243 2017 9083
1 11542 2018 9086
1 11194 2017 9086
1 10550 2016 9086
1 10521 2016 9093
1 10236 2015 9093
1 11519 2018 9093
1 10256 2015 9119
1 10580 2016 9119
1 11553 2018 9119
1 11198 2017 9119
1 11199 2017 9119
1 11529 2018 9125
1 10583 2016 9125
1 11516 2018 9153
1 10563 2016 9153
1 11155 2017 9165
1 10610 2016 9169
1 10266 2015 9169
1 10207 2015 9207
1 11536 2018 9207
1 10528 2016 9207
1 11186 2017 9207
1 11188 2017 9208
1 11584 2018 9208
1 10621 2016 9208
1 10336 2015 9211
1 11539 2018 9211
1 11201 2017 9211
1 10278 2015 9212
1 11582 2018 9212
1 11265 2017 9212
1 10589 2016 9212
1 11540 2018 9213
1 11591 2018 9214
1 10244 2015 9216
1 11171 2017 9216
1 11541 2018 9216
1 10549 2016 9216
1 11115 2017 9759
1 10520 2016 9759
1 11218 2017 9764
1 11530 2018 9764
1 10653 2016 9768
1 11272 2017 9768
1 11165 2017 9769
1 11515 2018 9769
1 10616 2016 9769
1 11628 2018 9784
1 11270 2017 9784
1 11150 2017 9793
1 10588 2016 9793
1 11259 2017 9795
1 11631 2018 9795
1 11148 2017 9797
1 11612 2018 9805
1 10595 2016 9805
1 11611 2018 9805
1 11574 2018 9812
1 11203 2017 9817
1 10577 2016 9817
1 11534 2018 9822
1 11590 2018 9827
1 11176 2017 9827
1 11149 2017 9833
1 11583 2018 9833
1 10699 2016 9834
1 11271 2017 9834
1 11240 2017 9838
1 11614 2018 9838
1 10654 2016 9838
1 10615 2016 9841
1 11118 2017 9843
1 11512 2018 9843
1 11523 2018 9849
1 11170 2017 9870
1 11261 2017 9895
1 10648 2016 9903
1 11139 2017 10180
1 11544 2018 10180
1 11257 2017 10190
1 11560 2018 10191
1 11213 2017 10191
1 11627 2018 10211
1 11567 2018 10216
1 11535 2018 10220
1 11550 2018 10225
1 11214 2017 10231
1 11566 2018 10237
1 11605 2018 10243
1 11255 2017 10251
1 11549 2018 10251
1 11151 2017 10286
1 11601 2018 10286
1 11613 2018 10289
1 11562 2018 10293
1 11179 2017 10347
1 11568 2018 10347
1 11556 2018 10348
1 11558 2018 10349
1 11563 2018 10443
1 11273 2017 10443
1 11585 2018 10575
1 11593 2018 10633
