1 1739 211 10 100 106 2
1 2706 414 13 169 104 2
1 2121 457 10 100 112 2
1 1779 211 8 64 114 2
1 1780 211 8 64 114 2
1 1664 509 7 49 111 2
1 2464 290 10 100 107 2
1 1665 509 6 36 111 2
1 2372 211 10 100 115 3
1 2823 321 13 169 106 2
1 2824 321 13 169 106 2
1 2099 457 9 81 104 2
1 2421 290 10 100 100 3
1 2420 290 10 100 100 3
1 2617 414 12 144 105 2
1 3064 443 13 169 108 2
1 1632 509 5 25 114 3
1 2530 290 10 100 119 2
1 1647 509 5 25 118 2
1 1801 211 6 36 118 2
1 2431 290 10 100 102 2
1 2105 457 8 64 105 2
1 2362 211 9 81 108 3
1 2111 457 7 49 108 2
1 2466 290 8 64 104 7
1 1760 211 5 25 110 3
1 2467 290 8 64 104 7
1 2242 211 7 49 98 2
1 2649 414 9 81 112 2
1 2474 290 8 64 99 10
1 2106 457 6 36 105 2
1 2297 211 7 49 121 3
1 1623 509 2 4 113 3
1 3077 443 10 100 109 2
1 2174 457 6 36 114 3
1 2872 321 9 81 111 2
1 2645 414 8 64 112 2
1 2626 414 8 64 108 2
1 2486 290 7 49 109 4
1 2627 414 8 64 108 2
1 2843 321 9 81 107 3
1 2098 457 5 25 102 2
1 2170 457 6 36 114 3
1 3120 443 11 121 121 2
1 2523 290 8 64 116 4
1 2927 321 10 100 115 4
1 2169 457 6 36 111 2
1 2926 321 10 100 115 4
1 2637 414 9 81 109 3
1 2171 457 6 36 109 2
1 1605 509 3 9 110 2
1 1792 211 4 16 117 2
1 1793 211 4 16 117 2
1 2696 414 9 81 112 2
1 2461 290 7 49 107 2
1 2132 457 6 36 125 2
1 2462 290 7 49 107 2
1 2482 290 7 49 110 2
1 2481 290 7 49 110 2
1 2034 331 5 25 111 2
1 2620 414 8 64 107 2
1 2435 290 7 49 104 2
1 2245 211 6 36 105 2
1 2800 321 9 81 104 2
1 2176 457 5 25 99 2
1 2444 290 7 49 104 2
1 2410 290 7 49 97 2
1 2701 414 8 64 110 3
1 2123 457 5 25 112 3
1 2619 414 8 64 110 2
1 2893 321 9 81 112 3
1 2894 321 9 81 112 3
1 3134 443 10 100 111 2
1 1749 211 2 4 109 2
1 2165 457 4 16 113 2
1 3104 443 9 81 114 2
1 2260 211 5 25 111 2
1 2661 414 7 49 114 2
1 2096 457 4 16 99 2
1 2670 414 8 64 123 2
1 2671 414 8 64 123 2
1 2809 321 8 64 105 2
1 2808 321 8 64 105 2
1 2525 290 7 49 116 3
1 3507 357 11 121 118 2
1 2489 290 6 36 110 3
1 2650 414 7 49 112 2
1 3053 443 9 81 107 2
1 2146 457 4 16 107 2
1 3010 443 9 81 101 2
1 1635 509 1 1 112 2
1 2632 414 7 49 108 3
1 2856 321 8 64 108 4
1 2460 290 6 36 107 2
1 2624 414 7 49 108 2
1 2861 321 8 64 109 3
1 3047 443 9 81 107 2
1 2164 457 4 16 105 2
1 2278 211 6 36 114 4
1 2498 290 7 49 110 4
1 2898 321 9 81 110 5
1 2120 457 5 25 111 2
1 2899 321 9 81 110 5
1 2503 290 6 36 112 2
1 3004 443 9 81 98 3
1 2415 290 6 36 101 2
1 2840 321 7 49 107 3
1 3070 443 8 64 108 2
1 2839 321 7 49 107 3
1 2633 414 6 36 109 2
1 2128 457 4 16 115 10
1 2664 414 7 49 114 3
1 2916 321 8 64 115 2
1 2917 321 8 64 115 2
1 2291 211 5 25 121 2
1 2290 211 5 25 121 2
1 1784 211 1 1 115 2
1 1817 211 1 1 121 2
1 3086 443 8 64 110 2
1 2518 290 5 25 114 3
1 3272 435 9 81 118 2
1 2295 211 4 16 121 3
1 3087 443 8 64 110 2
1 3735 575 11 121 112 3
1 2929 321 7 49 117 2
1 2504 290 4 16 112 3
1 2698 414 5 25 113 2
1 2888 321 6 36 111 4
1 3108 443 8 64 115 2
1 2889 321 6 36 111 4
1 2177 457 2 4 102 2
1 2644 414 5 25 111 2
1 2837 321 6 36 108 2
1 2252 211 3 9 111 2
1 2657 414 6 36 113 2
1 3084 443 8 64 111 2
1 2877 321 7 49 111 3
1 2520 290 5 25 114 3
1 2876 321 7 49 111 3
1 3795 575 11 121 125 4
1 3037 443 7 49 106 2
1 3253 435 9 81 115 2
1 2688 414 5 25 108 2
1 2842 321 6 36 107 3
1 2469 290 4 16 108 2
1 3254 435 9 81 115 2
1 2468 290 4 16 108 2
1 3418 357 10 100 109 2
1 2628 414 5 25 108 2
1 3081 443 8 64 109 2
1 2892 321 7 49 112 3
1 2463 290 4 16 107 2
1 2648 414 6 36 112 2
1 3257 435 9 81 115 2
1 2901 321 7 49 112 4
1 3767 575 11 121 116 2
1 2248 211 3 9 108 2
1 3230 435 8 64 112 2
1 2827 321 5 25 106 2
1 3016 443 6 36 103 2
1 3667 575 10 100 108 2
1 2459 290 3 9 106 2
1 2828 321 5 25 106 2
1 2614 414 4 16 103 3
1 3666 575 10 100 108 2
1 3046 443 6 36 106 2
1 2878 321 6 36 110 4
1 3045 443 6 36 106 2
1 2483 290 3 9 111 2
1 2344 211 3 9 116 5
1 2484 290 3 9 111 2
1 3111 443 7 49 116 2
1 2703 414 4 16 114 3
1 2509 290 3 9 114 3
1 2508 290 3 9 114 3
1 3063 443 6 36 108 2
1 2884 321 5 25 112 2
1 2883 321 5 25 112 2
1 3083 443 6 36 110 2
1 2665 414 4 16 116 2
1 2845 321 5 25 107 3
1 2844 321 5 25 107 3
1 2437 290 3 9 103 3
1 2656 414 4 16 113 2
1 2436 290 3 9 103 3
1 3014 443 6 36 102 2
1 3113 443 7 49 117 2
1 2935 321 6 36 118 2
1 3485 357 9 81 116 2
1 2515 290 4 16 114 3
1 2214 457 2 4 113 2
1 2406 290 3 9 93 2
1 2341 211 3 9 117 2
1 4072 542 11 121 125 3
1 3270 435 8 64 117 2
1 3123 443 7 49 123 2
1 2533 290 4 16 211 4
1 2920 321 6 36 115 2
1 3777 575 10 100 122 3
1 3093 443 6 36 110 3
1 2678 414 5 25 129 3
1 2359 211 3 9 119 2
1 2285 211 3 9 119 2
1 3094 443 6 36 110 3
1 2921 321 6 36 115 2
1 3271 435 8 64 118 2
1 3526 357 9 81 118 7
1 2501 290 4 16 113 2
1 2500 290 4 16 113 2
1 2700 414 5 25 129 3
1 3112 443 6 36 114 4
1 3794 575 10 100 121 6
1 2910 321 5 25 114 3
1 2516 290 3 9 114 2
1 4044 542 11 121 115 5
1 2655 414 4 16 113 2
1 2379 211 3 9 121 2
1 2896 321 5 25 112 3
1 2616 414 4 16 105 2
1 3098 443 6 36 112 3
1 2897 321 5 25 112 3
1 3099 443 6 36 112 3
1 2643 414 4 16 111 2
1 3106 443 6 36 114 3
1 3107 443 6 36 114 3
1 2373 211 2 4 126 2
1 2641 414 4 16 111 2
1 2473 290 3 9 109 2
1 2108 457 1 1 106 2
1 2472 290 3 9 109 2
1 3105 443 6 36 111 2
1 2859 321 5 25 106 6
1 3274 435 8 64 118 2
1 3490 357 9 81 117 2
1 2831 321 5 25 107 2
1 3101 443 7 49 113 2
1 2662 414 5 25 114 3
1 2440 290 4 16 105 2
1 2441 290 4 16 105 2
1 2857 321 6 36 109 3
1 2858 321 6 36 109 3
1 3054 443 7 49 107 2
1 2256 211 2 4 111 2
1 3067 443 5 25 109 2
1 3637 575 8 64 96 2
1 2517 290 3 9 115 2
1 2244 211 1 1 103 2
1 4259 591 10 100 125 4
1 3402 357 7 49 106 2
1 2699 414 3 9 106 2
1 2432 290 2 4 102 2
1 3880 542 9 81 97 2
1 3220 435 6 36 109 2
1 3017 443 5 25 103 2
1 2830 321 4 16 106 2
1 2308 211 2 4 135 2
1 2886 321 5 25 111 3
1 4028 542 10 100 115 2
1 3501 357 8 64 114 5
1 2887 321 5 25 111 3
1 3085 443 6 36 110 2
1 2280 211 2 4 117 2
1 3275 435 7 49 118 2
1 2522 290 3 9 114 4
1 2685 414 4 16 113 3
1 3096 443 6 36 111 3
1 3095 443 6 36 111 3
1 3276 435 7 49 118 2
1 2695 414 4 16 113 3
1 3939 542 10 100 109 2
1 3499 357 8 64 117 2
1 3277 435 7 49 118 2
1 3765 575 9 81 116 2
1 3764 575 9 81 116 2
1 3940 542 10 100 109 2
1 2539 290 3 9 114 4
1 3500 357 8 64 117 2
1 2631 414 4 16 109 2
1 2895 321 5 25 112 3
1 2477 290 3 9 109 3
1 3719 575 9 81 111 3
1 2371 211 2 4 115 2
1 3071 443 6 36 109 2
1 3260 435 7 49 115 2
1 2945 321 5 25 112 4
1 2246 211 2 4 106 2
1 3930 542 10 100 108 2
1 2668 414 4 16 114 5
1 3770 575 9 81 113 5
1 2304 211 1 1 129 5
1 2327 211 0 0 101 2
1 2571 290 2 4 112 2
1 2425 290 1 1 101 2
1 2428 290 1 1 101 2
1 3440 357 7 49 112 2
1 3212 435 5 25 105 3
1 3109 443 5 25 115 2
1 2610 414 2 4 102 3
1 2427 290 1 1 101 2
1 3900 542 9 81 106 2
1 3211 435 5 25 105 3
1 2811 321 3 9 105 2
1 3899 542 9 81 106 2
1 3677 575 7 49 106 4
1 2514 290 1 1 106 9
1 3213 435 5 25 107 2
1 3905 542 8 64 106 2
1 2422 290 1 1 100 2
1 3250 435 6 36 115 2
1 3038 443 4 16 106 2
1 2822 321 3 9 106 2
1 3460 357 7 49 111 4
1 3461 357 7 49 111 4
1 2805 321 4 16 105 2
1 2806 321 4 16 105 2
1 2697 414 3 9 106 3
1 2623 414 3 9 106 10
1 3026 443 4 16 104 2
1 2416 290 1 1 103 2
1 2268 211 1 1 115 2
1 3031 443 4 16 105 2
1 2873 321 4 16 111 2
1 2663 414 3 9 115 2
1 3443 357 7 49 112 2
1 3992 542 9 81 113 2
1 3221 435 6 36 110 2
1 3721 575 8 64 112 2
1 2674 414 3 9 124 4
1 2476 290 1 1 109 3
1 2880 321 3 9 112 2
1 3061 443 4 16 107 3
1 3759 575 8 64 115 2
1 2299 211 1 1 127 2
1 2868 321 4 16 110 3
1 3034 443 4 16 106 2
1 3476 357 7 49 113 4
1 2667 414 3 9 112 7
1 3712 575 8 64 111 2
1 3285 435 6 36 119 2
1 2301 211 1 1 129 3
1 2604 414 2 4 97 3
1 2457 290 1 1 106 2
1 3486 357 7 49 114 4
1 3225 435 6 36 111 2
1 2818 321 4 16 106 2
1 3030 443 4 16 105 2
1 2521 290 1 1 113 5
1 2287 211 1 1 120 2
1 3201 435 6 36 99 2
1 2414 290 1 1 98 2
1 3636 575 7 49 91 2
1 3401 357 7 49 98 2
1 3002 443 4 16 94 4
1 2796 321 4 16 100 2
1 3245 435 6 36 114 2
1 2885 321 4 16 110 4
1 2480 290 2 4 109 2
1 3042 443 5 25 106 2
1 2276 211 1 1 115 2
1 3749 575 8 64 114 2
1 2669 414 3 9 112 2
1 2456 290 2 4 104 4
1 3226 435 6 36 111 2
1 3726 575 8 64 113 2
1 3458 357 7 49 113 2
1 3459 357 7 49 113 2
1 3727 575 8 64 113 2
1 2816 321 4 16 103 4
1 2867 321 3 9 110 3
1 4056 542 9 81 119 6
1 2866 321 3 9 110 3
1 2493 290 1 1 110 3
1 4055 542 9 81 119 6
1 3522 357 7 49 121 3
1 2368 211 1 1 124 2
1 4034 542 8 64 110 9
1 3229 435 5 25 110 4
1 2529 290 1 1 117 3
1 3110 443 4 16 115 2
1 3728 575 6 36 112 3
1 4471 325 9 81 115 3
1 4261 591 9 81 120 9
1 4260 591 9 81 120 9
1 2846 321 2 4 107 3
1 3723 575 6 36 111 3
1 3058 443 3 9 107 2
1 3263 435 4 16 116 2
1 2408 290 0 0 96 2
1 4175 591 9 81 106 5
1 3426 357 6 36 109 3
1 5072 651 12 144 102 5
1 2911 321 3 9 114 3
1 3635 575 6 36 98 2
1 3208 435 5 25 104 2
1 3009 443 3 9 101 2
1 3921 542 8 64 107 2
1 2511 290 1 1 115 2
1 2863 321 3 9 110 2
1 3658 575 6 36 106 2
1 3419 357 5 25 109 2
1 2801 321 2 4 104 2
1 3237 435 5 25 113 2
1 2621 414 1 1 106 3
1 3927 542 7 49 108 2
1 3027 443 3 9 105 2
1 3655 575 6 36 106 2
1 4348 325 9 81 102 2
1 3433 357 5 25 111 2
1 4347 325 9 81 102 2
1 2613 414 1 1 103 3
1 2836 321 2 4 106 4
1 3242 435 5 25 114 2
1 3973 542 8 64 112 2
1 3241 435 5 25 114 2
1 4177 591 8 64 110 2
1 3972 542 8 64 112 2
1 3050 443 3 9 106 2
1 2526 290 1 1 118 2
1 2835 321 2 4 106 4
1 3656 575 6 36 106 2
1 3432 357 5 25 111 2
1 2478 290 0 0 109 3
1 2475 290 0 0 103 8
1 3955 542 7 49 110 2
1 3437 357 5 25 111 2
1 2458 290 0 0 107 2
1 2906 321 2 4 112 4
1 3125 443 4 16 123 2
1 4035 542 8 64 115 4
1 3732 575 7 49 113 2
1 2446 290 0 0 106 2
1 3127 443 3 9 113 2
1 2934 321 2 4 118 2
1 4045 542 7 49 117 3
1 3762 575 6 36 115 2
1 3273 435 4 16 118 2
1 2675 414 2 4 127 2
1 2524 290 1 1 224 4
1 2527 290 0 0 117 2
1 2849 321 2 4 107 3
1 4403 325 9 81 108 2
1 4402 325 9 81 108 2
1 3202 435 4 16 100 2
1 3065 443 3 9 108 2
1 4023 542 8 64 115 2
1 3669 575 6 36 108 2
1 3066 443 3 9 108 2
1 4176 591 8 64 110 2
1 2607 414 1 1 101 2
1 2848 321 2 4 107 3
1 3670 575 6 36 108 2
1 4022 542 8 64 115 2
1 3115 443 4 16 116 3
1 2903 321 3 9 112 4
1 3114 443 4 16 116 3
1 3200 435 4 16 97 2
1 2455 290 0 0 106 2
1 3022 443 3 9 103 2
1 3970 542 7 49 111 2
1 3075 443 3 9 109 2
1 3279 435 5 25 118 2
1 2855 321 2 4 108 4
1 2941 321 2 4 105 2
1 2834 321 2 4 108 2
1 3746 575 7 49 114 2
1 3255 435 5 25 115 2
1 3917 542 7 49 106 3
1 3020 443 3 9 103 2
1 3918 542 7 49 106 3
1 2881 321 2 4 110 4
1 3044 443 3 9 105 3
1 2713 414 1 1 91 2
1 3780 575 7 49 120 2
1 3779 575 7 49 120 2
1 2928 321 3 9 117 2
1 3011 443 3 9 102 2
1 3060 443 3 9 107 2
1 2907 321 2 4 112 4
1 3244 435 4 16 114 2
1 2798 321 2 4 102 4
1 3005 443 3 9 98 3
1 3206 435 4 16 101 3
1 3761 575 7 49 115 2
1 2438 290 0 0 105 2
1 4032 542 8 64 116 2
1 3238 435 5 25 113 2
1 3028 443 3 9 105 2
1 3416 357 5 25 109 2
1 3663 575 7 49 107 2
1 3025 443 3 9 104 2
1 4019 542 8 64 113 3
1 3424 357 5 25 109 3
1 3215 435 4 16 108 2
1 3012 443 3 9 102 2
1 2635 414 1 1 109 2
1 2807 321 2 4 105 2
1 3672 575 6 36 108 2
1 2434 290 0 0 103 2
1 3199 435 4 16 92 4
1 3436 357 5 25 111 2
1 2804 321 2 4 105 2
1 4374 325 9 81 106 2
1 3013 443 3 9 102 2
1 2640 414 1 1 111 2
1 3665 575 6 36 108 2
1 2962 321 2 4 109 3
1 3021 443 3 9 103 2
1 3266 435 5 25 116 3
1 3645 575 6 36 102 3
1 3265 435 5 25 116 3
1 3713 575 7 49 111 2
1 3714 575 7 49 111 2
1 2851 321 2 4 108 3
1 3078 443 3 9 108 3
1 2502 290 0 0 112 2
1 3469 357 5 25 114 2
1 2870 321 2 4 110 3
1 2869 321 2 4 110 3
1 3715 575 6 36 110 3
1 3041 443 3 9 106 2
1 3931 542 7 49 106 4
1 3258 435 5 25 115 2
1 3227 435 4 16 111 2
1 3074 443 3 9 109 2
1 2510 290 0 0 113 2
1 2864 321 2 4 109 3
1 3246 435 4 16 114 2
1 3768 575 6 36 113 5
1 3076 443 3 9 109 2
1 3975 542 7 49 112 2
1 2608 414 1 1 101 2
1 3248 435 4 16 114 2
1 3423 357 5 25 109 2
1 4200 591 8 64 109 5
1 2860 321 2 4 110 2
1 3730 575 6 36 112 3
1 3292 435 5 25 119 3
1 3056 443 3 9 106 3
1 3438 357 5 25 111 2
1 2902 321 2 4 109 7
1 4040 542 7 49 116 3
1 4454 325 9 81 113 2
1 5734 494 13 169 97 4
1 2963 321 2 4 118 2
1 5126 651 11 121 111 3
1 3116 443 3 9 117 2
1 3738 575 6 36 113 3
1 5531 335 12 144 118 3
1 3280 435 4 16 119 2
1 4054 542 7 49 116 5
1 4150 591 8 64 96 4
1 4342 325 9 81 99 2
1 2795 321 2 4 100 2
1 3092 443 3 9 111 2
1 3642 575 6 36 102 2
1 3203 435 4 16 101 2
1 3509 357 5 25 117 3
1 3687 575 6 36 109 2
1 3240 435 4 16 114 2
1 3686 575 6 36 109 2
1 2817 321 2 4 106 2
1 3029 443 3 9 105 2
1 3001 443 2 4 93 2
1 2792 321 1 1 95 4
1 3284 435 4 16 119 2
1 3269 435 4 16 117 2
1 3503 357 5 25 118 2
1 3502 357 5 25 118 2
1 3895 542 7 49 105 2
1 3059 443 3 9 108 2
1 3268 435 4 16 117 2
1 3894 542 7 49 105 2
1 3008 443 2 4 99 2
1 2794 321 1 1 100 2
1 3293 435 4 16 120 2
1 3776 575 6 36 120 2
1 3538 357 5 25 120 9
1 3082 443 3 9 110 2
1 3775 575 6 36 120 2
1 2922 321 2 4 116 2
1 3685 575 6 36 109 2
1 3924 542 7 49 107 2
1 2799 321 1 1 104 2
1 4234 591 8 64 108 10
1 4335 325 8 64 93 2
1 3032 443 2 4 104 3
1 3231 435 4 16 112 2
1 3055 443 3 9 107 2
1 2829 321 2 4 106 2
1 2882 321 2 4 110 4
1 3453 357 5 25 113 2
1 3024 443 3 9 104 2
1 3660 575 6 36 107 2
1 3942 542 7 49 109 2
1 2812 321 1 1 105 2
1 3023 443 2 4 103 2
1 4153 591 7 49 101 4
1 4396 325 8 64 102 8
1 3971 542 7 49 110 3
1 3214 435 3 9 108 2
1 2871 321 1 1 110 3
1 2915 321 1 1 114 3
1 3097 443 2 4 112 2
1 3080 443 2 4 109 3
1 3525 357 5 25 118 7
1 4066 542 7 49 119 5
1 3129 443 2 4 108 2
1 3252 435 4 16 115 2
1 2853 321 2 4 108 3
1 3462 357 5 25 113 2
1 3036 443 3 9 105 2
1 3249 435 4 16 115 2
1 3019 443 2 4 103 2
1 3701 575 5 25 110 3
1 4169 591 7 49 109 2
1 3243 435 3 9 114 2
1 2938 321 1 1 121 3
1 3649 575 5 25 104 2
1 3948 542 6 36 110 2
1 3681 575 5 25 107 3
1 3545 357 4 16 130 2
1 3693 575 5 25 110 2
1 3470 357 4 16 114 2
1 3745 575 5 25 114 2
1 3744 575 5 25 114 2
1 3239 435 3 9 113 2
1 3409 357 4 16 108 2
1 3410 357 4 16 108 2
1 3683 575 5 25 109 2
1 3891 542 5 25 103 2
1 3209 435 2 4 105 2
1 2838 321 1 1 107 3
1 3007 443 1 1 99 2
1 4445 325 7 49 104 10
1 3267 435 3 9 117 2
1 4380 325 8 64 107 2
1 3692 575 5 25 110 2
1 3981 542 6 36 112 2
1 3694 575 5 25 110 2
1 3118 443 2 4 121 2
1 3247 435 3 9 114 2
1 3039 443 1 1 106 2
1 3483 357 4 16 116 2
1 3482 357 4 16 116 2
1 3291 435 3 9 120 2
1 3702 575 5 25 111 2
1 3703 575 5 25 111 2
1 5433 335 10 100 103 2
1 5432 335 10 100 103 2
1 4399 325 7 49 108 2
1 3654 575 4 16 106 2
1 5074 651 9 81 104 3
1 3801 575 5 25 128 3
1 3800 575 5 25 128 3
1 3283 435 3 9 119 2
1 2937 321 1 1 114 6
1 3514 357 4 16 119 3
1 3515 357 4 16 119 3
1 2852 321 0 0 109 2
1 3262 435 3 9 116 2
1 3062 443 1 1 108 2
1 2905 321 1 1 113 3
1 3447 357 4 16 112 2
1 4017 542 6 36 114 2
1 3234 435 3 9 113 2
1 3492 357 4 16 117 2
1 3742 575 5 25 114 2
1 3493 357 4 16 117 2
1 3741 575 5 25 114 2
1 3286 435 3 9 120 2
1 4235 591 7 49 112 7
1 3100 443 1 1 112 3
1 2919 321 1 1 115 2
1 3650 575 4 16 104 2
1 4190 591 6 36 108 5
1 4410 325 7 49 103 7
1 3919 542 5 25 106 3
1 3640 575 4 16 100 3
1 3018 443 1 1 103 2
1 3792 575 4 16 124 3
1 3793 575 4 16 124 3
1 4021 542 5 25 113 4
1 4180 591 6 36 109 3
1 3752 575 4 16 114 2
1 3751 575 4 16 114 2
1 4394 325 7 49 107 3
1 3464 357 4 16 113 3
1 3051 443 2 4 107 2
1 3288 435 3 9 119 2
1 3968 542 6 36 111 2
1 3517 357 4 16 117 6
1 3964 542 6 36 111 2
1 3963 542 6 36 111 2
1 3430 357 4 16 110 2
1 3675 575 5 25 107 3
1 3674 575 5 25 107 3
1 3527 357 4 16 125 2
1 3287 435 3 9 119 2
1 4004 542 6 36 114 2
1 5543 335 11 121 113 8
1 5134 651 10 100 110 4
1 4392 325 8 64 106 3
1 3282 435 3 9 119 2
1 4229 591 7 49 113 5
1 3040 443 2 4 106 2
1 4036 542 6 36 117 2
1 4241 591 7 49 115 5
1 3783 575 5 25 121 4
1 3716 575 5 25 112 2
1 2875 321 1 1 108 6
1 5087 651 10 100 107 2
1 3251 435 3 9 115 2
1 5140 651 10 100 110 5
1 3278 435 3 9 118 2
1 3953 542 6 36 110 2
1 3472 357 4 16 115 2
1 4452 325 8 64 113 2
1 3103 443 2 4 114 2
1 2943 321 1 1 122 2
1 3772 575 4 16 117 2
1 5443 335 9 81 105 2
1 5138 651 8 64 113 2
1 4000 542 4 16 113 2
1 4459 325 6 36 114 2
1 5444 335 9 81 105 2
1 4223 591 6 36 114 4
1 3758 575 4 16 115 2
1 3498 357 3 9 117 2
1 5080 651 9 81 104 5
1 3428 357 3 9 109 3
1 3886 542 5 25 103 2
1 3691 575 4 16 108 3
1 5546 335 10 100 115 10
1 5783 494 11 121 105 2
1 5784 494 11 121 105 2
1 4341 325 6 36 91 8
1 4185 591 6 36 107 5
1 3689 575 4 16 109 2
1 3102 443 1 1 105 10
1 3906 542 5 25 106 2
1 4377 325 6 36 103 5
1 3425 357 3 9 110 2
1 4187 591 6 36 108 5
1 5476 335 10 100 111 2
1 5790 494 11 121 106 3
1 3222 435 2 4 110 2
1 4409 325 7 49 108 2
1 4186 591 6 36 108 5
1 5069 651 9 81 105 2
1 5477 335 10 100 111 2
1 4398 325 7 49 108 2
1 3668 575 4 16 108 2
1 4424 325 7 49 108 4
1 5434 335 9 81 103 2
1 3431 357 3 9 111 2
1 3922 542 5 25 106 3
1 3449 357 3 9 113 2
1 3659 575 4 16 106 2
1 3704 575 4 16 111 2
1 4151 591 5 25 99 4
1 3224 435 2 4 111 2
1 4355 325 6 36 103 2
1 4356 325 6 36 103 2
1 5121 651 9 81 110 3
1 3722 575 4 16 111 3
1 3478 357 3 9 115 2
1 3946 542 5 25 108 4
1 3289 435 2 4 120 2
1 4203 591 6 36 111 3
1 4367 325 6 36 104 3
1 3684 575 4 16 109 2
1 3932 542 5 25 108 2
1 5877 494 11 121 110 3
1 4205 591 6 36 110 4
1 3471 357 3 9 114 2
1 4206 591 6 36 110 4
1 3933 542 5 25 108 2
1 5878 494 11 121 110 3
1 3724 575 4 16 112 2
1 4195 591 6 36 111 3
1 3718 575 4 16 111 3
1 3466 357 3 9 114 2
1 3467 357 3 9 114 2
1 3734 575 4 16 114 2
1 3504 357 3 9 118 2
1 3653 575 4 16 106 2
1 4362 325 6 36 102 5
1 4171 591 6 36 106 3
1 4415 325 7 49 109 2
1 3936 542 5 25 109 2
1 3717 575 4 16 112 2
1 3403 357 2 4 106 2
1 3760 575 4 16 114 3
1 4184 591 6 36 108 4
1 4351 325 6 36 101 4
1 3696 575 4 16 110 2
1 3878 542 5 25 110 2
1 4352 325 6 36 101 4
1 3429 357 3 9 110 2
1 3950 542 5 25 110 2
1 4232 591 6 36 114 4
1 3488 357 3 9 114 4
1 3747 575 4 16 114 2
1 4438 325 7 49 112 2
1 3994 542 5 25 113 2
1 4236 591 6 36 115 4
1 4024 542 5 25 115 2
1 3995 542 5 25 113 2
1 3733 575 4 16 111 4
1 3774 575 4 16 119 3
1 4057 542 5 25 119 3
1 3434 357 2 4 111 2
1 3819 575 4 16 117 4
1 4010 542 5 25 114 2
1 3755 575 4 16 114 2
1 4224 591 6 36 114 2
1 4225 591 6 36 114 2
1 3232 435 1 1 112 2
1 5521 335 10 100 116 2
1 5522 335 10 100 116 2
1 4400 325 6 36 108 2
1 3739 575 4 16 112 3
1 5130 651 9 81 112 2
1 3740 575 4 16 112 3
1 4401 325 6 36 108 2
1 3763 575 4 16 114 3
1 4029 542 5 25 115 2
1 4030 542 5 25 115 2
1 5541 335 10 100 121 2
1 4475 325 7 49 116 6
1 4253 591 6 36 120 3
1 3709 575 3 9 109 4
1 3937 542 5 25 109 2
1 3729 575 4 16 113 2
1 3938 542 5 25 109 2
1 4334 325 6 36 90 4
1 4333 325 6 36 90 4
1 3926 542 4 16 105 5
1 4453 325 6 36 113 2
1 3925 542 4 16 105 5
1 3814 575 4 16 118 2
1 3394 435 2 4 119 2
1 4167 591 5 25 107 3
1 4339 325 5 25 97 2
1 5058 651 7 49 96 5
1 6487 405 12 144 115 6
1 4191 591 5 25 111 2
1 5544 335 9 81 113 10
1 3750 575 3 9 113 3
1 3941 542 4 16 109 2
1 3420 357 2 4 109 2
1 3639 575 2 4 95 5
1 3513 357 2 4 116 6
1 3786 575 3 9 121 4
1 4003 542 4 16 113 3
1 3421 357 2 4 109 2
1 3708 575 3 9 110 3
1 4174 591 5 25 109 2
1 3442 357 2 4 112 3
1 5073 651 7 49 105 2
1 4368 325 5 25 106 2
1 5483 335 9 81 110 4
1 4216 591 5 25 113 3
1 5484 335 9 81 110 4
1 3736 575 3 9 112 3
1 3414 357 1 1 108 2
1 3439 357 1 1 112 2
1 4434 325 5 25 111 2
1 4041 542 4 16 116 3
1 3816 575 3 9 117 4
1 3661 575 2 4 107 3
1 4242 591 4 16 118 2
1 4178 591 4 16 110 2
1 3494 357 1 1 114 5
1 3647 575 2 4 104 3
1 4201 591 5 25 109 5
1 4012 542 4 16 114 2
1 5545 335 8 64 123 2
1 5111 651 6 36 110 2
1 4473 325 4 16 115 4
1 4064 542 2 4 118 4
1 4251 591 3 9 120 3
1 3671 575 2 4 107 3
1 3996 542 3 9 113 2
1 5061 651 7 49 98 6
1 5446 335 8 64 106 2
1 5749 494 9 81 101 2
1 3487 357 1 1 112 6
1 4344 325 4 16 96 6
1 5447 335 8 64 106 2
1 4158 591 4 16 106 2
1 3657 575 2 4 103 5
1 4172 591 4 16 108 3
1 5440 335 8 64 105 2
1 5972 494 9 81 114 7
1 5441 335 8 64 105 2
1 4363 325 5 25 105 2
1 3904 542 3 9 106 2
1 4031 542 3 9 115 2
1 5088 651 7 49 106 3
1 4202 591 4 16 112 2
1 3811 575 2 4 113 6
1 3957 542 3 9 109 3
1 3523 357 1 1 115 9
1 3644 575 1 1 103 2
1 6082 671 9 81 97 2
1 6566 467 11 121 100 2
1 4156 591 4 16 104 3
1 5056 651 6 36 88 7
1 6131 671 10 100 109 2
1 3688 575 2 4 107 4
1 5821 494 9 81 106 5
1 3412 357 1 1 108 2
1 5076 651 7 49 106 2
1 3748 575 2 4 113 3
1 4181 591 3 9 108 4
1 4390 325 4 16 107 2
1 4391 325 4 16 107 2
1 4160 591 3 9 107 2
1 3664 575 1 1 107 2
1 3978 542 3 9 110 4
1 4219 591 4 16 113 3
1 4227 591 4 16 115 3
1 4376 325 4 16 106 2
1 4039 542 3 9 117 2
1 3511 357 1 1 119 3
1 4192 591 4 16 111 2
1 4458 325 5 25 114 2
1 4058 542 3 9 120 2
1 5152 651 7 49 115 2
1 3662 575 1 1 106 3
1 5508 335 7 49 110 7
1 5068 651 6 36 105 2
1 3928 542 2 4 108 2
1 5423 335 7 49 100 2
1 3643 575 1 1 102 3
1 3445 357 0 0 110 4
1 4226 591 4 16 115 3
1 3882 542 2 4 99 2
1 4440 325 4 16 111 3
1 3465 357 0 0 111 5
1 3698 575 1 1 109 3
1 3524 357 1 1 123 2
1 5840 494 8 64 108 3
1 4007 542 3 9 114 2
1 4337 325 4 16 94 2
1 4198 591 3 9 112 2
1 3710 575 1 1 109 4
1 3481 357 0 0 108 10
1 5833 494 8 64 108 3
1 5086 651 6 36 107 2
1 4395 325 4 16 108 2
1 5834 494 8 64 108 3
1 3809 575 2 4 117 2
1 3951 542 2 4 110 2
1 4210 591 3 9 113 2
1 4173 591 3 9 109 2
1 6485 405 11 121 118 3
1 5093 651 6 36 109 2
1 5092 651 6 36 109 2
1 3448 357 0 0 112 2
1 4413 325 4 16 108 3
1 3991 542 2 4 112 3
1 5913 494 9 81 113 4
1 6158 671 10 100 111 2
1 4463 325 4 16 107 9
1 3889 542 2 4 103 3
1 3720 575 1 1 110 4
1 3474 357 0 0 112 5
1 3690 575 1 1 109 2
1 4470 325 4 16 114 3
1 5505 335 7 49 112 5
1 4025 542 3 9 115 2
1 4228 591 3 9 115 3
1 6154 671 9 81 111 2
1 6155 671 9 81 111 2
1 6397 405 10 100 109 2
1 6396 405 10 100 109 2
1 5150 651 6 36 109 6
1 5151 651 6 36 109 6
1 4026 542 2 4 112 5
1 4240 591 4 16 118 2
1 5155 651 7 49 116 3
1 3518 357 0 0 114 9
1 5132 651 6 36 112 2
1 3711 575 1 1 111 2
1 4411 325 4 16 109 2
1 3999 542 2 4 113 2
1 4336 325 4 16 93 2
1 3705 575 1 1 110 3
1 5077 651 6 36 106 2
1 5830 494 8 64 108 3
1 4196 591 3 9 111 3
1 3536 357 1 1 124 4
1 5141 651 6 36 113 2
1 5732 494 8 64 98 3
1 3949 542 2 4 110 2
1 5731 494 8 64 98 3
1 3519 357 0 0 117 6
1 4189 591 3 9 111 2
1 4456 325 4 16 111 4
1 6164 671 9 81 107 7
1 5146 651 6 36 107 9
1 4215 591 3 9 109 7
1 4016 542 2 4 110 6
1 4359 325 3 9 103 3
1 3977 542 2 4 111 3
1 5071 651 5 25 102 5
1 4033 542 2 4 112 6
1 4404 325 3 9 108 2
1 3890 542 1 1 104 3
1 4155 591 2 4 105 3
1 4338 325 3 9 96 3
1 5122 651 5 25 104 9
1 3986 542 2 4 112 2
1 4231 591 3 9 114 4
1 5507 335 7 49 110 7
1 5846 494 7 49 106 5
1 5847 494 7 49 106 5
1 4429 325 3 9 110 3
1 5105 651 6 36 109 3
1 5797 494 7 49 107 2
1 4197 591 3 9 112 2
1 4378 325 3 9 106 2
1 3923 542 1 1 107 2
1 4375 325 3 9 106 2
1 4183 591 2 4 109 3
1 4418 325 3 9 109 2
1 4417 325 3 9 109 2
1 4179 591 2 4 110 2
1 4437 325 3 9 112 2
1 4255 591 3 9 118 6
1 4354 325 3 9 102 4
1 3920 542 1 1 105 4
1 5748 494 7 49 101 2
1 4001 542 1 1 114 2
1 5137 651 5 25 113 2
1 4462 325 3 9 114 2
1 3778 575 0 0 115 10
1 6392 405 9 81 108 3
1 4357 325 3 9 103 3
1 4068 542 2 4 122 2
1 5067 651 5 25 102 3
1 4165 591 2 4 108 2
1 6391 405 9 81 108 3
1 5902 494 7 49 105 10
1 4071 542 1 1 115 10
1 4230 591 2 4 113 5
1 5153 651 5 25 114 3
1 4070 542 1 1 121 4
1 4161 591 2 4 104 5
1 3892 542 1 1 105 2
1 4349 325 3 9 101 3
1 4350 325 3 9 101 3
1 5075 651 5 25 103 4
1 4420 325 3 9 109 3
1 5089 651 5 25 109 2
1 5880 494 7 49 108 5
1 5115 651 5 25 109 3
1 4426 325 3 9 110 3
1 6327 405 8 64 97 2
1 5728 494 6 36 96 2
1 5420 335 5 25 96 2
1 5108 651 5 25 109 3
1 4416 325 3 9 109 2
1 6162 671 8 64 111 2
1 6827 447 10 100 98 2
1 4353 325 2 4 100 5
1 6360 405 9 81 104 4
1 5063 651 4 16 98 6
1 6361 405 9 81 104 4
1 5426 335 5 25 102 2
1 6091 671 7 49 101 4
1 5427 335 5 25 102 2
1 6851 447 11 121 104 2
1 4430 325 3 9 110 3
1 4182 591 2 4 108 4
1 6336 405 8 64 99 5
1 6087 671 7 49 98 6
1 6337 405 8 64 99 5
1 5059 651 4 16 97 4
1 5112 651 5 25 109 3
1 5929 494 7 49 112 9
1 6704 467 10 100 116 2
1 6156 671 8 64 111 2
1 5551 335 6 36 118 8
1 4243 591 2 4 115 5
1 5113 651 5 25 110 2
1 4436 325 3 9 112 2
1 5891 494 7 49 111 2
1 6095 671 7 49 104 2
1 5081 651 4 16 100 8
1 5742 494 6 36 100 2
1 4387 325 2 4 107 2
1 4432 325 2 4 110 3
1 5147 651 5 25 114 2
1 5472 335 5 25 110 2
1 5811 494 6 36 107 2
1 4258 591 2 4 123 4
1 4065 542 1 1 117 7
1 4449 325 2 4 112 3
1 5133 651 4 16 111 3
1 5888 494 6 36 110 3
1 5887 494 6 36 110 3
1 4067 542 1 1 116 8
1 5085 651 4 16 101 8
1 4248 591 1 1 112 9
1 4379 325 2 4 104 4
1 5802 494 6 36 107 2
1 4435 325 2 4 112 2
1 5127 651 4 16 112 2
1 4460 325 2 4 114 2
1 6365 405 8 64 107 2
1 6108 671 7 49 107 2
1 5070 651 4 16 101 6
1 6952 447 10 100 108 5
1 5439 335 5 25 105 2
1 5066 651 4 16 103 2
1 5769 494 6 36 104 2
1 4408 325 2 4 108 2
1 5726 494 5 25 92 5
1 5727 494 5 25 92 5
1 5495 335 5 25 113 3
1 5078 651 3 9 103 5
1 5810 494 5 25 106 3
1 6118 671 6 36 108 2
1 4382 325 1 1 107 2
1 4366 325 1 1 105 2
1 7236 567 10 100 104 4
1 5794 494 5 25 107 2
1 6134 671 6 36 109 2
1 7237 567 10 100 104 4
1 5100 651 3 9 109 3
1 6707 467 9 81 115 3
1 4372 325 1 1 106 2
1 5795 494 5 25 107 2
1 6119 671 6 36 108 2
1 5091 651 3 9 109 2
1 6434 405 7 49 110 5
1 4371 325 1 1 105 3
1 5120 651 3 9 110 3
1 4381 325 1 1 107 2
1 5471 335 4 16 109 3
1 6173 671 7 49 114 2
1 5844 494 5 25 109 2
1 5144 651 3 9 105 10
1 6136 671 6 36 109 2
1 5823 494 5 25 109 2
1 6384 405 7 49 108 2
1 5755 494 4 16 103 2
1 5422 335 3 9 99 2
1 4439 325 1 1 109 5
1 5745 494 4 16 100 2
1 5135 651 3 9 110 5
1 5478 335 4 16 111 2
1 4472 325 1 1 108 10
1 5421 335 3 9 98 2
1 5114 651 2 4 106 6
1 5741 494 4 16 99 3
1 6089 671 5 25 103 2
1 5762 494 4 16 104 2
1 5156 651 3 9 112 7
1 6383 405 7 49 108 2
1 6489 405 7 49 113 8
1 5523 335 4 16 117 2
1 5106 651 2 4 106 6
1 5806 494 4 16 107 2
1 5807 494 4 16 107 2
1 6170 671 5 25 110 4
1 6442 405 6 36 112 3
1 4386 325 0 0 106 3
1 5094 651 2 4 108 3
1 5128 651 2 4 109 5
1 6139 671 5 25 110 2
1 6112 671 5 25 107 2
1 5875 494 4 16 111 2
1 6420 405 6 36 112 2
1 6705 467 8 64 114 4
1 7240 567 9 81 105 3
1 5804 494 4 16 107 2
1 5124 651 2 4 110 3
1 6636 467 7 49 110 3
1 6907 447 8 64 108 2
1 5805 494 4 16 106 3
1 5090 651 2 4 108 3
1 5837 494 4 16 107 4
1 5129 651 2 4 110 4
1 5921 494 4 16 110 9
1 6333 405 6 36 101 2
1 6401 405 6 36 110 3
1 5754 494 4 16 102 2
1 5468 335 3 9 109 2
1 6096 671 5 25 105 3
1 6390 405 6 36 108 3
1 5125 651 2 4 107 6
1 6620 467 7 49 109 3
1 6990 447 8 64 118 3
1 6145 671 5 25 109 3
1 5758 494 4 16 103 3
1 5772 494 4 16 104 3
1 6202 671 5 25 122 2
1 6864 447 8 64 105 2
1 5884 494 4 16 110 3
1 8268 672 11 121 111 2
1 5486 335 3 9 110 4
1 7207 567 9 81 104 2
1 6622 467 7 49 109 3
1 7479 617 10 100 106 2
1 7442 617 9 81 98 3
1 5798 494 4 16 106 3
1 8231 672 11 121 107 2
1 5131 651 2 4 108 6
1 6613 467 7 49 105 5
1 7114 567 8 64 96 2
1 6143 671 5 25 108 4
1 6614 467 7 49 105 5
1 6144 671 5 25 108 4
1 6505 405 6 36 125 2
1 7443 617 9 81 98 3
1 6149 671 5 25 107 5
1 5903 494 4 16 107 8
1 5759 494 3 9 103 3
1 5157 651 2 4 114 5
1 6189 671 5 25 118 2
1 5817 494 4 16 108 2
1 8394 672 11 121 110 3
1 6890 447 8 64 107 2
1 6405 405 6 36 111 2
1 7152 567 8 64 102 2
1 6891 447 8 64 107 2
1 6404 405 6 36 111 2
1 5766 494 4 16 103 3
1 5764 494 4 16 103 3
1 7210 567 8 64 103 3
1 6861 447 7 49 103 3
1 6609 467 7 49 107 3
1 6862 447 7 49 103 3
1 6099 671 4 16 102 6
1 6332 405 5 25 100 3
1 6829 447 7 49 100 2
1 5852 494 4 16 110 2
1 7111 567 8 64 94 3
1 6563 467 6 36 96 2
1 6930 447 8 64 109 2
1 5442 335 2 4 105 2
1 5107 651 1 1 106 6
1 6109 671 5 25 107 2
1 5482 335 3 9 111 2
1 6652 467 7 49 108 4
1 6410 405 6 36 111 2
1 5801 494 3 9 106 3
1 6398 405 6 36 111 2
1 6912 447 8 64 108 2
1 6126 671 5 25 109 2
1 7307 567 8 64 102 3
1 5818 494 3 9 107 3
1 6102 671 4 16 106 2
1 6661 467 7 49 112 2
1 6453 405 6 36 113 2
1 6191 671 5 25 115 4
1 6630 467 6 36 110 3
1 7308 567 8 64 103 3
1 6847 447 7 49 103 2
1 5799 494 3 9 106 3
1 6708 467 7 49 112 6
1 6389 405 6 36 109 2
1 6846 447 7 49 103 2
1 5886 494 3 9 111 2
1 6436 405 6 36 112 3
1 5498 335 3 9 114 2
1 9133 362 13 169 115 2
1 7605 617 9 81 109 7
1 6197 671 5 25 118 4
1 5465 335 2 4 109 2
1 5890 494 4 16 111 2
1 6506 405 6 36 125 2
1 6650 467 7 49 112 2
1 5555 335 3 9 125 2
1 5895 494 4 16 112 3
1 6970 447 8 64 114 2
1 6971 447 8 64 114 2
1 6177 671 4 16 110 6
1 6667 467 6 36 111 3
1 5835 494 4 16 109 2
1 6480 405 6 36 118 3
1 5990 494 4 16 125 2
1 6168 671 4 16 112 2
1 6896 447 7 49 107 2
1 5538 335 3 9 117 5
1 6683 467 7 49 113 3
1 5425 335 1 1 101 2
1 7520 617 8 64 106 5
1 6452 405 5 25 113 2
1 5918 494 3 9 116 2
1 6963 447 7 49 109 7
1 6697 467 6 36 113 4
1 5997 494 2 4 125 2
1 6729 467 5 25 114 8
1 8216 672 9 81 100 2
1 6198 671 3 9 113 10
1 5509 335 2 4 116 2
1 6103 671 3 9 105 3
1 5448 335 1 1 105 3
1 6681 467 5 25 110 5
1 6424 405 4 16 108 6
1 7243 567 7 49 103 5
1 5803 494 2 4 104 5
1 5907 494 2 4 112 4
1 6826 447 6 36 97 3
1 6340 405 4 16 103 2
1 7112 567 6 36 95 3
1 6607 467 5 25 107 3
1 5782 494 2 4 105 2
1 5763 494 1 1 104 2
1 6378 405 4 16 108 2
1 5454 335 1 1 107 2
1 6101 671 3 9 106 2
1 5725 494 1 1 93 4
1 6660 467 5 25 111 3
1 6127 671 3 9 108 3
1 7594 617 8 64 114 2
1 5908 494 2 4 111 4
1 8287 672 9 81 112 2
1 5535 335 1 1 120 2
1 7133 567 6 36 97 4
1 8336 672 9 81 111 7
1 6386 405 4 16 108 2
1 5767 494 1 1 103 3
1 6114 671 2 4 107 2
1 7539 617 8 64 109 3
1 6706 467 5 25 110 8
1 6924 447 5 25 106 4
1 6676 467 5 25 113 2
1 6411 405 4 16 111 2
1 7592 617 8 64 108 8
1 6675 467 5 25 113 2
1 6182 671 3 9 114 2
1 6976 447 6 36 116 3
1 5911 494 2 4 113 4
1 7589 617 8 64 112 4
1 6886 447 5 25 104 4
1 6583 467 4 16 105 2
1 6342 405 3 9 103 2
1 6579 467 4 16 104 2
1 5746 494 1 1 97 6
1 6359 405 3 9 106 2
1 6329 405 3 9 97 2
1 5497 335 1 1 112 4
1 7107 567 6 36 91 3
1 7439 617 7 49 99 2
1 5730 494 1 1 98 2
1 5554 335 1 1 122 5
1 5879 494 2 4 111 2
1 5889 494 2 4 111 2
1 6153 671 3 9 110 3
1 7163 567 6 36 107 2
1 5876 494 2 4 111 2
1 6663 467 5 25 112 2
1 6712 467 5 25 113 5
1 5445 335 0 0 106 2
1 6900 447 6 36 107 2
1 7139 567 6 36 100 2
1 7540 617 8 64 110 2
1 8316 672 9 81 112 4
1 5777 494 1 1 104 3
1 5812 494 1 1 104 5
1 5475 335 0 0 109 4
1 5558 335 1 1 123 4
1 6459 405 4 16 115 2
1 6725 467 5 25 112 9
1 7222 567 6 36 105 2
1 6982 447 6 36 109 10
1 6475 405 4 16 116 3
1 6892 447 6 36 106 3
1 6157 671 3 9 110 3
1 6612 467 5 25 108 2
1 6985 447 6 36 114 6
1 6425 405 4 16 111 3
1 6908 447 5 25 107 3
1 7105 567 6 36 89 5
1 6192 671 3 9 115 4
1 6651 467 5 25 112 2
1 6710 467 5 25 113 5
1 7150 567 6 36 102 2
1 7151 567 6 36 102 2
1 7461 617 7 49 103 2
1 5796 494 1 1 107 2
1 6711 467 5 25 113 5
1 6186 671 3 9 110 7
1 8455 672 9 81 115 3
1 7537 617 8 64 109 3
1 8456 672 9 81 115 3
1 5485 335 1 1 111 3
1 7235 567 6 36 105 3
1 5824 494 1 1 109 2
1 7538 617 8 64 109 3
1 6455 405 4 16 113 3
1 5822 494 1 1 108 3
1 7547 617 8 64 111 3
1 7200 567 6 36 100 5
1 7548 617 8 64 111 3
1 6176 671 3 9 113 3
1 6483 405 4 16 119 2
1 6175 671 3 9 114 2
1 6722 467 5 25 118 2
1 5914 494 2 4 114 4
1 5524 335 1 1 117 2
1 6482 405 4 16 119 2
1 6850 447 5 25 103 2
1 7478 617 8 64 106 2
1 6462 405 4 16 111 6
1 7209 567 7 49 103 3
1 6939 447 5 25 103 9
1 7121 567 6 36 97 3
1 5502 335 1 1 114 3
1 7434 617 7 49 90 4
1 6944 447 6 36 111 2
1 6402 405 4 16 111 2
1 5747 494 1 1 101 2
1 7493 617 7 49 107 2
1 5744 494 1 1 98 4
1 7168 567 6 36 106 3
1 6435 405 3 9 110 5
1 6956 447 5 25 108 5
1 6623 467 4 16 110 2
1 5553 335 1 1 122 5
1 6730 467 6 36 121 2
1 7598 617 9 81 116 3
1 6200 671 4 16 121 2
1 6980 447 7 49 116 3
1 6605 467 4 16 108 2
1 6362 405 3 9 107 2
1 8230 672 8 64 107 2
1 6421 405 3 9 110 4
1 6881 447 5 25 105 3
1 7154 567 6 36 100 4
1 6882 447 5 25 105 3
1 6654 467 4 16 109 5
1 6653 467 4 16 109 5
1 7153 567 6 36 100 4
1 6335 405 2 4 102 2
1 7241 567 6 36 106 2
1 6407 405 3 9 111 2
1 7583 617 7 49 114 2
1 6646 467 4 16 111 3
1 7554 617 7 49 111 3
1 6400 405 3 9 111 2
1 8218 672 8 64 102 2
1 6595 467 4 16 103 6
1 6870 447 5 25 102 5
1 7137 567 5 25 98 4
1 7487 617 7 49 104 4
1 6649 467 4 16 112 2
1 6380 405 3 9 108 2
1 7477 617 7 49 106 2
1 7232 567 6 36 105 3
1 7513 617 7 49 108 2
1 8277 672 8 64 110 3
1 6151 671 2 4 111 2
1 7514 617 7 49 108 2
1 8278 672 8 64 110 3
1 8325 672 8 64 115 2
1 6724 467 4 16 118 3
1 6957 447 5 25 112 2
1 8242 672 8 64 108 2
1 7459 617 6 36 103 2
1 7458 617 6 36 103 2
1 7118 567 5 25 95 5
1 6577 467 3 9 104 2
1 5836 494 1 1 107 4
1 8253 672 8 64 109 2
1 6920 447 4 16 106 4
1 7131 567 5 25 99 2
1 6873 447 4 16 106 2
1 7223 567 5 25 103 4
1 6659 467 4 16 108 6
1 6381 405 3 9 107 3
1 8274 672 8 64 111 2
1 6874 447 4 16 106 2
1 6983 447 5 25 118 2
1 7604 617 7 49 112 7
1 6471 405 3 9 116 2
1 6727 467 4 16 118 3
1 7192 567 5 25 107 4
1 8355 672 8 64 113 7
1 6717 467 4 16 118 2
1 7564 617 7 49 110 4
1 6716 467 4 16 117 3
1 6174 671 2 4 114 2
1 6927 447 5 25 109 2
1 6825 447 4 16 94 2
1 7462 617 6 36 102 3
1 7463 617 6 36 102 3
1 6596 467 3 9 105 4
1 6597 467 3 9 105 4
1 6824 447 4 16 94 2
1 6367 405 2 4 107 2
1 5935 494 1 1 117 5
1 5934 494 1 1 114 8
1 6366 405 2 4 107 2
1 6477 405 3 9 114 5
1 7584 617 6 36 108 8
1 5928 494 1 1 117 4
1 7585 617 6 36 108 8
1 7211 567 5 25 104 2
1 6693 467 4 16 114 2
1 9117 362 10 100 112 3
1 8324 672 8 64 115 2
1 9879 545 11 121 116 2
1 6885 447 4 16 106 2
1 6460 405 3 9 115 2
1 7224 567 5 25 105 2
1 6677 467 3 9 110 5
1 5900 494 0 0 111 4
1 6972 447 4 16 110 6
1 7172 567 5 25 107 3
1 6974 447 5 25 117 2
1 6289 671 2 4 120 2
1 6203 671 2 4 112 8
1 6456 405 3 9 112 4
1 7125 567 5 25 97 3
1 7556 617 6 36 111 3
1 6942 447 4 16 109 3
1 6941 447 4 16 109 3
1 6662 467 3 9 111 3
1 8280 672 7 49 112 2
1 5932 494 1 1 117 5
1 7205 567 5 25 104 2
1 6682 467 3 9 111 3
1 6183 671 1 1 111 6
1 7565 617 6 36 113 2
1 7244 567 5 25 106 2
1 6911 447 4 16 107 3
1 6691 467 3 9 111 5
1 9108 362 9 81 111 2
1 6172 671 1 1 113 3
1 6694 467 3 9 114 2
1 8796 649 9 81 117 3
1 5910 494 0 0 112 5
1 6695 467 3 9 114 2
1 9107 362 9 81 111 2
1 7576 617 6 36 114 5
1 6464 405 2 4 115 2
1 8351 672 8 64 117 3
1 7173 567 5 25 108 2
1 6718 467 3 9 116 4
1 7255 567 5 25 111 2
1 6986 447 4 16 115 5
1 6715 467 4 16 118 2
1 7560 617 6 36 111 3
1 8811 649 9 81 122 2
1 6879 447 4 16 106 2
1 7177 567 5 25 107 3
1 8301 672 7 49 113 2
1 7526 617 6 36 109 2
1 6928 447 4 16 109 2
1 7233 567 5 25 106 2
1 7544 617 6 36 111 3
1 5925 494 0 0 115 5
1 6678 467 3 9 112 3
1 7165 567 5 25 107 2
1 6958 447 4 16 110 4
1 8362 672 7 49 113 8
1 7543 617 6 36 111 3
1 7164 567 5 25 107 2
1 6171 671 1 1 114 2
1 6670 467 4 16 111 3
1 7136 567 5 25 100 2
1 6917 447 4 16 108 2
1 6350 405 2 4 105 2
1 7214 567 5 25 103 3
1 7516 617 6 36 108 3
1 6634 467 3 9 111 2
1 6943 447 4 16 108 5
1 6925 447 4 16 108 2
1 6960 447 4 16 108 6
1 6565 467 3 9 100 2
1 5977 494 1 1 118 6
1 5916 494 1 1 112 6
1 6413 405 2 4 110 3
1 6125 671 1 1 107 4
1 6945 447 4 16 109 4
1 6123 671 1 1 109 2
1 6625 467 3 9 109 3
1 7206 567 5 25 103 3
1 6875 447 4 16 104 4
1 6664 467 4 16 112 2
1 6438 405 3 9 113 2
1 7530 617 7 49 108 4
1 7245 567 6 36 104 4
1 6387 405 3 9 106 4
1 6871 447 5 25 105 2
1 6692 467 4 16 109 7
1 6354 405 3 9 104 4
1 6883 447 4 16 103 5
1 7257 567 6 36 110 3
1 6713 467 4 16 114 4
1 6688 467 4 16 110 6
1 7143 567 5 25 98 5
1 7475 617 7 49 104 3
1 9116 362 10 100 112 3
1 6860 447 4 16 103 3
1 8762 649 9 81 112 4
1 8330 672 8 64 108 9
1 6341 405 2 4 100 5
1 8345 672 8 64 113 6
1 8346 672 8 64 113 6
1 6964 447 5 25 107 7
1 6701 467 4 16 112 5
1 6837 447 4 16 101 3
1 6163 671 2 4 109 4
1 5996 494 1 1 117 10
1 7450 617 6 36 102 2
1 6578 467 3 9 104 2
1 7109 567 5 25 94 3
1 6345 405 2 4 104 2
1 9901 545 11 121 111 9
1 8720 649 9 81 108 2
1 6627 467 4 16 106 6
1 7110 567 5 25 93 4
1 6841 447 4 16 102 2
1 9039 362 10 100 107 3
1 6088 671 1 1 101 4
1 6626 467 4 16 106 6
1 7451 617 6 36 102 2
1 7506 617 6 36 108 2
1 7242 567 5 25 105 3
1 7531 617 6 36 108 4
1 6904 447 4 16 108 2
1 6680 467 4 16 113 2
1 6905 447 4 16 108 2
1 6474 405 3 9 116 2
1 5851 494 0 0 108 4
1 6954 447 4 16 110 3
1 6689 467 4 16 113 3
1 5933 494 1 1 116 6
1 6696 467 3 9 111 5
1 6399 405 2 4 111 2
1 6161 671 1 1 108 5
1 6932 447 4 16 108 4
1 8313 672 7 49 113 2
1 7553 617 6 36 111 3
1 7161 567 5 25 105 4
1 6931 447 4 16 107 5
1 7162 567 5 25 105 4
1 6977 447 4 16 116 3
1 6671 467 3 9 113 2
1 7251 567 5 25 111 2
1 7485 617 6 36 106 2
1 8337 672 7 49 113 5
1 6703 467 3 9 113 5
1 6872 447 4 16 106 2
1 6443 405 2 4 110 5
1 7496 617 6 36 106 3
1 7144 567 5 25 101 2
1 9105 362 9 81 111 3
1 6690 467 3 9 112 4
1 7266 567 5 25 114 3
1 6880 447 4 16 106 2
1 6687 467 3 9 109 7
1 7555 617 6 36 111 3
1 8363 672 7 49 117 5
1 7170 567 4 16 108 2
1 7545 617 6 36 112 2
1 6959 447 4 16 112 2
1 7184 567 4 16 105 5
1 8340 672 6 36 115 4
1 6981 447 3 9 113 6
1 6684 467 2 4 112 4
1 7562 617 5 25 112 2
1 6575 467 2 4 99 5
1 8214 672 6 36 100 2
1 6836 447 3 9 102 2
1 7187 567 4 16 109 2
1 7597 617 5 25 112 7
1 6903 447 3 9 107 3
1 6849 447 3 9 102 3
1 7497 617 5 25 107 2
1 8219 672 6 36 107 2
1 8725 649 7 49 108 3
1 9020 362 8 64 107 2
1 7115 567 3 9 98 2
1 9814 545 9 81 111 3
1 7183 567 4 16 103 7
1 7253 567 4 16 111 2
1 6591 467 2 4 106 2
1 6832 447 2 4 101 2
1 6635 467 2 4 110 3
1 7527 617 5 25 108 3
1 8341 672 6 36 109 10
1 9861 545 9 81 109 8
1 10206 482 10 100 108 5
1 7201 567 3 9 99 6
1 6915 447 2 4 106 4
1 7550 617 5 25 110 4
1 7551 617 5 25 110 4
1 6700 467 2 4 110 7
1 7228 567 3 9 104 3
1 6966 447 3 9 111 3
1 7517 617 5 25 109 2
1 8279 672 6 36 108 5
1 9121 362 8 64 109 6
1 6857 447 2 4 103 3
1 8745 649 7 49 110 4
1 7135 567 3 9 100 2
1 9120 362 8 64 109 6
1 6611 467 1 1 105 5
1 6922 447 2 4 107 4
1 7145 567 3 9 101 2
1 6898 447 2 4 107 2
1 9888 545 9 81 112 6
1 7218 567 3 9 101 5
1 6897 447 2 4 107 2
1 6884 447 2 4 103 5
1 7196 567 3 9 100 5
1 6714 467 2 4 109 9
1 6937 447 2 4 108 4
1 6936 447 2 4 108 4
1 6645 467 2 4 112 2
1 8267 672 5 25 109 3
1 8769 649 7 49 114 4
1 7231 567 3 9 104 3
1 7174 567 3 9 108 2
1 7559 617 5 25 111 3
1 7529 617 4 16 108 4
1 6940 447 2 4 108 4
1 8334 672 6 36 115 3
1 7195 567 3 9 98 7
1 11280 444 12 144 122 3
1 8245 672 5 25 106 4
1 9756 545 8 64 104 3
1 6914 447 2 4 108 2
1 7194 567 3 9 102 3
1 8726 649 6 36 109 2
1 10561 513 11 121 111 7
1 8326 672 5 25 108 9
1 6935 447 2 4 109 3
1 8258 672 5 25 110 2
1 9102 362 7 49 110 4
1 8799 649 7 49 115 6
1 7199 567 3 9 103 2
1 6988 447 3 9 117 4
1 9061 362 7 49 108 3
1 8801 649 7 49 115 6
1 6685 467 1 1 109 7
1 7587 617 5 25 113 3
1 8238 672 5 25 104 6
1 6868 447 2 4 105 2
1 7156 567 3 9 101 3
1 6674 467 2 4 112 3
1 6838 447 2 4 102 2
1 9115 362 7 49 113 2
1 9114 362 7 49 113 2
1 8320 672 5 25 114 2
1 7181 567 3 9 107 3
1 7180 567 3 9 107 3
1 8321 672 5 25 114 2
1 6633 467 1 1 110 3
1 7515 617 4 16 109 2
1 6728 467 1 1 116 6
1 6949 447 2 4 105 8
1 8358 672 5 25 113 8
1 7481 617 4 16 107 2
1 6953 447 2 4 108 5
1 7146 567 2 4 101 3
1 7238 567 3 9 106 2
1 9023 362 7 49 106 2
1 6968 447 2 4 113 3
1 8227 672 5 25 105 2
1 10660 513 10 100 127 2
1 7227 567 3 9 104 3
1 9786 545 8 64 109 3
1 10200 482 9 81 110 2
1 8740 649 6 36 109 4
1 9037 362 7 49 106 4
1 7213 567 2 4 102 4
1 7325 567 3 9 106 4
1 8766 649 6 36 114 3
1 9085 362 7 49 110 3
1 8260 672 4 16 104 4
1 9893 545 8 64 116 3
1 8261 672 4 16 104 4
1 7465 617 3 9 105 3
1 6913 447 1 1 106 4
1 7464 617 3 9 105 3
1 7226 567 2 4 105 2
1 8778 649 6 36 113 5
1 10182 482 8 64 103 3
1 8304 672 5 25 110 5
1 7524 617 3 9 107 4
1 8733 649 6 36 110 2
1 6848 447 1 1 103 2
1 8262 672 4 16 109 3
1 6975 447 2 4 117 2
1 7127 567 2 4 97 4
1 7501 617 3 9 108 2
1 8767 649 6 36 113 4
1 9148 362 7 49 114 6
1 7167 567 2 4 106 3
1 8365 672 5 25 120 4
1 9147 362 7 49 114 6
1 8360 672 5 25 117 4
1 10315 482 9 81 119 2
1 9910 545 8 64 117 5
1 6955 447 1 1 107 6
1 7552 617 4 16 112 2
1 7182 567 2 4 105 5
1 8318 672 4 16 112 4
1 7234 567 2 4 106 2
1 7568 617 3 9 111 4
1 7549 617 3 9 109 5
1 7124 567 2 4 98 2
1 6906 447 1 1 107 3
1 8289 672 4 16 111 3
1 6918 447 1 1 104 6
1 9765 545 7 49 106 4
1 7256 567 2 4 106 7
1 7534 617 3 9 110 2
1 9764 545 7 49 106 4
1 10212 482 9 81 111 3
1 7590 617 3 9 112 4
1 6978 447 2 4 116 3
1 7159 567 2 4 104 5
1 7160 567 2 4 101 8
1 6887 447 1 1 106 2
1 8221 672 4 16 103 2
1 7533 617 3 9 109 3
1 6919 447 1 1 107 3
1 8347 672 5 25 114 6
1 7197 567 2 4 102 3
1 7171 567 3 9 104 6
1 7561 617 4 16 111 3
1 10192 482 8 64 107 2
1 8333 672 4 16 111 7
1 9780 545 7 49 109 2
1 11554 528 11 121 111 2
1 7142 567 1 1 98 4
1 7511 617 3 9 106 4
1 8297 672 4 16 108 6
1 7446 617 2 4 100 2
1 7120 567 1 1 98 2
1 7502 617 3 9 107 3
1 8271 672 4 16 111 2
1 7169 567 1 1 103 6
1 9872 545 7 49 111 6
1 10330 482 8 64 118 4
1 8735 649 5 25 110 3
1 8265 672 4 16 109 3
1 7193 567 1 1 101 10
1 9903 545 7 49 112 8
1 7129 567 1 1 97 4
1 8724 649 5 25 108 3
1 9811 545 7 49 109 5
1 8220 672 3 9 102 3
1 7440 617 2 4 99 2
1 9810 545 7 49 109 5
1 8791 649 5 25 116 3
1 7480 617 2 4 107 2
1 7216 567 1 1 101 5
1 8290 672 4 16 110 4
1 9841 545 7 49 112 4
1 9059 362 6 36 109 2
1 8457 672 4 16 112 6
1 7569 617 3 9 113 2
1 7246 567 2 4 111 2
1 8783 649 5 25 117 2
1 7682 617 3 9 118 2
1 9134 362 6 36 114 3
1 9135 362 6 36 114 3
1 7204 567 1 1 102 3
1 10196 482 8 64 110 2
1 8713 649 4 16 104 3
1 8237 672 4 16 108 2
1 7512 617 3 9 108 2
1 9025 362 5 25 106 3
1 9823 545 7 49 113 2
1 9026 362 5 25 106 3
1 7220 567 1 1 104 3
1 9010 362 5 25 103 2
1 10210 482 8 64 112 2
1 9806 545 7 49 111 3
1 10567 513 9 81 114 4
1 8732 649 4 16 110 2
1 9011 362 5 25 103 2
1 11126 444 9 81 107 2
1 8235 672 3 9 107 2
1 7262 567 2 4 115 2
1 7437 617 2 4 98 2
1 7189 567 1 1 107 4
1 9103 362 6 36 112 2
1 8353 672 4 16 114 6
1 7166 567 1 1 106 3
1 10340 482 8 64 121 3
1 8813 649 5 25 114 10
1 9860 545 7 49 112 5
1 11221 444 10 100 114 3
1 7557 617 2 4 109 5
1 10193 482 8 64 108 2
1 7455 617 2 4 102 2
1 8742 649 5 25 109 4
1 7202 567 1 1 101 4
1 8312 672 4 16 111 4
1 9825 545 7 49 112 3
1 9050 362 5 25 108 2
1 7600 617 3 9 115 4
1 8322 672 3 9 110 6
1 7190 567 1 1 108 3
1 8790 649 5 25 113 6
1 9051 362 5 25 108 2
1 10224 482 8 64 113 3
1 9826 545 7 49 112 3
1 11249 444 10 100 117 2
1 10301 482 8 64 119 2
1 8282 672 3 9 112 2
1 9132 362 6 36 115 2
1 10658 513 9 81 127 2
1 7260 567 1 1 112 2
1 9001 362 5 25 98 2
1 7486 617 2 4 106 2
1 8800 649 5 25 113 8
1 7116 567 1 1 97 3
1 8291 672 4 16 111 3
1 7456 617 2 4 102 2
1 8328 672 4 16 115 2
1 9145 362 6 36 117 2
1 8794 649 5 25 118 2
1 9144 362 6 36 117 2
1 10355 482 8 64 124 3
1 7261 567 2 4 114 3
1 9918 545 7 49 123 2
1 8352 672 4 16 114 6
1 9118 362 6 36 112 3
1 10281 482 8 64 117 3
1 8807 649 5 25 119 3
1 10253 482 8 64 116 2
1 9817 545 7 49 112 2
1 9038 362 5 25 106 4
1 11202 444 10 100 112 4
1 10529 513 9 81 112 3
1 7149 567 1 1 98 6
1 8784 649 5 25 116 3
1 9104 362 6 36 112 2
1 7528 617 2 4 108 4
1 9798 545 7 49 111 2
1 8710 649 4 16 102 3
1 8217 672 3 9 100 4
1 10517 513 8 64 108 3
1 7444 617 2 4 99 3
1 10181 482 7 49 101 2
1 11250 444 10 100 117 2
1 9005 362 5 25 100 3
1 9757 545 6 36 106 2
1 7473 617 2 4 104 3
1 9004 362 5 25 101 2
1 8718 649 4 16 107 2
1 10214 482 8 64 111 3
1 7570 617 3 9 112 3
1 8259 672 4 16 110 2
1 7258 567 2 4 111 2
1 7239 567 1 1 106 2
1 7252 567 1 1 110 3
1 7579 617 3 9 112 7
1 8273 672 3 9 110 3
1 7567 617 2 4 112 3
1 11166 444 9 81 110 3
1 9883 545 6 36 114 4
1 10289 482 8 64 118 2
1 8319 672 3 9 114 2
1 11167 444 9 81 110 3
1 9884 545 6 36 114 4
1 7588 617 2 4 114 2
1 8786 649 4 16 116 3
1 7582 617 2 4 113 2
1 8744 649 4 16 111 3
1 8292 672 3 9 111 3
1 7254 567 1 1 104 9
1 9012 362 5 25 106 2
1 7452 617 2 4 102 2
1 10259 482 8 64 116 3
1 7221 567 1 1 103 4
1 9822 545 6 36 113 2
1 8338 672 3 9 114 4
1 10337 482 8 64 121 3
1 9870 545 6 36 113 4
1 8269 672 3 9 111 2
1 7518 617 2 4 109 2
1 10570 513 8 64 114 4
1 7447 617 2 4 100 3
1 8226 672 3 9 104 3
1 11141 444 9 81 107 4
1 9781 545 6 36 108 4
1 8716 649 4 16 105 3
1 10273 482 7 49 116 3
1 9041 362 5 25 107 3
1 9782 545 6 36 108 4
1 10274 482 7 49 116 3
1 10571 513 8 64 114 4
1 9042 362 5 25 107 3
1 8233 672 3 9 106 3
1 7449 617 1 1 96 7
1 10574 513 8 64 116 3
1 8247 672 3 9 108 2
1 7593 617 2 4 108 8
1 9839 545 6 36 111 4
1 8738 649 4 16 110 3
1 8224 672 3 9 104 2
1 10215 482 7 49 112 2
1 7469 617 2 4 102 4
1 9758 545 6 36 104 4
1 9006 362 5 25 102 3
1 8728 649 4 16 109 3
1 7681 617 2 4 117 3
1 9084 362 5 25 109 4
1 10191 482 7 49 108 2
1 11168 444 9 81 111 2
1 10546 513 8 64 115 2
1 8737 649 4 16 107 6
1 11518 528 10 100 107 2
1 9767 545 6 36 107 3
1 9885 545 6 36 116 2
1 10290 482 7 49 118 2
1 9029 362 5 25 107 2
1 8342 672 3 9 116 3
1 8760 649 4 16 112 3
1 9816 545 6 36 112 2
1 8756 649 4 16 112 3
1 8315 672 3 9 114 2
1 7483 617 2 4 104 4
1 9760 545 6 36 105 3
1 8241 672 3 9 107 3
1 10348 482 7 49 116 8
1 11207 444 9 81 114 2
1 10227 482 7 49 114 2
1 7563 617 2 4 108 6
1 10576 513 8 64 117 2
1 9862 545 6 36 113 4
1 7470 617 2 4 103 3
1 9141 362 5 25 109 8
1 9140 362 5 25 109 8
1 9834 545 6 36 113 2
1 10560 513 8 64 115 3
1 9106 362 5 25 112 2
1 7519 617 1 1 104 7
1 9110 362 5 25 110 4
1 10582 513 8 64 117 2
1 9837 545 6 36 112 3
1 10232 482 7 49 114 2
1 11153 444 9 81 109 3
1 8717 649 4 16 107 2
1 8244 672 3 9 107 3
1 7578 617 2 4 110 9
1 8339 672 3 9 115 3
1 9097 362 5 25 112 2
1 9889 545 6 36 115 4
1 7500 617 1 1 106 4
1 9083 362 5 25 111 2
1 7580 617 2 4 113 3
1 8236 672 2 4 107 2
1 7491 617 1 1 105 4
1 8232 672 3 9 107 2
1 8789 649 4 16 115 4
1 9779 545 6 36 109 2
1 9022 362 5 25 107 2
1 9127 362 5 25 115 2
1 9128 362 5 25 115 2
1 8803 649 4 16 115 6
1 10341 482 7 49 121 3
1 9915 545 6 36 121 2
1 9914 545 6 36 121 2
1 8307 672 3 9 111 4
1 9031 362 5 25 107 2
1 10209 482 7 49 111 2
1 8754 649 4 16 113 2
1 11192 444 9 81 112 3
1 8281 672 3 9 111 3
1 9079 362 5 25 110 2
1 7522 617 1 1 107 4
1 11226 444 9 81 113 4
1 9073 362 5 25 110 2
1 9877 545 6 36 116 2
1 7577 617 2 4 113 6
1 9072 362 5 25 110 2
1 8283 672 3 9 112 2
1 8350 672 3 9 113 7
1 8734 649 4 16 110 3
1 7571 617 2 4 110 5
1 11164 444 9 81 111 2
1 10228 482 7 49 114 2
1 9801 545 6 36 111 2
1 9040 362 5 25 108 2
1 7521 617 1 1 109 2
1 7247 567 0 0 106 7
1 9802 545 6 36 111 2
1 11183 444 9 81 113 2
1 8327 672 3 9 114 3
1 8764 649 4 16 113 4
1 10607 513 8 64 120 2
1 11200 444 9 81 114 2
1 8750 649 4 16 113 2
1 9897 545 6 36 118 2
1 10309 482 7 49 119 2
1 10308 482 7 49 119 2
1 8753 649 4 16 113 2
1 10622 513 8 64 121 2
1 11594 528 10 100 114 2
1 11223 444 9 81 115 2
1 8276 672 3 9 111 2
1 9919 545 6 36 118 7
1 9087 362 5 25 111 2
1 10343 482 7 49 122 2
1 10636 513 8 64 122 2
1 9071 362 5 25 109 3
1 9832 545 6 36 113 2
1 11215 444 9 81 115 2
1 9831 545 6 36 113 2
1 10262 482 7 49 117 2
1 7595 617 2 4 114 5
1 11216 444 9 81 115 2
1 8293 672 3 9 111 3
1 8805 649 4 16 118 4
1 10664 513 8 64 128 2
1 9916 545 6 36 120 3
1 8804 649 4 16 118 4
1 9917 545 6 36 120 3
1 10663 513 8 64 128 2
1 9143 362 5 25 117 2
1 10354 482 7 49 123 2
1 9920 545 6 36 125 3
1 9155 362 5 25 119 2
1 10662 513 8 64 128 2
1 9921 545 6 36 125 3
1 8812 649 4 16 122 2
1 9156 362 5 25 119 2
1 8349 672 3 9 115 5
1 11279 444 9 81 121 4
1 11633 528 10 100 122 5
1 9878 545 6 36 116 2
1 7558 617 1 1 110 4
1 10331 482 7 49 120 2
1 10332 482 7 49 120 2
1 10655 513 8 64 124 2
1 8782 649 4 16 117 2
1 8248 672 2 4 107 4
1 8308 672 3 9 111 4
1 7596 617 1 1 111 8
1 8453 672 3 9 116 8
1 9900 545 6 36 117 3
1 9119 362 5 25 113 2
1 10352 482 7 49 121 3
1 8451 672 3 9 119 3
1 8808 649 4 16 117 5
1 7591 617 2 4 113 3
1 9152 362 5 25 111 9
1 9790 545 6 36 110 2
1 10597 513 8 64 119 2
1 8721 649 3 9 107 3
1 10255 482 7 49 116 2
1 7601 617 1 1 115 4
1 7523 617 1 1 105 6
1 9804 545 5 25 111 2
1 11597 528 9 81 111 5
1 8727 649 3 9 108 4
1 9052 362 5 25 107 4
1 8306 672 3 9 113 2
1 8715 649 4 16 106 2
1 8714 649 3 9 105 3
1 9763 545 5 25 107 3
1 10183 482 6 36 105 2
1 8759 649 3 9 113 2
1 8332 672 2 4 108 10
1 9820 545 5 25 112 2
1 10184 482 6 36 117 2
1 10651 513 7 49 121 5
1 9139 362 4 16 115 2
1 11634 528 9 81 123 4
1 9866 545 5 25 114 3
1 8775 649 3 9 113 5
1 10312 482 6 36 119 2
1 8249 672 2 4 109 2
1 9797 545 5 25 111 2
1 9014 362 4 16 106 2
1 8792 649 3 9 115 4
1 8246 672 2 4 107 3
1 10604 513 7 49 119 2
1 8250 672 2 4 107 4
1 10247 482 6 36 116 2
1 9791 545 5 25 110 2
1 11197 444 8 64 113 3
1 9016 362 4 16 107 2
1 10246 482 6 36 116 2
1 8755 649 3 9 113 2
1 9076 362 4 16 110 2
1 9775 545 5 25 109 2
1 8729 649 3 9 110 2
1 10275 482 6 36 114 5
1 8288 672 2 4 109 5
1 8746 649 3 9 109 5
1 11236 444 8 64 116 2
1 10294 482 6 36 118 2
1 11580 528 9 81 114 2
1 9836 545 5 25 113 2
1 9074 362 4 16 110 2
1 10590 513 7 49 118 2
1 9099 362 4 16 112 2
1 11531 528 9 81 109 2
1 9776 545 5 25 109 2
1 10222 482 6 36 118 2
1 10587 513 7 49 118 2
1 11242 444 8 64 115 3
1 10243 482 6 36 115 3
1 9030 362 4 16 107 2
1 8739 649 3 9 109 4
1 9800 545 5 25 111 2
1 8309 672 2 4 107 8
1 10584 513 7 49 117 2
1 8348 672 2 4 117 2
1 10596 513 7 49 119 2
1 9840 545 5 25 114 2
1 8257 672 2 4 109 3
1 9018 362 4 16 107 2
1 8765 649 3 9 114 3
1 10303 482 6 36 118 3
1 8357 672 2 4 119 2
1 8317 672 2 4 113 3
1 10661 513 7 49 128 2
1 10345 482 6 36 122 2
1 11626 528 9 81 120 2
1 9067 362 4 16 110 2
1 8314 672 2 4 114 2
1 9824 545 5 25 113 2
1 9043 362 4 16 108 2
1 8781 649 3 9 116 3
1 10601 513 7 49 118 3
1 9829 545 5 25 113 2
1 9015 362 3 9 106 2
1 10602 513 7 49 118 3
1 8240 672 1 1 108 2
1 8731 649 2 4 109 3
1 11543 528 9 81 109 3
1 8294 672 2 4 110 4
1 10185 482 6 36 109 2
1 9769 545 5 25 108 2
1 9164 362 4 16 122 3
1 11193 444 8 64 112 4
1 8711 649 2 4 101 4
1 9088 362 4 16 111 2
1 8757 649 3 9 112 3
1 9146 362 4 16 115 5
1 9907 545 5 25 116 5
1 10296 482 6 36 118 2
1 8263 672 2 4 106 6
1 9024 362 4 16 107 2
1 10180 482 5 25 92 6
1 9808 545 5 25 112 2
1 10515 513 6 36 98 2
1 11537 528 9 81 109 2
1 9807 545 5 25 112 2
1 8743 649 3 9 110 3
1 9881 545 5 25 116 2
1 9882 545 5 25 116 2
1 8736 649 3 9 110 3
1 10342 482 6 36 118 6
1 9069 362 4 16 110 2
1 9891 545 5 25 117 2
1 10310 482 6 36 119 2
1 8776 649 3 9 113 5
1 9785 545 5 25 110 2
1 9077 362 4 16 109 3
1 10234 482 6 36 114 2
1 8275 672 2 4 111 2
1 9124 362 4 16 112 4
1 9845 545 5 25 114 2
1 10230 482 6 36 113 3
1 9034 362 4 16 107 2
1 8747 649 3 9 110 4
1 10229 482 6 36 113 3
1 11174 444 8 64 111 2
1 8256 672 2 4 109 3
1 9035 362 4 16 107 2
1 11175 444 8 64 111 2
1 9859 545 5 25 113 3
1 9063 362 4 16 109 2
1 9858 545 5 25 113 3
1 8772 649 3 9 114 4
1 9007 362 4 16 106 2
1 11125 444 8 64 107 2
1 8795 649 3 9 112 8
1 9890 545 5 25 116 3
1 10238 482 6 36 115 2
1 11588 528 9 81 114 2
1 10245 482 6 36 116 2
1 8741 649 3 9 108 5
1 10295 482 6 36 117 3
1 10647 513 7 49 122 4
1 11253 444 8 64 116 3
1 8272 672 1 1 107 6
1 9109 362 4 16 112 2
1 10305 482 6 36 119 2
1 8809 649 3 9 113 9
1 9849 545 5 25 113 3
1 11189 444 8 64 113 2
1 9082 362 3 9 109 4
1 9857 545 4 16 112 4
1 9081 362 3 9 109 4
1 9856 545 4 16 112 4
1 8722 649 2 4 108 3
1 9771 545 4 16 107 4
1 11114 444 7 49 98 5
1 10217 482 5 25 113 2
1 11513 528 8 64 106 2
1 9049 362 3 9 108 3
1 9048 362 3 9 108 3
1 10242 482 5 25 116 2
1 9046 362 3 9 108 2
1 9892 545 4 16 117 2
1 8239 672 1 1 108 2
1 8771 649 2 4 114 4
1 9045 362 3 9 108 2
1 10198 482 6 36 108 4
1 11622 528 9 81 115 5
1 8802 649 2 4 118 3
1 9803 545 4 16 111 2
1 8752 649 2 4 111 4
1 9078 362 3 9 108 4
1 10287 482 5 25 115 5
1 11275 444 7 49 121 3
1 9869 545 4 16 115 2
1 9047 362 3 9 109 2
1 10638 513 6 36 122 2
1 9008 362 3 9 104 3
1 10572 513 6 36 117 2
1 10190 482 5 25 107 2
1 9809 545 4 16 112 2
1 10220 482 5 25 114 2
1 9112 362 3 9 113 2
1 10594 513 6 36 118 2
1 10235 482 5 25 115 2
1 10558 513 6 36 115 2
1 9835 545 4 16 113 2
1 11209 444 7 49 113 3
1 8798 649 2 4 116 4
1 11208 444 7 49 113 3
1 10237 482 5 25 114 3
1 11602 528 8 64 116 2
1 11228 444 7 49 115 2
1 8777 649 2 4 113 5
1 10625 513 6 36 119 4
1 9060 362 3 9 109 2
1 9089 362 2 4 111 2
1 11268 444 7 49 119 2
1 9056 362 2 4 107 4
1 11565 528 8 64 111 3
1 9855 545 4 16 113 3
1 10194 482 4 16 109 2
1 9055 362 2 4 107 4
1 9854 545 4 16 113 3
1 8806 649 2 4 114 8
1 10297 482 5 25 118 2
1 9161 362 3 9 123 2
1 9122 362 3 9 114 2
1 9904 545 4 16 119 2
1 9851 545 4 16 114 2
1 10556 513 6 36 115 2
1 11211 444 7 49 112 4
1 10203 482 4 16 111 2
1 9013 362 2 4 105 3
1 11212 444 7 49 112 4
1 11578 528 7 49 111 4
1 11579 528 7 49 111 4
1 10557 513 6 36 115 2
1 9852 545 4 16 114 2
1 10633 513 6 36 120 4
1 10347 482 5 25 118 6
1 11587 528 8 64 113 3
1 9871 545 4 16 115 2
1 9137 362 3 9 111 6
1 10272 482 5 25 111 8
1 9842 545 4 16 114 2
1 9068 362 3 9 108 4
1 10614 513 6 36 120 2
1 11263 444 7 49 118 3
1 9166 362 3 9 118 2
1 10542 513 5 25 114 2
1 9062 362 2 4 107 4
1 11184 444 6 36 112 3
1 10208 482 4 16 111 2
1 11185 444 6 36 112 3
1 10628 513 5 25 122 2
1 11592 528 7 49 112 2
1 9028 362 1 1 104 5
1 11251 444 6 36 117 2
1 10240 482 4 16 112 5
1 10239 482 4 16 112 5
1 9753 545 2 4 103 2
1 9064 362 2 4 108 3
1 10566 513 5 25 114 3
1 11191 444 6 36 112 3
1 9784 545 2 4 109 3
1 11559 528 7 49 111 2
1 10552 513 5 25 115 2
1 10211 482 4 16 112 2
1 9092 362 1 1 109 5
1 10335 482 4 16 122 2
1 9093 362 1 1 111 3
1 10179 482 3 9 95 3
1 9761 545 2 4 108 2
1 9036 362 1 1 107 3
1 10632 513 5 25 122 2
1 11596 528 7 49 114 3
1 9896 545 3 9 117 3
1 10338 482 4 16 122 2
1 9895 545 3 9 117 3
1 9149 362 2 4 115 5
1 9066 362 1 1 110 2
1 11233 444 6 36 115 3
1 10586 513 5 25 116 4
1 9805 545 2 4 111 2
1 11232 444 6 36 115 3
1 10270 482 4 16 115 4
1 10269 482 4 16 115 4
1 11577 528 6 36 113 2
1 10280 482 3 9 114 5
1 10617 513 4 16 112 10
1 11131 444 5 25 107 2
1 11510 528 6 36 103 3
1 10197 482 3 9 110 2
1 9766 545 2 4 106 4
1 9003 362 0 0 98 5
1 10530 513 4 16 112 2
1 10547 513 4 16 114 3
1 11526 528 6 36 107 3
1 11195 444 5 25 113 3
1 10213 482 3 9 112 2
1 10218 482 3 9 113 2
1 9759 545 2 4 105 3
1 10219 482 3 9 113 2
1 9815 545 2 4 111 3
1 10581 513 4 16 116 3
1 11254 444 5 25 113 6
1 10226 482 3 9 115 2
1 9065 362 1 1 107 5
1 10540 513 4 16 114 2
1 11145 444 5 25 108 3
1 9755 545 1 1 104 3
1 11144 444 5 25 108 3
1 11239 444 5 25 115 3
1 11527 528 6 36 108 2
1 10264 482 3 9 116 3
1 9130 362 1 1 110 7
1 11528 528 6 36 108 2
1 9864 545 2 4 110 7
1 10525 513 4 16 112 2
1 11532 528 6 36 108 3
1 10186 482 2 4 104 3
1 10620 513 4 16 121 2
1 9813 545 2 4 110 4
1 10524 513 4 16 110 4
1 10189 482 2 4 106 2
1 11509 528 5 25 102 2
1 9032 362 0 0 105 4
1 9787 545 2 4 110 2
1 10221 482 3 9 114 2
1 9057 362 0 0 108 3
1 11154 444 5 25 110 2
1 11546 528 6 36 108 4
1 10199 482 3 9 109 3
1 10263 482 3 9 114 5
1 11130 444 4 16 107 2
1 10518 513 4 16 110 3
1 9129 362 1 1 111 6
1 11190 444 5 25 112 3
1 10537 513 4 16 114 2
1 9886 545 2 4 112 6
1 10324 482 3 9 117 5
1 10630 513 4 16 122 2
1 9880 545 2 4 113 5
1 11533 528 6 36 109 2
1 9158 362 1 1 113 8
1 10288 482 3 9 117 3
1 11548 528 5 25 110 2
1 9053 362 0 0 107 4
1 10598 513 4 16 119 2
1 11187 444 5 25 112 3
1 9867 545 2 4 114 3
1 9002 362 0 0 95 6
1 10223 482 3 9 114 2
1 11552 528 6 36 110 2
1 10579 513 4 16 114 5
1 11557 528 6 36 110 2
1 11205 444 5 25 112 4
1 11595 528 6 36 113 4
1 10569 513 4 16 117 2
1 10231 482 3 9 113 3
1 11210 444 5 25 111 6
1 10532 513 4 16 112 2
1 10285 482 3 9 115 5
1 11143 444 4 16 109 2
1 9783 545 1 1 110 2
1 11522 528 5 25 108 2
1 11180 444 5 25 110 3
1 10251 482 3 9 116 2
1 9850 545 1 1 110 6
1 11521 528 6 36 118 2
1 9100 362 0 0 108 6
1 9098 362 0 0 109 5
1 10351 482 3 9 122 2
1 9111 362 0 0 106 8
1 11571 528 5 25 112 2
1 9873 545 1 1 114 3
1 10519 513 3 9 116 2
1 9163 362 1 1 119 6
1 9913 545 2 4 119 3
1 10599 513 4 16 119 2
1 10591 513 4 16 118 2
1 9167 362 0 0 111 9
1 11204 444 4 16 112 4
1 9768 545 1 1 107 3
1 10252 482 3 9 115 3
1 10261 482 3 9 116 3
1 9762 545 1 1 106 4
1 11134 444 4 16 106 4
1 11581 528 6 36 114 2
1 10282 482 3 9 116 4
1 9159 362 1 1 117 4
1 9136 362 0 0 114 3
1 10291 482 2 4 116 4
1 11572 528 5 25 113 2
1 9789 545 1 1 109 3
1 11520 528 5 25 108 2
1 11120 444 4 16 106 2
1 10554 513 4 16 115 2
1 10205 482 2 4 111 2
1 10551 513 4 16 114 3
1 11128 444 4 16 107 2
1 10641 513 4 16 123 3
1 11258 444 5 25 117 3
1 10316 482 3 9 118 3
1 11607 528 5 25 115 3
1 10304 482 3 9 119 2
1 11600 528 5 25 114 3
1 11277 444 5 25 122 2
1 11157 444 4 16 109 3
1 11156 444 4 16 109 3
1 11599 528 5 25 112 4
1 10298 482 2 4 118 2
1 11598 528 5 25 112 4
1 10321 482 2 4 118 4
1 9902 545 1 1 116 5
1 11244 444 4 16 116 2
1 11603 528 5 25 113 5
1 10311 482 2 4 114 7
1 10300 482 2 4 114 7
1 11238 444 4 16 116 2
1 10613 513 3 9 120 2
1 10346 482 2 4 122 2
1 11606 528 5 25 115 3
1 10612 513 3 9 117 5
1 11234 444 4 16 116 2
1 11573 528 5 25 113 2
1 10299 482 2 4 116 5
1 11217 444 4 16 115 2
1 11237 444 4 16 114 4
1 10649 513 3 9 121 5
1 11615 528 5 25 114 5
1 11260 444 4 16 118 3
1 11561 528 5 25 112 2
1 10344 482 2 4 122 2
1 11618 528 5 25 118 2
1 10645 513 3 9 123 3
1 11116 444 3 9 98 5
1 10323 482 2 4 118 4
1 11625 528 5 25 116 6
1 10618 513 3 9 120 2
1 11243 444 4 16 116 2
1 11542 528 4 16 109 3
1 11194 444 4 16 114 2
1 10550 513 3 9 115 2
1 10521 513 3 9 111 2
1 10236 482 2 4 114 3
1 11519 528 4 16 106 3
1 10256 482 2 4 113 5
1 10580 513 3 9 116 3
1 11553 528 4 16 111 2
1 11198 444 4 16 112 4
1 11199 444 4 16 112 4
1 11529 528 4 16 109 2
1 10583 513 3 9 116 3
1 11516 528 4 16 106 3
1 10563 513 2 4 115 3
1 11155 444 4 16 109 3
1 10610 513 3 9 120 2
1 10266 482 2 4 116 3
1 10207 482 1 1 108 5
1 11536 528 5 25 109 2
1 10528 513 3 9 112 2
1 11186 444 4 16 111 4
1 11188 444 4 16 112 3
1 11584 528 5 25 114 2
1 10621 513 3 9 121 2
1 10336 482 2 4 121 3
1 11539 528 4 16 109 2
1 11201 444 4 16 112 4
1 10278 482 2 4 116 3
1 11582 528 5 25 113 3
1 11265 444 4 16 116 5
1 10589 513 3 9 117 3
1 11540 528 5 25 123 4
1 11591 528 5 25 115 2
1 10244 482 1 1 114 4
1 11171 444 3 9 111 2
1 11541 528 4 16 110 2
1 10549 513 2 4 114 3
1 11115 444 2 4 97 6
1 10520 513 2 4 109 3
1 11218 444 3 9 113 4
1 11530 528 4 16 109 2
1 10653 513 2 4 124 2
1 11272 444 3 9 119 3
1 11165 444 3 9 111 2
1 11515 528 3 9 106 3
1 10616 513 2 4 118 4
1 11628 528 4 16 120 2
1 11270 444 3 9 117 5
1 11150 444 3 9 110 2
1 10588 513 2 4 117 3
1 11259 444 3 9 116 4
1 11631 528 4 16 121 6
1 11148 444 2 4 109 3
1 11612 528 4 16 114 5
1 10595 513 2 4 117 3
1 11611 528 4 16 114 5
1 11574 528 4 16 112 3
1 11203 444 3 9 114 2
1 10577 513 2 4 115 3
1 11534 528 3 9 108 3
1 11590 528 4 16 115 2
1 11176 444 2 4 111 2
1 11149 444 2 4 109 3
1 11583 528 4 16 114 2
1 10699 513 2 4 121 2
1 11271 444 3 9 119 3
1 11240 444 3 9 116 2
1 11614 528 4 16 115 4
1 10654 513 2 4 122 4
1 10615 513 2 4 118 4
1 11118 444 2 4 104 3
1 11512 528 3 9 105 3
1 11523 528 3 9 108 2
1 11170 444 2 4 110 3
1 11261 444 3 9 116 5
1 10648 513 2 4 122 4
1 11139 444 2 4 106 5
1 11544 528 3 9 110 2
1 11257 444 2 4 111 9
1 11560 528 3 9 111 2
1 11213 444 2 4 113 4
1 11627 528 3 9 118 4
1 11567 528 3 9 112 2
1 11535 528 2 4 108 3
1 11550 528 2 4 110 2
1 11214 444 2 4 113 4
1 11566 528 2 4 112 3
1 11605 528 2 4 109 9
1 11255 444 1 1 113 7
1 11549 528 2 4 108 4
1 11151 444 1 1 107 5
1 11601 528 2 4 110 7
1 11613 528 2 4 114 5
1 11562 528 2 4 111 3
1 11179 444 1 1 110 3
1 11568 528 2 4 112 2
1 11556 528 2 4 109 4
1 11558 528 2 4 110 3
1 11563 528 2 4 110 4
1 11273 444 1 1 117 5
1 11585 528 1 1 112 4
1 11593 528 1 1 111 6
