1 1739 2 0
1 2706 1 0
1 2121 2 0
1 1779 1 1
1 1780 2 1
1 1664 1 0
1 2464 1 0
1 1665 1 0
1 2372 2 0
1 2823 1 1
1 2824 1 1
1 2099 2 0
1 2421 1 1
1 2420 1 1
1 2617 1 0
1 3064 1 0
1 1632 1 0
1 2530 2 0
1 1647 1 0
1 1801 2 1
1 2431 1 0
1 2105 1 0
1 2362 1 0
1 2111 2 0
1 2466 1 1
1 1760 2 0
1 2467 1 1
1 2242 2 0
1 2649 2 0
1 2474 1 0
1 2106 2 0
1 2297 2 0
1 1623 1 0
1 3077 1 0
1 2174 1 0
1 2872 2 0
1 2645 2 0
1 2626 1 1
1 2486 1 0
1 2627 1 1
1 2843 1 0
1 2098 2 0
1 2170 1 0
1 3120 1 0
1 2523 1 0
1 2927 1 1
1 2169 1 0
1 2926 1 1
1 2637 1 0
1 2171 1 0
1 1605 1 0
1 1792 1 1
1 1793 1 1
1 2696 2 0
1 2461 1 1
1 2132 2 1
1 2462 1 1
1 2482 2 1
1 2481 2 1
1 2034 2 0
1 2620 1 0
1 2435 2 0
1 2245 1 0
1 2800 1 0
1 2176 1 0
1 2444 2 0
1 2410 2 0
1 2701 2 0
1 2123 2 0
1 2619 2 0
1 2893 1 1
1 2894 2 1
1 3134 1 0
1 1749 2 0
1 2165 1 0
1 3104 1 0
1 2260 1 0
1 2661 2 0
1 2096 2 0
1 2670 2 1
1 2671 1 1
1 2809 1 1
1 2808 2 1
1 2525 2 0
1 3507 2 0
1 2489 1 0
1 2650 2 0
1 3053 1 0
1 2146 1 0
1 3010 2 0
1 1635 1 1
1 2632 1 1
1 2856 2 0
1 2460 1 0
1 2624 2 1
1 2861 1 0
1 3047 1 0
1 2164 1 1
1 2278 1 0
1 2498 1 0
1 2898 1 1
1 2120 1 0
1 2899 1 1
1 2503 2 0
1 3004 1 0
1 2415 2 0
1 2840 2 1
1 3070 1 0
1 2839 1 1
1 2633 2 0
1 2128 1 0
1 2664 1 0
1 2916 1 1
1 2917 2 1
1 2291 1 1
1 2290 2 1
1 1784 1 0
1 1817 1 0
1 3086 1 1
1 2518 1 0
1 3272 1 0
1 2295 1 0
1 3087 2 1
1 3735 2 0
1 2929 2 0
1 2504 1 0
1 2698 1 0
1 2888 2 1
1 3108 2 0
1 2889 1 1
1 2177 1 0
1 2644 1 0
1 2837 1 0
1 2252 1 0
1 2657 1 0
1 3084 2 0
1 2877 1 1
1 2520 2 0
1 2876 2 1
1 3795 2 0
1 3037 2 0
1 3253 2 1
1 2688 1 1
1 2842 1 0
1 2469 2 1
1 3254 1 1
1 2468 2 1
1 3418 2 1
1 2628 2 1
1 3081 2 0
1 2892 1 0
1 2463 1 0
1 2648 2 0
1 3257 2 0
1 2901 1 0
1 3767 2 0
1 2248 1 0
1 3230 2 0
1 2827 2 1
1 3016 2 0
1 3667 1 1
1 2459 2 0
1 2828 2 1
1 2614 2 0
1 3666 2 1
1 3046 2 1
1 2878 2 0
1 3045 2 1
1 2483 1 1
1 2344 2 0
1 2484 1 1
1 3111 1 0
1 2703 1 1
1 2509 2 1
1 2508 1 1
1 3063 2 0
1 2884 2 1
1 2883 1 1
1 3083 1 0
1 2665 2 0
1 2845 1 1
1 2844 1 1
1 2437 1 1
1 2656 1 0
1 2436 1 1
1 3014 1 0
1 3113 2 0
1 2935 2 0
1 3485 1 0
1 2515 1 0
1 2214 1 0
1 2406 2 0
1 2341 1 0
1 4072 2 0
1 3270 2 0
1 3123 1 0
1 2533 1 0
1 2920 2 1
1 3777 1 0
1 3093 1 1
1 2678 2 1
1 2359 1 1
1 2285 2 1
1 3094 2 1
1 2921 1 1
1 3271 2 0
1 3526 1 1
1 2501 2 1
1 2500 2 1
1 2700 2 1
1 3112 2 0
1 3794 2 0
1 2910 2 0
1 2516 2 0
1 4044 2 0
1 2655 2 0
1 2379 1 0
1 2896 1 1
1 2616 2 0
1 3098 1 1
1 2897 1 1
1 3099 2 1
1 2643 1 0
1 3106 2 1
1 3107 2 1
1 2373 1 0
1 2641 1 0
1 2473 1 1
1 2108 1 0
1 2472 2 1
1 3105 1 1
1 2859 1 1
1 3274 1 0
1 3490 1 0
1 2831 1 0
1 3101 1 0
1 2662 2 0
1 2440 2 1
1 2441 1 1
1 2857 2 1
1 2858 2 1
1 3054 1 0
1 2256 2 0
1 3067 2 0
1 3637 2 0
1 2517 2 0
1 2244 2 0
1 4259 1 0
1 3402 1 0
1 2699 1 0
1 2432 2 0
1 3880 1 0
1 3220 1 0
1 3017 1 0
1 2830 1 0
1 2308 1 0
1 2886 2 1
1 4028 1 1
1 3501 2 0
1 2887 1 1
1 3085 1 0
1 2280 2 0
1 3275 1 0
1 2522 2 1
1 2685 2 1
1 3096 1 1
1 3095 2 1
1 3276 1 1
1 2695 1 1
1 3939 2 1
1 3499 2 1
1 3277 2 1
1 3765 2 1
1 3764 1 1
1 3940 2 1
1 2539 2 1
1 3500 1 1
1 2631 1 0
1 2895 1 0
1 2477 2 0
1 3719 2 0
1 2371 1 0
1 3071 2 0
1 3260 1 0
1 2945 2 0
1 2246 2 0
1 3930 1 0
1 2668 1 0
1 3770 2 0
1 2304 2 0
1 2327 1 0
1 2571 1 0
1 2425 1 0
1 2428 2 1
1 3440 1 0
1 3212 2 1
1 3109 2 0
1 2610 1 0
1 2427 1 1
1 3900 2 1
1 3211 2 1
1 2811 2 0
1 3899 1 1
1 3677 1 0
1 2514 2 0
1 3213 1 0
1 3905 1 0
1 2422 2 0
1 3250 1 0
1 3038 1 0
1 2822 2 0
1 3460 2 1
1 3461 2 1
1 2805 2 1
1 2806 1 1
1 2697 1 1
1 2623 1 1
1 3026 2 0
1 2416 1 0
1 2268 1 0
1 3031 1 0
1 2873 1 0
1 2663 1 0
1 3443 1 0
1 3992 2 0
1 3221 1 0
1 3721 1 0
1 2674 2 0
1 2476 1 0
1 2880 2 0
1 3061 2 0
1 3759 1 0
1 2299 1 0
1 2868 1 0
1 3034 2 0
1 3476 1 1
1 2667 2 0
1 3712 2 0
1 3285 2 0
1 2301 2 0
1 2604 2 0
1 2457 1 0
1 3486 2 0
1 3225 2 0
1 2818 2 0
1 3030 2 0
1 2521 2 0
1 2287 2 0
1 3201 1 0
1 2414 1 0
1 3636 1 0
1 3401 2 0
1 3002 1 0
1 2796 2 0
1 3245 1 0
1 2885 1 0
1 2480 1 0
1 3042 2 0
1 2276 2 0
1 3749 2 0
1 2669 2 0
1 2456 1 0
1 3226 1 0
1 3726 1 1
1 3458 1 1
1 3459 2 1
1 3727 1 1
1 2816 2 0
1 2867 1 1
1 4056 2 1
1 2866 1 1
1 2493 2 0
1 4055 2 1
1 3522 1 0
1 2368 1 0
1 4034 2 0
1 3229 1 0
1 2529 1 0
1 3110 1 0
1 3728 1 0
1 4471 2 0
1 4261 1 1
1 4260 2 1
1 2846 1 0
1 3723 2 0
1 3058 1 0
1 3263 1 0
1 2408 1 0
1 4175 2 0
1 3426 2 0
1 5072 2 0
1 2911 2 0
1 3635 2 0
1 3208 2 0
1 3009 1 0
1 3921 2 0
1 2511 2 0
1 2863 2 0
1 3658 2 0
1 3419 2 0
1 2801 2 0
1 3237 1 1
1 2621 2 0
1 3927 1 0
1 3027 1 0
1 3655 2 1
1 4348 2 1
1 3433 1 1
1 4347 1 1
1 2613 2 0
1 2836 1 1
1 3242 1 1
1 3973 1 1
1 3241 1 1
1 4177 2 0
1 3972 2 1
1 3050 1 1
1 2526 1 0
1 2835 1 1
1 3656 2 1
1 3432 1 1
1 2478 1 0
1 2475 1 0
1 3955 1 0
1 3437 1 0
1 2458 2 0
1 2906 1 0
1 3125 2 0
1 4035 2 0
1 3732 2 0
1 2446 2 0
1 3127 1 0
1 2934 2 0
1 4045 2 0
1 3762 1 0
1 3273 1 0
1 2675 2 0
1 2524 1 0
1 2527 1 0
1 2849 1 1
1 4403 2 1
1 4402 1 1
1 3202 1 0
1 3065 1 1
1 4023 1 1
1 3669 1 1
1 3066 1 1
1 4176 2 0
1 2607 1 0
1 2848 2 1
1 3670 2 1
1 4022 2 1
1 3115 2 1
1 2903 1 0
1 3114 1 1
1 3200 2 0
1 2455 1 0
1 3022 1 0
1 3970 2 0
1 3075 2 0
1 3279 1 0
1 2855 1 0
1 2941 1 0
1 2834 1 0
1 3746 2 0
1 3255 1 0
1 3917 2 1
1 3020 1 0
1 3918 1 1
1 2881 1 0
1 3044 1 1
1 2713 2 0
1 3780 2 1
1 3779 1 1
1 2928 2 0
1 3011 1 0
1 3060 1 0
1 2907 2 0
1 3244 1 0
1 2798 2 1
1 3005 2 0
1 3206 1 0
1 3761 1 0
1 2438 2 0
1 4032 1 0
1 3238 2 0
1 3028 2 0
1 3416 1 0
1 3663 1 0
1 3025 2 0
1 4019 2 0
1 3424 2 0
1 3215 2 0
1 3012 1 0
1 2635 2 0
1 2807 1 0
1 3672 2 0
1 2434 2 0
1 3199 1 0
1 3436 2 0
1 2804 1 0
1 4374 2 0
1 3013 2 0
1 2640 1 0
1 3665 2 0
1 2962 2 0
1 3021 2 0
1 3266 2 1
1 3645 2 0
1 3265 1 1
1 3713 1 1
1 3714 2 1
1 2851 2 0
1 3078 2 1
1 2502 2 0
1 3469 1 0
1 2870 1 1
1 2869 2 1
1 3715 2 0
1 3041 2 0
1 3931 2 0
1 3258 1 0
1 3227 2 1
1 3074 2 1
1 2510 1 0
1 2864 2 0
1 3246 2 0
1 3768 2 0
1 3076 1 0
1 3975 1 0
1 2608 1 0
1 3248 1 0
1 3423 2 0
1 4200 2 0
1 2860 1 0
1 3730 1 0
1 3292 2 0
1 3056 1 1
1 3438 1 0
1 2902 2 1
1 4040 2 0
1 4454 1 0
1 5734 2 0
1 2963 1 0
1 5126 1 0
1 3116 1 0
1 3738 1 0
1 5531 1 0
1 3280 1 0
1 4054 2 0
1 4150 2 0
1 4342 1 0
1 2795 2 0
1 3092 2 0
1 3642 2 0
1 3203 1 0
1 3509 2 0
1 3687 2 1
1 3240 2 0
1 3686 2 1
1 2817 2 0
1 3029 1 0
1 3001 2 0
1 2792 1 0
1 3284 2 0
1 3269 1 1
1 3503 2 1
1 3502 2 1
1 3895 2 1
1 3059 1 0
1 3268 1 1
1 3894 1 1
1 3008 1 0
1 2794 1 0
1 3293 1 0
1 3776 1 1
1 3538 1 0
1 3082 1 0
1 3775 2 1
1 2922 1 0
1 3685 1 0
1 3924 2 0
1 2799 1 0
1 4234 2 0
1 4335 1 0
1 3032 1 0
1 3231 1 0
1 3055 2 0
1 2829 1 0
1 2882 1 0
1 3453 2 1
1 3024 1 0
1 3660 1 0
1 3942 1 0
1 2812 2 0
1 3023 2 0
1 4153 1 0
1 4396 1 0
1 3971 2 0
1 3214 1 0
1 2871 1 0
1 2915 2 0
1 3097 1 0
1 3080 1 0
1 3525 2 0
1 4066 2 0
1 3129 1 0
1 3252 2 1
1 2853 1 0
1 3462 1 0
1 3036 2 0
1 3249 1 1
1 3019 2 0
1 3701 2 0
1 4169 1 0
1 3243 1 0
1 2938 1 0
1 3649 2 0
1 3948 1 0
1 3681 1 0
1 3545 2 0
1 3693 2 0
1 3470 1 0
1 3745 2 1
1 3744 2 1
1 3239 1 0
1 3409 1 1
1 3410 2 1
1 3683 1 0
1 3891 2 0
1 3209 1 0
1 2838 2 0
1 3007 1 0
1 4445 1 0
1 3267 2 0
1 4380 1 0
1 3692 1 0
1 3981 1 0
1 3694 1 0
1 3118 1 0
1 3247 2 0
1 3039 1 0
1 3483 1 1
1 3482 2 1
1 3291 1 0
1 3702 1 1
1 3703 1 1
1 5433 1 1
1 5432 2 1
1 4399 1 0
1 3654 2 0
1 5074 1 0
1 3801 2 1
1 3800 2 1
1 3283 2 0
1 2937 1 0
1 3514 2 1
1 3515 1 1
1 2852 2 0
1 3262 2 0
1 3062 1 0
1 2905 2 0
1 3447 2 0
1 4017 1 0
1 3234 1 0
1 3492 1 1
1 3742 1 1
1 3493 2 1
1 3741 1 1
1 3286 2 0
1 4235 2 0
1 3100 1 0
1 2919 2 0
1 3650 2 0
1 4190 1 0
1 4410 1 0
1 3919 1 0
1 3640 1 0
1 3018 1 0
1 3792 1 1
1 3793 2 1
1 4021 2 0
1 4180 2 0
1 3752 2 1
1 3751 1 1
1 4394 2 0
1 3464 1 0
1 3051 1 0
1 3288 1 0
1 3968 1 0
1 3517 2 0
1 3964 1 1
1 3963 2 1
1 3430 2 0
1 3675 2 1
1 3674 2 1
1 3527 2 0
1 3287 2 0
1 4004 1 0
1 5543 1 0
1 5134 1 0
1 4392 1 0
1 3282 1 0
1 4229 2 0
1 3040 2 0
1 4036 1 0
1 4241 1 0
1 3783 2 0
1 3716 2 0
1 2875 2 0
1 5087 2 0
1 3251 2 0
1 5140 1 0
1 3278 2 0
1 3953 2 1
1 3472 1 0
1 4452 2 0
1 3103 2 0
1 2943 1 0
1 3772 2 0
1 5443 1 1
1 5138 2 1
1 4000 2 0
1 4459 1 0
1 5444 1 1
1 4223 1 0
1 3758 2 0
1 3498 2 0
1 5080 2 0
1 3428 1 0
1 3886 1 0
1 3691 2 0
1 5546 2 1
1 5783 2 1
1 5784 2 1
1 4341 2 0
1 4185 2 0
1 3689 2 0
1 3102 2 0
1 3906 2 0
1 4377 1 0
1 3425 1 0
1 4187 1 1
1 5476 2 1
1 5790 1 1
1 3222 1 0
1 4409 2 1
1 4186 2 1
1 5069 2 0
1 5477 1 1
1 4398 1 1
1 3668 1 0
1 4424 2 0
1 5434 1 0
1 3431 1 0
1 3922 1 0
1 3449 1 1
1 3659 1 0
1 3704 1 0
1 4151 1 0
1 3224 1 0
1 4355 2 1
1 4356 2 1
1 5121 1 0
1 3722 2 0
1 3478 1 0
1 3946 2 0
1 3289 1 0
1 4203 2 0
1 4367 2 0
1 3684 2 0
1 3932 1 1
1 5877 2 1
1 4205 2 1
1 3471 1 0
1 4206 2 1
1 3933 1 1
1 5878 1 1
1 3724 2 0
1 4195 1 0
1 3718 2 0
1 3466 1 1
1 3467 1 1
1 3734 1 0
1 3504 2 0
1 3653 2 0
1 4362 2 0
1 4171 1 0
1 4415 2 0
1 3936 1 1
1 3717 2 0
1 3403 2 0
1 3760 1 0
1 4184 1 0
1 4351 2 1
1 3696 2 0
1 3878 1 1
1 4352 2 1
1 3429 2 0
1 3950 1 1
1 4232 1 0
1 3488 1 0
1 3747 2 0
1 4438 1 0
1 3994 1 0
1 4236 1 0
1 4024 1 0
1 3995 2 0
1 3733 2 0
1 3774 2 0
1 4057 2 0
1 3434 2 1
1 3819 2 0
1 4010 2 0
1 3755 2 0
1 4224 2 1
1 4225 2 1
1 3232 1 0
1 5521 2 1
1 5522 2 1
1 4400 1 1
1 3739 1 1
1 5130 1 0
1 3740 1 1
1 4401 1 1
1 3763 1 0
1 4029 1 1
1 4030 1 1
1 5541 1 0
1 4475 2 0
1 4253 2 0
1 3709 2 0
1 3937 1 1
1 3729 2 0
1 3938 2 1
1 4334 1 1
1 4333 1 1
1 3926 1 1
1 4453 1 0
1 3925 1 1
1 3814 2 0
1 3394 2 0
1 4167 2 0
1 4339 1 0
1 5058 2 0
1 6487 1 0
1 4191 2 0
1 5544 2 0
1 3750 1 0
1 3941 2 0
1 3420 1 0
1 3639 2 0
1 3513 1 0
1 3786 1 0
1 4003 1 0
1 3421 2 0
1 3708 2 0
1 4174 1 0
1 3442 2 0
1 5073 1 0
1 4368 1 0
1 5483 1 1
1 4216 2 0
1 5484 2 1
1 3736 1 0
1 3414 1 0
1 3439 2 0
1 4434 2 0
1 4041 1 0
1 3816 1 0
1 3661 1 0
1 4242 1 0
1 4178 1 0
1 3494 2 1
1 3647 2 0
1 4201 2 0
1 4012 2 0
1 5545 1 0
1 5111 1 0
1 4473 1 0
1 4064 1 0
1 4251 2 0
1 3671 2 0
1 3996 1 0
1 5061 1 0
1 5446 1 1
1 5749 1 0
1 3487 1 0
1 4344 2 1
1 5447 1 1
1 4158 1 0
1 3657 2 0
1 4172 2 0
1 5440 2 1
1 5972 1 0
1 5441 2 1
1 4363 1 0
1 3904 1 0
1 4031 1 0
1 5088 2 0
1 4202 2 0
1 3811 2 0
1 3957 1 0
1 3523 1 0
1 3644 2 0
1 6082 1 0
1 6566 2 0
1 4156 2 0
1 5056 2 0
1 6131 1 0
1 3688 2 0
1 5821 2 0
1 3412 2 0
1 5076 1 0
1 3748 1 0
1 4181 2 0
1 4390 1 1
1 4391 2 1
1 4160 1 0
1 3664 1 0
1 3978 2 0
1 4219 1 0
1 4227 1 0
1 4376 1 0
1 4039 2 0
1 3511 1 0
1 4192 1 0
1 4458 1 0
1 4058 2 0
1 5152 1 0
1 3662 1 0
1 5508 2 0
1 5068 1 0
1 3928 1 0
1 5423 2 1
1 3643 2 0
1 3445 1 0
1 4226 1 0
1 3882 2 0
1 4440 2 0
1 3465 1 0
1 3698 2 0
1 3524 1 0
1 5840 2 1
1 4007 1 0
1 4337 2 0
1 4198 1 0
1 3710 2 0
1 3481 1 0
1 5833 1 1
1 5086 2 0
1 4395 1 0
1 5834 2 1
1 3809 2 0
1 3951 1 0
1 4210 2 0
1 4173 2 0
1 6485 1 0
1 5093 1 1
1 5092 2 1
1 3448 2 0
1 4413 2 0
1 3991 2 0
1 5913 1 0
1 6158 2 0
1 4463 2 0
1 3889 1 0
1 3720 2 0
1 3474 1 0
1 3690 1 0
1 4470 1 0
1 5505 1 0
1 4025 2 0
1 4228 2 0
1 6154 1 1
1 6155 1 1
1 6397 1 1
1 6396 1 1
1 5150 1 1
1 5151 2 1
1 4026 2 0
1 4240 1 0
1 5155 2 0
1 3518 2 0
1 5132 2 0
1 3711 2 0
1 4411 2 0
1 3999 2 0
1 4336 1 0
1 3705 1 0
1 5077 2 0
1 5830 2 0
1 4196 2 0
1 3536 2 0
1 5141 1 0
1 5732 2 1
1 3949 2 0
1 5731 2 1
1 3519 1 0
1 4189 2 0
1 4456 1 0
1 6164 1 0
1 5146 1 0
1 4215 1 0
1 4016 2 0
1 4359 1 0
1 3977 2 0
1 5071 2 0
1 4033 1 0
1 4404 1 0
1 3890 2 0
1 4155 1 0
1 4338 2 0
1 5122 1 1
1 3986 2 0
1 4231 1 0
1 5507 2 0
1 5846 2 1
1 5847 2 1
1 4429 1 0
1 5105 2 0
1 5797 1 0
1 4197 2 0
1 4378 1 0
1 3923 1 0
1 4375 2 0
1 4183 1 0
1 4418 2 1
1 4417 2 1
1 4179 2 0
1 4437 2 0
1 4255 1 0
1 4354 2 0
1 3920 1 0
1 5748 2 0
1 4001 2 0
1 5137 1 0
1 4462 2 0
1 3778 1 0
1 6392 2 1
1 4357 2 0
1 4068 1 0
1 5067 2 0
1 4165 2 0
1 6391 1 1
1 5902 1 0
1 4071 2 0
1 4230 2 0
1 5153 2 0
1 4070 2 0
1 4161 1 0
1 3892 1 0
1 4349 2 1
1 4350 1 1
1 5075 2 0
1 4420 1 0
1 5089 1 0
1 5880 1 0
1 5115 2 0
1 4426 2 0
1 6327 2 1
1 5728 1 0
1 5420 2 0
1 5108 2 0
1 4416 1 0
1 6162 2 0
1 6827 1 0
1 4353 2 0
1 6360 1 1
1 5063 1 1
1 6361 1 1
1 5426 2 1
1 6091 1 1
1 5427 1 1
1 6851 1 0
1 4430 1 0
1 4182 2 0
1 6336 1 1
1 6087 1 0
1 6337 1 1
1 5059 2 0
1 5112 1 0
1 5929 1 0
1 6704 2 0
1 6156 2 0
1 5551 2 0
1 4243 1 0
1 5113 2 0
1 4436 2 0
1 5891 1 0
1 6095 2 0
1 5081 1 1
1 5742 2 0
1 4387 1 0
1 4432 1 0
1 5147 2 0
1 5472 2 0
1 5811 2 0
1 4258 1 0
1 4065 2 0
1 4449 1 0
1 5133 1 0
1 5888 2 1
1 5887 1 1
1 4067 2 0
1 5085 2 0
1 4248 2 0
1 4379 1 0
1 5802 1 0
1 4435 2 0
1 5127 1 0
1 4460 1 0
1 6365 1 0
1 6108 1 0
1 5070 2 0
1 6952 2 0
1 5439 1 0
1 5066 2 0
1 5769 2 0
1 4408 1 0
1 5726 2 1
1 5727 1 1
1 5495 1 0
1 5078 1 0
1 5810 2 0
1 6118 1 0
1 4382 1 0
1 4366 1 0
1 7236 2 1
1 5794 1 1
1 6134 2 0
1 7237 1 1
1 5100 1 0
1 6707 2 0
1 4372 2 0
1 5795 2 1
1 6119 2 0
1 5091 2 0
1 6434 2 0
1 4371 1 0
1 5120 1 0
1 4381 2 0
1 5471 1 0
1 6173 1 0
1 5844 1 0
1 5144 1 0
1 6136 1 0
1 5823 2 0
1 6384 1 0
1 5755 1 0
1 5422 2 0
1 4439 1 0
1 5745 2 0
1 5135 1 0
1 5478 1 0
1 4472 1 0
1 5421 1 0
1 5114 2 0
1 5741 1 0
1 6089 1 0
1 5762 1 0
1 5156 2 0
1 6383 2 0
1 6489 2 1
1 5523 1 0
1 5106 2 0
1 5806 1 1
1 5807 1 1
1 6170 2 0
1 6442 1 0
1 4386 1 0
1 5094 1 0
1 5128 2 0
1 6139 1 0
1 6112 1 0
1 5875 1 0
1 6420 2 0
1 6705 2 0
1 7240 2 0
1 5804 1 0
1 5124 2 0
1 6636 2 0
1 6907 1 0
1 5805 1 0
1 5090 1 0
1 5837 2 0
1 5129 2 0
1 5921 2 1
1 6333 2 0
1 6401 1 0
1 5754 2 0
1 5468 2 0
1 6096 1 0
1 6390 1 0
1 5125 1 0
1 6620 2 0
1 6990 1 0
1 6145 1 0
1 5758 2 0
1 5772 1 0
1 6202 2 0
1 6864 1 0
1 5884 2 0
1 8268 2 0
1 5486 1 0
1 7207 2 0
1 6622 1 0
1 7479 2 0
1 7442 2 1
1 5798 1 0
1 8231 2 0
1 5131 1 0
1 6613 2 1
1 7114 2 0
1 6143 1 1
1 6614 1 1
1 6144 1 1
1 6505 2 0
1 7443 1 1
1 6149 1 0
1 5903 1 0
1 5759 1 0
1 5157 2 0
1 6189 1 0
1 5817 1 0
1 8394 2 1
1 6890 1 1
1 6405 1 1
1 7152 2 0
1 6891 2 1
1 6404 2 1
1 5766 1 1
1 5764 1 1
1 7210 1 0
1 6861 2 1
1 6609 1 1
1 6862 1 1
1 6099 1 0
1 6332 2 0
1 6829 1 0
1 5852 2 0
1 7111 2 0
1 6563 2 0
1 6930 1 0
1 5442 2 0
1 5107 1 0
1 6109 2 0
1 5482 1 0
1 6652 2 1
1 6410 1 0
1 5801 2 0
1 6398 2 0
1 6912 2 0
1 6126 2 0
1 7307 2 1
1 5818 2 0
1 6102 2 0
1 6661 2 0
1 6453 2 0
1 6191 2 0
1 6630 2 1
1 7308 2 0
1 6847 1 1
1 5799 1 0
1 6708 1 1
1 6389 2 1
1 6846 2 1
1 5886 1 0
1 6436 2 1
1 5498 2 0
1 9133 2 0
1 7605 1 1
1 6197 1 0
1 5465 2 0
1 5890 2 0
1 6506 2 0
1 6650 2 0
1 5555 1 0
1 5895 1 0
1 6970 2 1
1 6971 1 1
1 6177 2 0
1 6667 2 0
1 5835 2 0
1 6480 2 1
1 5990 2 0
1 6168 1 0
1 6896 2 0
1 5538 1 0
1 6683 1 0
1 5425 2 0
1 7520 2 1
1 6452 1 0
1 5918 2 0
1 6963 2 0
1 6697 1 0
1 5997 1 0
1 6729 2 0
1 8216 2 0
1 6198 2 0
1 5509 2 0
1 6103 1 0
1 5448 1 0
1 6681 1 0
1 6424 1 0
1 7243 2 0
1 5803 1 0
1 5907 1 0
1 6826 2 0
1 6340 2 0
1 7112 2 0
1 6607 1 0
1 5782 2 0
1 5763 1 0
1 6378 1 0
1 5454 2 0
1 6101 1 0
1 5725 2 0
1 6660 2 0
1 6127 1 0
1 7594 2 0
1 5908 2 0
1 8287 2 0
1 5535 1 0
1 7133 1 0
1 8336 1 0
1 6386 1 0
1 5767 2 1
1 6114 2 0
1 7539 2 0
1 6706 2 0
1 6924 2 0
1 6676 1 1
1 6411 2 0
1 7592 2 0
1 6675 2 1
1 6182 1 0
1 6976 1 0
1 5911 2 0
1 7589 1 0
1 6886 2 0
1 6583 1 0
1 6342 1 0
1 6579 1 1
1 5746 1 0
1 6359 2 0
1 6329 1 0
1 5497 1 0
1 7107 2 0
1 7439 2 0
1 5730 1 0
1 5554 1 0
1 5879 2 0
1 5889 2 0
1 6153 1 0
1 7163 1 0
1 5876 2 0
1 6663 1 0
1 6712 2 0
1 5445 2 0
1 6900 1 0
1 7139 2 0
1 7540 2 0
1 8316 1 0
1 5777 2 0
1 5812 2 0
1 5475 2 0
1 5558 1 0
1 6459 1 0
1 6725 1 0
1 7222 1 0
1 6982 1 0
1 6475 2 0
1 6892 1 0
1 6157 1 0
1 6612 2 0
1 6985 2 0
1 6425 1 0
1 6908 1 0
1 7105 1 0
1 6192 1 0
1 6651 1 0
1 6710 1 1
1 7150 1 1
1 7151 1 1
1 7461 1 0
1 5796 1 0
1 6711 2 1
1 6186 1 1
1 8455 1 1
1 7537 2 1
1 8456 2 1
1 5485 1 0
1 7235 1 0
1 5824 1 0
1 7538 2 1
1 6455 1 0
1 5822 2 0
1 7547 1 1
1 7200 2 0
1 7548 1 1
1 6176 1 0
1 6483 2 1
1 6175 2 0
1 6722 2 1
1 5914 1 1
1 5524 1 0
1 6482 2 1
1 6850 2 0
1 7478 1 0
1 6462 1 0
1 7209 2 0
1 6939 1 0
1 7121 1 0
1 5502 2 0
1 7434 2 1
1 6944 2 0
1 6402 2 0
1 5747 1 0
1 7493 2 0
1 5744 2 0
1 7168 2 0
1 6435 1 0
1 6956 1 0
1 6623 2 0
1 5553 2 0
1 6730 1 0
1 7598 1 0
1 6200 1 0
1 6980 2 0
1 6605 1 1
1 6362 1 0
1 8230 1 0
1 6421 1 0
1 6881 2 1
1 7154 2 1
1 6882 2 1
1 6654 1 1
1 6653 2 1
1 7153 2 1
1 6335 1 0
1 7241 1 0
1 6407 2 0
1 7583 1 0
1 6646 1 0
1 7554 1 0
1 6400 2 0
1 8218 1 1
1 6595 2 1
1 6870 1 0
1 7137 2 1
1 7487 2 0
1 6649 2 0
1 6380 1 0
1 7477 1 0
1 7232 1 0
1 7513 1 1
1 8277 1 1
1 6151 1 0
1 7514 1 1
1 8278 2 1
1 8325 2 0
1 6724 1 0
1 6957 2 1
1 8242 1 0
1 7459 1 1
1 7458 1 1
1 7118 1 0
1 6577 2 0
1 5836 2 0
1 8253 2 0
1 6920 1 0
1 7131 1 0
1 6873 1 1
1 7223 1 0
1 6659 1 0
1 6381 2 0
1 8274 1 0
1 6874 1 1
1 6983 1 0
1 7604 2 0
1 6471 2 0
1 6727 2 0
1 7192 2 0
1 8355 2 0
1 6717 1 0
1 7564 1 0
1 6716 2 0
1 6174 1 0
1 6927 1 0
1 6825 2 1
1 7462 1 1
1 7463 2 1
1 6596 2 1
1 6597 2 1
1 6824 1 1
1 6367 2 0
1 5935 1 0
1 5934 2 0
1 6366 1 0
1 6477 2 0
1 7584 2 1
1 5928 1 0
1 7585 1 1
1 7211 2 0
1 6693 2 0
1 9117 2 0
1 8324 2 0
1 9879 1 0
1 6885 1 0
1 6460 2 0
1 7224 2 0
1 6677 1 0
1 5900 1 0
1 6972 1 0
1 7172 1 0
1 6974 1 0
1 6289 1 0
1 6203 1 0
1 6456 1 0
1 7125 2 0
1 7556 1 0
1 6942 1 1
1 6941 2 1
1 6662 2 0
1 8280 1 0
1 5932 2 0
1 7205 1 0
1 6682 1 0
1 6183 1 0
1 7565 1 0
1 7244 1 0
1 6911 1 0
1 6691 1 0
1 9108 2 1
1 6172 1 0
1 6694 2 1
1 8796 1 1
1 5910 1 0
1 6695 1 1
1 9107 2 1
1 7576 1 0
1 6464 2 0
1 8351 1 0
1 7173 2 0
1 6718 1 0
1 7255 1 0
1 6986 1 0
1 6715 1 0
1 7560 1 1
1 8811 1 0
1 6879 2 0
1 7177 2 0
1 8301 1 0
1 7526 2 0
1 6928 1 0
1 7233 2 0
1 7544 2 1
1 5925 1 0
1 6678 1 0
1 7165 2 1
1 6958 1 0
1 8362 1 0
1 7543 2 1
1 7164 2 1
1 6171 1 0
1 6670 1 1
1 7136 1 0
1 6917 1 0
1 6350 1 0
1 7214 1 0
1 7516 1 0
1 6634 2 0
1 6943 1 0
1 6925 1 1
1 6960 2 1
1 6565 2 0
1 5977 1 0
1 5916 1 0
1 6413 2 0
1 6125 1 0
1 6945 1 0
1 6123 1 0
1 6625 1 0
1 7206 1 0
1 6875 1 0
1 6664 2 0
1 6438 1 0
1 7530 1 0
1 7245 1 0
1 6387 2 0
1 6871 2 0
1 6692 1 0
1 6354 1 0
1 6883 1 0
1 7257 1 0
1 6713 1 0
1 6688 1 0
1 7143 1 0
1 7475 2 0
1 9116 2 0
1 6860 1 0
1 8762 1 0
1 8330 1 0
1 6341 1 0
1 8345 1 1
1 8346 2 1
1 6964 2 0
1 6701 2 1
1 6837 1 0
1 6163 2 0
1 5996 2 0
1 7450 1 0
1 6578 1 0
1 7109 1 0
1 6345 2 0
1 9901 1 0
1 8720 1 0
1 6627 2 1
1 7110 2 0
1 6841 1 0
1 9039 2 0
1 6088 2 0
1 6626 1 1
1 7451 2 0
1 7506 1 1
1 7242 2 0
1 7531 1 1
1 6904 1 1
1 6680 1 0
1 6905 2 1
1 6474 1 0
1 5851 1 0
1 6954 2 0
1 6689 2 0
1 5933 1 0
1 6696 2 0
1 6399 2 0
1 6161 1 0
1 6932 2 0
1 8313 2 0
1 7553 1 0
1 7161 1 1
1 6931 1 0
1 7162 1 1
1 6977 1 0
1 6671 2 0
1 7251 2 0
1 7485 1 0
1 8337 2 0
1 6703 2 0
1 6872 2 0
1 6443 2 0
1 7496 2 0
1 7144 1 0
1 9105 2 0
1 6690 1 0
1 7266 2 0
1 6880 2 0
1 6687 2 0
1 7555 2 0
1 8363 2 0
1 7170 1 0
1 7545 2 0
1 6959 2 0
1 7184 2 0
1 8340 2 0
1 6981 2 0
1 6684 2 0
1 7562 2 0
1 6575 2 0
1 8214 1 0
1 6836 1 0
1 7187 2 0
1 7597 2 0
1 6903 2 0
1 6849 2 0
1 7497 2 0
1 8219 1 0
1 8725 1 0
1 9020 2 0
1 7115 1 0
1 9814 1 0
1 7183 2 0
1 7253 1 0
1 6591 2 0
1 6832 1 0
1 6635 1 0
1 7527 1 0
1 8341 1 0
1 9861 2 0
1 10206 1 0
1 7201 1 0
1 6915 2 0
1 7550 1 1
1 7551 1 1
1 6700 1 0
1 7228 1 0
1 6966 2 0
1 7517 1 0
1 8279 1 0
1 9121 1 1
1 6857 1 0
1 8745 1 0
1 7135 2 0
1 9120 1 1
1 6611 1 0
1 6922 2 0
1 7145 1 0
1 6898 2 1
1 9888 2 0
1 7218 2 1
1 6897 1 1
1 6884 2 0
1 7196 2 0
1 6714 1 0
1 6937 1 1
1 6936 2 1
1 6645 2 0
1 8267 2 0
1 8769 2 0
1 7231 2 0
1 7174 2 0
1 7559 2 0
1 7529 1 0
1 6940 2 0
1 8334 2 1
1 7195 2 0
1 11280 1 0
1 8245 2 0
1 9756 2 0
1 6914 2 0
1 7194 1 0
1 8726 2 0
1 10561 1 0
1 8326 1 0
1 6935 2 0
1 8258 1 0
1 9102 1 1
1 8799 2 0
1 7199 2 0
1 6988 1 0
1 9061 2 0
1 8801 2 0
1 6685 1 0
1 7587 1 0
1 8238 1 0
1 6868 2 0
1 7156 2 0
1 6674 1 0
1 6838 1 0
1 9115 2 1
1 9114 1 1
1 8320 2 1
1 7181 2 1
1 7180 1 1
1 8321 1 1
1 6633 2 0
1 7515 1 0
1 6728 2 0
1 6949 2 0
1 8358 1 0
1 7481 2 0
1 6953 2 0
1 7146 1 0
1 7238 2 0
1 9023 1 0
1 6968 2 0
1 8227 2 0
1 10660 1 0
1 7227 1 0
1 9786 2 0
1 10200 2 0
1 8740 1 0
1 9037 2 0
1 7213 1 0
1 7325 2 0
1 8766 1 0
1 9085 2 0
1 8260 2 1
1 9893 2 1
1 8261 2 1
1 7465 1 1
1 6913 2 0
1 7464 2 1
1 7226 2 0
1 8778 2 0
1 10182 1 0
1 8304 2 0
1 7524 1 0
1 8733 2 0
1 6848 1 0
1 8262 1 0
1 6975 2 0
1 7127 2 0
1 7501 1 0
1 8767 1 0
1 9148 2 1
1 7167 1 0
1 8365 1 0
1 9147 2 1
1 8360 2 0
1 10315 1 0
1 9910 1 0
1 6955 2 0
1 7552 1 0
1 7182 2 0
1 8318 1 0
1 7234 1 0
1 7568 2 0
1 7549 2 0
1 7124 1 0
1 6906 2 0
1 8289 1 0
1 6918 1 0
1 9765 2 1
1 7256 2 0
1 7534 2 0
1 9764 1 1
1 10212 1 0
1 7590 1 0
1 6978 2 0
1 7159 1 0
1 7160 2 0
1 6887 1 0
1 8221 2 0
1 7533 1 0
1 6919 2 0
1 8347 2 0
1 7197 2 0
1 7171 1 0
1 7561 2 0
1 10192 2 0
1 8333 1 0
1 9780 2 0
1 11554 2 0
1 7142 1 0
1 7511 2 0
1 8297 2 0
1 7446 1 0
1 7120 1 0
1 7502 2 1
1 8271 2 1
1 7169 2 0
1 9872 1 0
1 10330 2 0
1 8735 2 0
1 8265 1 0
1 7193 2 0
1 9903 1 0
1 7129 1 0
1 8724 2 0
1 9811 1 1
1 8220 2 0
1 7440 2 0
1 9810 2 1
1 8791 2 0
1 7480 1 0
1 7216 2 0
1 8290 1 0
1 9841 1 0
1 9059 2 0
1 8457 1 0
1 7569 1 0
1 7246 1 0
1 8783 1 0
1 7682 2 0
1 9134 1 1
1 9135 2 1
1 7204 2 0
1 10196 1 0
1 8713 2 0
1 8237 1 0
1 7512 1 0
1 9025 1 1
1 9823 2 0
1 9026 2 1
1 7220 1 0
1 9010 1 1
1 10210 2 0
1 9806 1 1
1 10567 1 1
1 8732 1 0
1 9011 1 1
1 11126 2 1
1 8235 2 0
1 7262 1 0
1 7437 2 1
1 7189 2 0
1 9103 1 0
1 8353 2 0
1 7166 1 0
1 10340 1 0
1 8813 1 0
1 9860 2 0
1 11221 1 0
1 7557 2 0
1 10193 1 0
1 7455 1 0
1 8742 2 0
1 7202 1 0
1 8312 1 0
1 9825 1 1
1 9050 1 1
1 7600 1 0
1 8322 2 0
1 7190 1 0
1 8790 1 0
1 9051 2 1
1 10224 2 0
1 9826 2 1
1 11249 2 0
1 10301 1 0
1 8282 2 0
1 9132 2 0
1 10658 1 0
1 7260 2 0
1 9001 2 0
1 7486 1 0
1 8800 1 0
1 7116 1 0
1 8291 1 0
1 7456 2 0
1 8328 1 0
1 9145 2 1
1 8794 1 0
1 9144 2 1
1 10355 1 0
1 7261 1 0
1 9918 2 0
1 8352 2 0
1 9118 1 0
1 10281 2 0
1 8807 1 0
1 10253 2 0
1 9817 1 0
1 9038 1 0
1 11202 1 0
1 10529 1 0
1 7149 1 0
1 8784 2 0
1 9104 2 0
1 7528 1 0
1 9798 2 0
1 8710 2 0
1 8217 2 0
1 10517 2 1
1 7444 2 0
1 10181 1 0
1 11250 1 0
1 9005 1 0
1 9757 2 0
1 7473 2 0
1 9004 1 0
1 8718 1 0
1 10214 2 0
1 7570 2 0
1 8259 2 0
1 7258 2 0
1 7239 2 0
1 7252 1 0
1 7579 2 0
1 8273 1 0
1 7567 1 0
1 11166 2 1
1 9883 2 1
1 10289 1 0
1 8319 1 0
1 11167 2 1
1 9884 2 1
1 7588 2 0
1 8786 2 0
1 7582 2 0
1 8744 1 0
1 8292 1 0
1 7254 2 0
1 9012 2 0
1 7452 1 0
1 10259 1 1
1 7221 2 0
1 9822 1 1
1 8338 1 0
1 10337 1 0
1 9870 1 0
1 8269 1 0
1 7518 1 0
1 10570 1 1
1 7447 1 0
1 8226 1 0
1 11141 2 1
1 9781 1 1
1 8716 1 0
1 10273 1 1
1 9041 1 1
1 9782 2 1
1 10274 1 1
1 10571 1 1
1 9042 2 1
1 8233 2 0
1 7449 1 0
1 10574 1 0
1 8247 2 0
1 7593 1 0
1 9839 2 0
1 8738 2 0
1 8224 2 0
1 10215 1 0
1 7469 1 0
1 9758 2 0
1 9006 2 0
1 8728 1 0
1 7681 1 0
1 9084 2 0
1 10191 1 0
1 11168 2 0
1 10546 1 0
1 8737 2 0
1 11518 2 0
1 9767 2 0
1 9885 2 0
1 10290 2 0
1 9029 1 0
1 8342 1 0
1 8760 2 0
1 9816 1 0
1 8756 1 0
1 8315 1 0
1 7483 1 0
1 9760 2 0
1 8241 2 0
1 10348 1 0
1 11207 2 0
1 10227 2 0
1 7563 2 0
1 10576 1 0
1 9862 2 1
1 7470 2 0
1 9141 1 1
1 9140 1 1
1 9834 1 0
1 10560 1 0
1 9106 1 0
1 7519 1 0
1 9110 2 0
1 10582 1 0
1 9837 2 0
1 10232 2 1
1 11153 1 0
1 8717 1 0
1 8244 2 0
1 7578 1 0
1 8339 2 0
1 9097 2 0
1 9889 2 0
1 7500 2 0
1 9083 1 0
1 7580 2 0
1 8236 1 0
1 7491 1 0
1 8232 2 0
1 8789 1 0
1 9779 1 1
1 9022 2 0
1 9127 1 1
1 9128 2 1
1 8803 2 0
1 10341 1 0
1 9915 1 1
1 9914 2 1
1 8307 2 0
1 9031 2 0
1 10209 2 0
1 8754 2 0
1 11192 1 0
1 8281 1 0
1 9079 2 0
1 7522 2 0
1 11226 1 0
1 9073 1 1
1 9877 2 1
1 7577 1 0
1 9072 2 1
1 8283 1 0
1 8350 1 0
1 8734 1 0
1 7571 2 0
1 11164 1 0
1 10228 1 0
1 9801 2 0
1 9040 2 0
1 7521 2 0
1 7247 1 0
1 9802 1 0
1 11183 2 0
1 8327 1 0
1 8764 2 0
1 10607 1 0
1 11200 1 0
1 8750 2 0
1 9897 2 0
1 10309 2 1
1 10308 1 1
1 8753 1 0
1 10622 1 0
1 11594 1 0
1 11223 2 0
1 8276 2 0
1 9919 1 1
1 9087 2 1
1 10343 2 0
1 10636 1 1
1 9071 1 1
1 9832 2 1
1 11215 2 1
1 9831 1 1
1 10262 1 0
1 7595 1 0
1 11216 1 1
1 8293 1 0
1 8805 2 1
1 10664 1 1
1 9916 2 1
1 8804 1 1
1 9917 2 1
1 10663 2 1
1 9143 2 0
1 10354 2 0
1 9920 2 1
1 9155 2 1
1 10662 2 0
1 9921 1 1
1 8812 1 0
1 9156 2 1
1 8349 2 0
1 11279 2 1
1 11633 2 0
1 9878 2 0
1 7558 1 0
1 10331 2 1
1 10332 1 1
1 10655 2 1
1 8782 2 0
1 8248 1 0
1 8308 2 1
1 7596 1 0
1 8453 1 0
1 9900 2 0
1 9119 1 0
1 10352 1 0
1 8451 2 0
1 8808 1 0
1 7591 1 0
1 9152 2 0
1 9790 1 0
1 10597 2 0
1 8721 1 0
1 10255 1 0
1 7601 2 0
1 7523 2 0
1 9804 2 1
1 11597 1 0
1 8727 2 0
1 9052 2 0
1 8306 2 0
1 8715 1 0
1 8714 1 0
1 9763 2 0
1 10183 1 0
1 8759 1 0
1 8332 2 0
1 9820 2 0
1 10184 2 0
1 10651 1 1
1 9139 2 0
1 11634 1 0
1 9866 2 0
1 8775 2 0
1 10312 1 0
1 8249 2 0
1 9797 1 0
1 9014 2 0
1 8792 1 0
1 8246 2 0
1 10604 2 1
1 8250 1 0
1 10247 1 1
1 9791 1 0
1 11197 1 0
1 9016 1 0
1 10246 1 1
1 8755 2 0
1 9076 2 0
1 9775 2 0
1 8729 1 0
1 10275 1 0
1 8288 2 0
1 8746 2 0
1 11236 2 0
1 10294 2 0
1 11580 1 0
1 9836 1 0
1 9074 1 0
1 10590 2 0
1 9099 2 0
1 11531 2 0
1 9776 1 0
1 10222 2 0
1 10587 2 0
1 11242 2 0
1 10243 1 0
1 9030 1 0
1 8739 2 0
1 9800 2 0
1 8309 2 0
1 10584 2 0
1 8348 2 0
1 10596 1 0
1 9840 2 0
1 8257 1 0
1 9018 2 0
1 8765 1 0
1 10303 2 0
1 8357 1 0
1 8317 1 0
1 10661 2 1
1 10345 1 1
1 11626 2 0
1 9067 2 0
1 8314 2 0
1 9824 2 0
1 9043 1 0
1 8781 2 0
1 10601 1 1
1 9829 1 1
1 9015 2 0
1 10602 2 1
1 8240 1 0
1 8731 1 0
1 11543 1 1
1 8294 1 0
1 10185 2 0
1 9769 1 0
1 9164 1 0
1 11193 2 0
1 8711 1 0
1 9088 1 0
1 8757 2 0
1 9146 2 0
1 9907 2 1
1 10296 1 0
1 8263 2 0
1 9024 2 0
1 10180 1 0
1 9808 2 1
1 10515 1 0
1 11537 2 1
1 9807 2 1
1 8743 1 0
1 9881 2 1
1 9882 2 1
1 8736 1 0
1 10342 2 1
1 9069 2 0
1 9891 2 1
1 10310 1 0
1 8776 2 0
1 9785 2 0
1 9077 1 0
1 10234 2 0
1 8275 2 0
1 9124 1 0
1 9845 1 0
1 10230 2 1
1 9034 1 1
1 8747 2 0
1 10229 1 1
1 11174 1 1
1 8256 1 0
1 9035 1 1
1 11175 1 1
1 9859 2 1
1 9063 2 0
1 9858 1 1
1 8772 2 0
1 9007 2 0
1 11125 1 0
1 8795 2 0
1 9890 1 0
1 10238 2 0
1 11588 1 0
1 10245 1 0
1 8741 1 0
1 10295 2 0
1 10647 2 0
1 11253 2 0
1 8272 2 0
1 9109 2 0
1 10305 1 0
1 8809 2 0
1 9849 1 0
1 11189 1 0
1 9082 2 1
1 9857 1 1
1 9081 1 1
1 9856 2 1
1 8722 2 0
1 9771 1 1
1 11114 2 0
1 10217 2 0
1 11513 1 0
1 9049 1 1
1 9048 1 1
1 10242 1 0
1 9046 1 1
1 9892 1 0
1 8239 2 0
1 8771 1 0
1 9045 2 1
1 10198 1 0
1 11622 1 0
1 8802 2 0
1 9803 2 0
1 8752 1 0
1 9078 2 0
1 10287 2 0
1 11275 2 0
1 9869 2 0
1 9047 2 0
1 10638 1 0
1 9008 2 0
1 10572 2 0
1 10190 1 0
1 9809 2 0
1 10220 1 0
1 9112 1 0
1 10594 1 0
1 10235 2 0
1 10558 1 0
1 9835 2 0
1 11209 2 1
1 8798 1 0
1 11208 2 1
1 10237 1 0
1 11602 2 0
1 11228 1 0
1 8777 2 0
1 10625 2 0
1 9060 1 0
1 9089 1 0
1 11268 1 0
1 9056 1 1
1 11565 2 0
1 9855 1 1
1 10194 2 0
1 9055 2 1
1 9854 2 1
1 8806 1 0
1 10297 2 0
1 9161 2 0
1 9122 2 0
1 9904 1 0
1 9851 2 1
1 10556 1 1
1 11211 1 1
1 10203 2 1
1 9013 1 0
1 11212 2 1
1 11578 2 1
1 11579 1 1
1 10557 2 1
1 9852 1 1
1 10633 1 0
1 10347 1 0
1 11587 2 0
1 9871 2 0
1 9137 1 0
1 10272 1 0
1 9842 1 0
1 9068 2 0
1 10614 2 0
1 11263 1 0
1 9166 2 0
1 10542 2 0
1 9062 2 0
1 11184 1 1
1 10208 2 0
1 11185 1 1
1 10628 1 0
1 11592 2 0
1 9028 2 0
1 11251 1 0
1 10240 2 1
1 10239 1 1
1 9753 2 0
1 9064 1 0
1 10566 2 0
1 11191 1 0
1 9784 1 0
1 11559 2 0
1 10552 2 0
1 10211 1 0
1 9092 1 0
1 10335 1 0
1 9093 1 0
1 10179 2 0
1 9761 2 0
1 9036 1 0
1 10632 1 0
1 11596 2 1
1 9896 1 1
1 10338 2 1
1 9895 1 1
1 9149 2 0
1 9066 2 0
1 11233 2 1
1 10586 2 0
1 9805 1 0
1 11232 2 1
1 10270 1 1
1 10269 1 1
1 11577 1 0
1 10280 2 0
1 10617 1 0
1 11131 2 0
1 11510 2 0
1 10197 2 0
1 9766 1 0
1 9003 1 0
1 10530 1 0
1 10547 2 0
1 11526 1 1
1 11195 1 0
1 10213 2 0
1 10218 2 0
1 9759 1 0
1 10219 2 0
1 9815 1 0
1 10581 1 0
1 11254 1 0
1 10226 1 0
1 9065 1 0
1 10540 2 0
1 11145 1 1
1 9755 2 0
1 11144 1 1
1 11239 1 0
1 11527 2 1
1 10264 1 0
1 9130 1 0
1 11528 1 1
1 9864 1 0
1 10525 2 0
1 11532 2 0
1 10186 1 0
1 10620 2 0
1 9813 1 0
1 10524 2 0
1 10189 1 0
1 11509 2 0
1 9032 2 0
1 9787 1 0
1 10221 2 0
1 9057 1 0
1 11154 1 0
1 11546 1 1
1 10199 1 0
1 10263 1 0
1 11130 1 0
1 10518 1 0
1 9129 1 0
1 11190 2 0
1 10537 2 0
1 9886 2 0
1 10324 1 0
1 10630 2 0
1 9880 2 0
1 11533 2 0
1 9158 2 0
1 10288 1 0
1 11548 2 0
1 9053 1 0
1 10598 1 0
1 11187 2 0
1 9867 2 0
1 9002 2 0
1 10223 1 0
1 11552 2 0
1 10579 1 0
1 11557 2 0
1 11205 2 0
1 11595 2 0
1 10569 2 0
1 10231 1 0
1 11210 1 0
1 10532 2 0
1 10285 1 0
1 11143 2 0
1 9783 1 0
1 11522 1 0
1 11180 2 0
1 10251 1 0
1 9850 1 0
1 11521 1 0
1 9100 2 0
1 9098 1 0
1 10351 1 0
1 9111 1 0
1 11571 1 0
1 9873 2 0
1 10519 2 0
1 9163 1 0
1 9913 1 0
1 10599 2 0
1 10591 1 0
1 9167 2 0
1 11204 1 0
1 9768 1 0
1 10252 2 0
1 10261 2 0
1 9762 2 0
1 11134 1 0
1 11581 1 0
1 10282 1 0
1 9159 1 0
1 9136 1 0
1 10291 2 0
1 11572 2 0
1 9789 2 0
1 11520 2 0
1 11120 2 0
1 10554 2 0
1 10205 1 0
1 10551 1 0
1 11128 2 0
1 10641 1 0
1 11258 1 0
1 10316 1 0
1 11607 1 1
1 10304 2 0
1 11600 2 0
1 11277 2 0
1 11157 2 1
1 11156 1 1
1 11599 1 1
1 10298 2 0
1 11598 1 1
1 10321 1 0
1 9902 2 0
1 11244 1 0
1 11603 1 0
1 10311 1 0
1 10300 1 0
1 11238 2 0
1 10613 1 0
1 10346 2 0
1 11606 1 0
1 10612 2 0
1 11234 2 0
1 11573 2 0
1 10299 1 0
1 11217 2 0
1 11237 2 0
1 10649 1 0
1 11615 2 0
1 11260 2 0
1 11561 1 0
1 10344 2 0
1 11618 1 0
1 10645 1 0
1 11116 1 0
1 10323 2 0
1 11625 2 0
1 10618 1 0
1 11243 1 0
1 11542 1 0
1 11194 2 0
1 10550 1 0
1 10521 1 0
1 10236 2 0
1 11519 2 0
1 10256 2 0
1 10580 1 0
1 11553 1 0
1 11198 2 1
1 11199 1 1
1 11529 2 0
1 10583 2 0
1 11516 1 0
1 10563 2 0
1 11155 2 0
1 10610 1 0
1 10266 1 0
1 10207 2 0
1 11536 2 0
1 10528 2 0
1 11186 2 0
1 11188 2 0
1 11584 2 0
1 10621 1 0
1 10336 2 0
1 11539 2 0
1 11201 2 0
1 10278 1 0
1 11582 1 0
1 11265 1 0
1 10589 2 0
1 11540 1 0
1 11591 1 0
1 10244 2 0
1 11171 1 0
1 11541 1 0
1 10549 1 0
1 11115 2 0
1 10520 1 0
1 11218 1 0
1 11530 1 0
1 10653 1 0
1 11272 1 0
1 11165 1 0
1 11515 2 0
1 10616 2 0
1 11628 1 0
1 11270 2 0
1 11150 1 0
1 10588 1 0
1 11259 2 0
1 11631 1 0
1 11148 2 0
1 11612 1 1
1 10595 2 0
1 11611 2 1
1 11574 1 0
1 11203 1 0
1 10577 2 0
1 11534 2 0
1 11590 1 0
1 11176 2 0
1 11149 1 0
1 11583 1 0
1 10699 2 0
1 11271 2 0
1 11240 1 0
1 11614 1 0
1 10654 1 0
1 10615 2 0
1 11118 2 0
1 11512 1 0
1 11523 1 0
1 11170 2 0
1 11261 2 0
1 10648 2 0
1 11139 2 0
1 11544 1 0
1 11257 2 0
1 11560 1 0
1 11213 1 0
1 11627 1 0
1 11567 2 0
1 11535 1 0
1 11550 2 0
1 11214 2 0
1 11566 2 0
1 11605 1 0
1 11255 2 0
1 11549 1 0
1 11151 2 0
1 11601 1 0
1 11613 1 0
1 11562 1 0
1 11179 2 0
1 11568 1 0
1 11556 1 0
1 11558 1 0
1 11563 2 0
1 11273 1 0
1 11585 2 0
1 11593 2 0
