1 1739 2.59999990463257
1 2706 2
1 2121 2.20000004768372
1 1779 1.89999997615814
1 1780 2.29999995231628
1 1664 2.20000004768372
1 2464 2.40000009536743
1 1665 2.5
1 2372 3.29999995231628
1 2823 1.79999995231628
1 2824 1.70000004768372
1 2099 2.09999990463257
1 2421 2.09999990463257
1 2420 2.40000009536743
1 2617 2.09999990463257
1 3064 2
1 1632 2.20000004768372
1 2530 2.40000009536743
1 1647 2.20000004768372
1 1801 2
1 2431 2.59999990463257
1 2105 2.20000004768372
1 2362 3.09999990463257
1 2111 2.5
1 2466 2.59999990463257
1 1760 3.5
1 2467 3
1 2242 2.59999990463257
1 2649 2.5
1 2474 3.70000004768372
1 2106 2.09999990463257
1 2297 3.5
1 1623 2
1 3077 2.29999995231628
1 2174 2.70000004768372
1 2872 3
1 2645 2.70000004768372
1 2626 2.09999990463257
1 2486 3.29999995231628
1 2627 2.29999995231628
1 2843 3.90000009536743
1 2098 2.70000004768372
1 2170 3
1 3120 1.79999995231628
1 2523 3.70000004768372
1 2927 2.5
1 2169 1.60000002384186
1 2926 2.20000004768372
1 2637 2.5
1 2171 2.5
1 1605 1.79999995231628
1 1792 2.09999990463257
1 1793 1.79999995231628
1 2696 2.5
1 2461 2.20000004768372
1 2132 2.20000004768372
1 2462 2.20000004768372
1 2482 1.89999997615814
1 2481 1.5
1 2034 3.40000009536743
1 2620 2.90000009536743
1 2435 3.09999990463257
1 2245 2.40000009536743
1 2800 1.89999997615814
1 2176 2.59999990463257
1 2444 2.40000009536743
1 2410 2.40000009536743
1 2701 2.5
1 2123 2.90000009536743
1 2619 2.20000004768372
1 2893 2.20000004768372
1 2894 2.5
1 3134 1.79999995231628
1 1749 2.5
1 2165 2.90000009536743
1 3104 2.70000004768372
1 2260 3
1 2661 3.20000004768372
1 2096 2.79999995231628
1 2670 2.09999990463257
1 2671 1.79999995231628
1 2809 1.60000002384186
1 2808 2.09999990463257
1 2525 2.90000009536743
1 3507 2.90000009536743
1 2489 2.70000004768372
1 2650 3
1 3053 2.5
1 2146 2.29999995231628
1 3010 2.5
1 1635 1.10000002384186
1 2632 1.70000004768372
1 2856 2.90000009536743
1 2460 2.79999995231628
1 2624 1.5
1 2861 3
1 3047 1.60000002384186
1 2164 1.29999995231628
1 2278 3.09999990463257
1 2498 3.40000009536743
1 2898 2.29999995231628
1 2120 2.79999995231628
1 2899 2.79999995231628
1 2503 2.29999995231628
1 3004 2
1 2415 2.40000009536743
1 2840 1.70000004768372
1 3070 1.89999997615814
1 2839 1.5
1 2633 1.89999997615814
1 2128 3.79999995231628
1 2664 2.20000004768372
1 2916 2.09999990463257
1 2917 2.40000009536743
1 2291 1.79999995231628
1 2290 2.09999990463257
1 1784 1.20000004768372
1 1817 2.5
1 3086 1.60000002384186
1 2518 3.29999995231628
1 3272 2
1 2295 3.09999990463257
1 3087 1.79999995231628
1 3735 2.20000004768372
1 2929 3.40000009536743
1 2504 2.79999995231628
1 2698 2.70000004768372
1 2888 2.70000004768372
1 3108 2.59999990463257
1 2889 2.5
1 2177 2.09999990463257
1 2644 2.5
1 2837 3.09999990463257
1 2252 3.09999990463257
1 2657 2.79999995231628
1 3084 1.39999997615814
1 2877 2.09999990463257
1 2520 3.70000004768372
1 2876 2.59999990463257
1 3795 2.40000009536743
1 3037 2.90000009536743
1 3253 1.60000002384186
1 2688 1.89999997615814
1 2842 3.29999995231628
1 2469 2.20000004768372
1 3254 1.5
1 2468 2.40000009536743
1 3418 2
1 2628 1.70000004768372
1 3081 2.5
1 2892 3.20000004768372
1 2463 2.70000004768372
1 2648 2.90000009536743
1 3257 1.70000004768372
1 2901 1.60000002384186
1 3767 1.70000004768372
1 2248 2.59999990463257
1 3230 3
1 2827 2.20000004768372
1 3016 3
1 3667 1.89999997615814
1 2459 3.20000004768372
1 2828 2.20000004768372
1 2614 2.90000009536743
1 3666 1.39999997615814
1 3046 1.5
1 2878 3.70000004768372
1 3045 1.60000002384186
1 2483 1.89999997615814
1 2344 4.30000019073486
1 2484 2.70000004768372
1 3111 2.09999990463257
1 2703 1.70000004768372
1 2509 2.59999990463257
1 2508 2.5
1 3063 2.70000004768372
1 2884 2.29999995231628
1 2883 2.20000004768372
1 3083 3
1 2665 2.90000009536743
1 2845 2.20000004768372
1 2844 2.09999990463257
1 2437 1.39999997615814
1 2656 2.09999990463257
1 2436 1.60000002384186
1 3014 2.29999995231628
1 3113 2.79999995231628
1 2935 2.90000009536743
1 3485 2.40000009536743
1 2515 3.20000004768372
1 2214 1.79999995231628
1 2406 2.40000009536743
1 2341 2.79999995231628
1 4072 3
1 3270 2.70000004768372
1 3123 3.09999990463257
1 2533 3.20000004768372
1 2920 2.09999990463257
1 3777 2.40000009536743
1 3093 1.5
1 2678 1.70000004768372
1 2359 1.70000004768372
1 2285 1.89999997615814
1 3094 2.20000004768372
1 2921 2
1 3271 2.79999995231628
1 3526 2.20000004768372
1 2501 2.09999990463257
1 2500 2.29999995231628
1 2700 1.60000002384186
1 3112 3.40000009536743
1 3794 3.5
1 2910 3
1 2516 3.20000004768372
1 4044 2.90000009536743
1 2655 2.90000009536743
1 2379 3.20000004768372
1 2896 2.5
1 2616 2.70000004768372
1 3098 1.70000004768372
1 2897 1.79999995231628
1 3099 1.60000002384186
1 2643 3
1 3106 1.89999997615814
1 3107 2.09999990463257
1 2373 3.09999990463257
1 2641 2
1 2473 2.20000004768372
1 2108 1.79999995231628
1 2472 2.5
1 3105 2
1 2859 2.20000004768372
1 3274 2.20000004768372
1 3490 3.20000004768372
1 2831 3.40000009536743
1 3101 2.59999990463257
1 2662 3.20000004768372
1 2440 2.29999995231628
1 2441 2.20000004768372
1 2857 2.29999995231628
1 2858 2.70000004768372
1 3054 2.90000009536743
1 2256 2.70000004768372
1 3067 2.79999995231628
1 3637 2.40000009536743
1 2517 2.79999995231628
1 2244 1.89999997615814
1 4259 2.40000009536743
1 3402 2.5
1 2699 2.20000004768372
1 2432 2.5
1 3880 2.29999995231628
1 3220 1.89999997615814
1 3017 2.40000009536743
1 2830 2.90000009536743
1 2308 1.89999997615814
1 2886 2.09999990463257
1 4028 1.60000002384186
1 3501 3.90000009536743
1 2887 1.79999995231628
1 3085 2.20000004768372
1 2280 2.5
1 3275 1.89999997615814
1 2522 3.09999990463257
1 2685 2.09999990463257
1 3096 1.60000002384186
1 3095 2
1 3276 1.20000004768372
1 2695 1.20000004768372
1 3939 1.70000004768372
1 3499 1.60000002384186
1 3277 1.39999997615814
1 3765 1.5
1 3764 1.5
1 3940 1.5
1 2539 2.20000004768372
1 3500 1.60000002384186
1 2631 2
1 2895 2.90000009536743
1 2477 2.29999995231628
1 3719 2.79999995231628
1 2371 1.79999995231628
1 3071 2.40000009536743
1 3260 2.40000009536743
1 2945 4
1 2246 2.20000004768372
1 3930 2.20000004768372
1 2668 2.40000009536743
1 3770 3.09999990463257
1 2304 3.09999990463257
1 2327 1.89999997615814
1 2571 2.29999995231628
1 2425 1.39999997615814
1 2428 1.5
1 3440 2.70000004768372
1 3212 1.5
1 3109 2.79999995231628
1 2610 1.70000004768372
1 2427 1.39999997615814
1 3900 1.70000004768372
1 3211 1.5
1 2811 2.79999995231628
1 3899 1.5
1 3677 2.5
1 2514 3.70000004768372
1 3213 1.70000004768372
1 3905 2.29999995231628
1 2422 2.20000004768372
1 3250 2.09999990463257
1 3038 2.79999995231628
1 2822 3.09999990463257
1 3460 2.40000009536743
1 3461 2.29999995231628
1 2805 3.09999990463257
1 2806 2.09999990463257
1 2697 2
1 2623 1.89999997615814
1 3026 2.09999990463257
1 2416 2
1 2268 1.60000002384186
1 3031 2.09999990463257
1 2873 2.70000004768372
1 2663 1.70000004768372
1 3443 2.40000009536743
1 3992 2.79999995231628
1 3221 1.79999995231628
1 3721 1.89999997615814
1 2674 2.5
1 2476 2.29999995231628
1 2880 3.20000004768372
1 3061 3.09999990463257
1 3759 2.20000004768372
1 2299 1.70000004768372
1 2868 3.59999990463257
1 3034 2
1 3476 3
1 2667 2.5
1 3712 2.40000009536743
1 3285 2.20000004768372
1 2301 2.09999990463257
1 2604 2
1 2457 2
1 3486 2.29999995231628
1 3225 2
1 2818 3.20000004768372
1 3030 2.70000004768372
1 2521 3.70000004768372
1 2287 2.20000004768372
1 3201 2
1 2414 2.70000004768372
1 3636 2.29999995231628
1 3401 2.40000009536743
1 3002 2.09999990463257
1 2796 3.09999990463257
1 3245 1.39999997615814
1 2885 3
1 2480 2.79999995231628
1 3042 3
1 2276 2.29999995231628
1 3749 3
1 2669 2.20000004768372
1 2456 3.29999995231628
1 3226 1.79999995231628
1 3726 2.20000004768372
1 3458 2.59999990463257
1 3459 2.29999995231628
1 3727 2.20000004768372
1 2816 3.40000009536743
1 2867 2
1 4056 1.60000002384186
1 2866 1.70000004768372
1 2493 2.20000004768372
1 4055 1.29999995231628
1 3522 3.20000004768372
1 2368 1.60000002384186
1 4034 3.5
1 3229 2.59999990463257
1 2529 1.39999997615814
1 3110 3.09999990463257
1 3728 2.29999995231628
1 4471 3.25
1 4261 1.39999997615814
1 4260 1.70000004768372
1 2846 2.20000004768372
1 3723 3
1 3058 2.5
1 3263 2.5
1 2408 1.79999995231628
1 4175 1.39999997615814
1 3426 2.90000009536743
1 5072 1.75
1 2911 3
1 3635 1.5
1 3208 1.79999995231628
1 3009 1.89999997615814
1 3921 1.70000004768372
1 2511 1.89999997615814
1 2863 3
1 3658 3
1 3419 2.59999990463257
1 2801 2.59999990463257
1 3237 1.60000002384186
1 2621 1.70000004768372
1 3927 1.60000002384186
1 3027 2.29999995231628
1 3655 1.60000002384186
1 4348 1.85000002384186
1 3433 1.79999995231628
1 4347 1.39999997615814
1 2613 1.70000004768372
1 2836 1.60000002384186
1 3242 1.39999997615814
1 3973 1.60000002384186
1 3241 1.39999997615814
1 4177 2.40000009536743
1 3972 1.5
1 3050 1.29999995231628
1 2526 1.60000002384186
1 2835 1.79999995231628
1 3656 1.60000002384186
1 3432 1.89999997615814
1 2478 1.5
1 2475 3.29999995231628
1 3955 2.29999995231628
1 3437 3
1 2458 1.29999995231628
1 2906 2.79999995231628
1 3125 2.5
1 4035 2.79999995231628
1 3732 2.79999995231628
1 2446 1.29999995231628
1 3127 1.79999995231628
1 2934 2.70000004768372
1 4045 2.59999990463257
1 3762 2.70000004768372
1 3273 1.79999995231628
1 2675 1.79999995231628
1 2524 3.09999990463257
1 2527 1.70000004768372
1 2849 2
1 4403 2.25
1 4402 2.20000004768372
1 3202 2.40000009536743
1 3065 2.5
1 4023 2
1 3669 2
1 3066 1
1 4176 2.59999990463257
1 2607 1.79999995231628
1 2848 1.70000004768372
1 3670 2.59999990463257
1 4022 1.89999997615814
1 3115 1.20000004768372
1 2903 2
1 3114 1.29999995231628
1 3200 1.89999997615814
1 2455 1.29999995231628
1 3022 2
1 3970 2.09999990463257
1 3075 2
1 3279 2.40000009536743
1 2855 2.79999995231628
1 2941 2.40000009536743
1 2834 2.90000009536743
1 3746 2.90000009536743
1 3255 1.5
1 3917 1.5
1 3020 2.40000009536743
1 3918 1.5
1 2881 2.70000004768372
1 3044 1.70000004768372
1 2713 1.5
1 3780 1.79999995231628
1 3779 1.5
1 2928 3.09999990463257
1 3011 1.89999997615814
1 3060 2.5
1 2907 3.70000004768372
1 3244 2.40000009536743
1 2798 1.70000004768372
1 3005 1.70000004768372
1 3206 1.39999997615814
1 3761 2.20000004768372
1 2438 1.5
1 4032 2.09999990463257
1 3238 2
1 3028 2.29999995231628
1 3416 2.29999995231628
1 3663 2
1 3025 1.5
1 4019 2
1 3424 3.09999990463257
1 3215 2.09999990463257
1 3012 2.70000004768372
1 2635 1.60000002384186
1 2807 2.79999995231628
1 3672 2.79999995231628
1 2434 1.5
1 3199 1.70000004768372
1 3436 3
1 2804 2.29999995231628
1 4374 2.09999990463257
1 3013 2.70000004768372
1 2640 1.5
1 3665 3
1 2962 2.90000009536743
1 3021 2.29999995231628
1 3266 1.39999997615814
1 3645 2.5
1 3265 1.39999997615814
1 3713 1.39999997615814
1 3714 1.79999995231628
1 2851 3.5
1 3078 1.70000004768372
1 2502 1.39999997615814
1 3469 3
1 2870 1.39999997615814
1 2869 1.79999995231628
1 3715 3.20000004768372
1 3041 2.70000004768372
1 3931 1.79999995231628
1 3258 2.29999995231628
1 3227 1.60000002384186
1 3074 1.89999997615814
1 2510 1.29999995231628
1 2864 2.79999995231628
1 3246 2.59999990463257
1 3768 2.70000004768372
1 3076 2
1 3975 2.29999995231628
1 2608 1.60000002384186
1 3248 2.09999990463257
1 3423 2.79999995231628
1 4200 2.59999990463257
1 2860 2.09999990463257
1 3730 2.40000009536743
1 3292 1.5
1 3056 1.10000002384186
1 3438 2.29999995231628
1 2902 2.5
1 4040 2.79999995231628
1 4454 2
1 5734 1.70000004768372
1 2963 2.20000004768372
1 5126 1.95000004768372
1 3116 1.79999995231628
1 3738 2
1 5531 2.90000009536743
1 3280 1.89999997615814
1 4054 2.09999990463257
1 4150 2.59999990463257
1 4342 3.15000009536743
1 2795 3.20000004768372
1 3092 3
1 3642 3.20000004768372
1 3203 2.5
1 3509 3.20000004768372
1 3687 1.70000004768372
1 3240 1.39999997615814
1 3686 1.70000004768372
1 2817 2.90000009536743
1 3029 2.40000009536743
1 3001 1.89999997615814
1 2792 2.20000004768372
1 3284 2.5
1 3269 1.5
1 3503 2
1 3502 2.40000009536743
1 3895 1.5
1 3059 1.89999997615814
1 3268 1.60000002384186
1 3894 1.39999997615814
1 3008 1.89999997615814
1 2794 1.79999995231628
1 3293 2.40000009536743
1 3776 1.70000004768372
1 3538 4.40000009536743
1 3082 1.60000002384186
1 3775 1.89999997615814
1 2922 1.89999997615814
1 3685 2.40000009536743
1 3924 2.09999990463257
1 2799 1.70000004768372
1 4234 1.60000002384186
1 4335 1.79999995231628
1 3032 2.09999990463257
1 3231 1.89999997615814
1 3055 2.59999990463257
1 2829 2.40000009536743
1 2882 2.20000004768372
1 3453 1.29999995231628
1 3024 2.29999995231628
1 3660 2.20000004768372
1 3942 2.20000004768372
1 2812 2.70000004768372
1 3023 2.79999995231628
1 4153 2
1 4396 4
1 3971 2.79999995231628
1 3214 2.29999995231628
1 2871 2
1 2915 2.70000004768372
1 3097 1.79999995231628
1 3080 1.70000004768372
1 3525 3.5
1 4066 2.09999990463257
1 3129 2
1 3252 1.39999997615814
1 2853 3.09999990463257
1 3462 3.20000004768372
1 3036 2.59999990463257
1 3249 1.60000002384186
1 3019 1.79999995231628
1 3701 3
1 4169 2.5
1 3243 1.89999997615814
1 2938 1.39999997615814
1 3649 1.60000002384186
1 3948 2.59999990463257
1 3681 2.40000009536743
1 3545 3.29999995231628
1 3693 2.5
1 3470 2.90000009536743
1 3745 1.5
1 3744 1.89999997615814
1 3239 1.60000002384186
1 3409 1.60000002384186
1 3410 2.09999990463257
1 3683 2.59999990463257
1 3891 3
1 3209 2.20000004768372
1 2838 2
1 3007 1.89999997615814
1 4445 4.59999990463257
1 3267 1.70000004768372
1 4380 2.34999990463257
1 3692 1.79999995231628
1 3981 2.70000004768372
1 3694 2.5
1 3118 2.09999990463257
1 3247 2.09999990463257
1 3039 2
1 3483 2.20000004768372
1 3482 2.70000004768372
1 3291 2.79999995231628
1 3702 1.5
1 3703 2
1 5433 1.20000004768372
1 5432 2.09999990463257
1 4399 2.59999990463257
1 3654 1.79999995231628
1 5074 1.95000004768372
1 3801 2
1 3800 1.79999995231628
1 3283 2
1 2937 1.5
1 3514 2.29999995231628
1 3515 1.60000002384186
1 2852 1.60000002384186
1 3262 1.79999995231628
1 3062 1.70000004768372
1 2905 2.20000004768372
1 3447 2.59999990463257
1 4017 2.20000004768372
1 3234 1.70000004768372
1 3492 2.40000009536743
1 3742 1.89999997615814
1 3493 2.29999995231628
1 3741 1.70000004768372
1 3286 2.79999995231628
1 4235 2.59999990463257
1 3100 2
1 2919 1.60000002384186
1 3650 2
1 4190 2.70000004768372
1 4410 3.5
1 3919 2.5
1 3640 2.20000004768372
1 3018 1.70000004768372
1 3792 1.89999997615814
1 3793 1.89999997615814
1 4021 1.60000002384186
1 4180 2.09999990463257
1 3752 2.29999995231628
1 3751 1.60000002384186
1 4394 2.70000004768372
1 3464 2.59999990463257
1 3051 2.09999990463257
1 3288 1.89999997615814
1 3968 1.89999997615814
1 3517 2.79999995231628
1 3964 1.29999995231628
1 3963 2
1 3430 2.40000009536743
1 3675 1.60000002384186
1 3674 1.60000002384186
1 3527 2.90000009536743
1 3287 1.79999995231628
1 4004 2.5
1 5543 3.5
1 5134 1.70000004768372
1 4392 2.79999995231628
1 3282 2
1 4229 2.90000009536743
1 3040 1.60000002384186
1 4036 2.90000009536743
1 4241 3
1 3783 3.79999995231628
1 3716 3.09999990463257
1 2875 1.70000004768372
1 5087 2.25
1 3251 1.79999995231628
1 5140 1.60000002384186
1 3278 1.70000004768372
1 3953 1.20000004768372
1 3472 2.20000004768372
1 4452 2.40000009536743
1 3103 1.5
1 2943 1.10000002384186
1 3772 2.70000004768372
1 5443 1.89999997615814
1 5138 1.85000002384186
1 4000 2
1 4459 2.59999990463257
1 5444 2
1 4223 2.20000004768372
1 3758 2.09999990463257
1 3498 2.40000009536743
1 5080 2.70000004768372
1 3428 2.20000004768372
1 3886 2
1 3691 2.09999990463257
1 5546 3.29999995231628
1 5783 1.64999997615814
1 5784 1.54999995231628
1 4341 3.29999995231628
1 4185 2.79999995231628
1 3689 2.29999995231628
1 3102 1.60000002384186
1 3906 2.29999995231628
1 4377 2.5
1 3425 3.09999990463257
1 4187 1.39999997615814
1 5476 2.09999990463257
1 5790 1.60000002384186
1 3222 1.5
1 4409 2.40000009536743
1 4186 1.79999995231628
1 5069 2.54999995231628
1 5477 2.20000004768372
1 4398 1.89999997615814
1 3668 3
1 4424 2.70000004768372
1 5434 2
1 3431 2.09999990463257
1 3922 1.60000002384186
1 3449 1.20000004768372
1 3659 2.5
1 3704 3.59999990463257
1 4151 2.5
1 3224 1.70000004768372
1 4355 1.89999997615814
1 4356 2
1 5121 2.09999990463257
1 3722 2.40000009536743
1 3478 2.40000009536743
1 3946 2
1 3289 1.70000004768372
1 4203 3
1 4367 1.89999997615814
1 3684 2.59999990463257
1 3932 1.70000004768372
1 5877 2
1 4205 1.70000004768372
1 3471 2.5
1 4206 1.89999997615814
1 3933 1.70000004768372
1 5878 1.79999995231628
1 3724 2
1 4195 1.39999997615814
1 3718 2.5
1 3466 1.39999997615814
1 3467 1.39999997615814
1 3734 2.59999990463257
1 3504 3.09999990463257
1 3653 2.09999990463257
1 4362 3.5
1 4171 2.20000004768372
1 4415 2.09999990463257
1 3936 1.70000004768372
1 3717 2.59999990463257
1 3403 2.40000009536743
1 3760 2.20000004768372
1 4184 2.29999995231628
1 4351 1.5
1 3696 2.09999990463257
1 3878 1.10000002384186
1 4352 1.39999997615814
1 3429 2
1 3950 1.29999995231628
1 4232 2.09999990463257
1 3488 2.40000009536743
1 3747 2.40000009536743
1 4438 1.89999997615814
1 3994 2.59999990463257
1 4236 2.29999995231628
1 4024 2.59999990463257
1 3995 2.59999990463257
1 3733 2.5
1 3774 2.79999995231628
1 4057 2.70000004768372
1 3434 1.5
1 3819 3
1 4010 2.40000009536743
1 3755 2
1 4224 1.70000004768372
1 4225 1.5
1 3232 1.29999995231628
1 5521 2
1 5522 1.89999997615814
1 4400 1.70000004768372
1 3739 1.60000002384186
1 5130 2.25
1 3740 1.60000002384186
1 4401 1.79999995231628
1 3763 2.20000004768372
1 4029 1.60000002384186
1 4030 1.5
1 5541 3
1 4475 3.09999990463257
1 4253 2.40000009536743
1 3709 2.79999995231628
1 3937 1.79999995231628
1 3729 2.79999995231628
1 3938 1.79999995231628
1 4334 1.79999995231628
1 4333 1.70000004768372
1 3926 2.20000004768372
1 4453 2.40000009536743
1 3925 2.20000004768372
1 3814 2.59999990463257
1 3394 1.20000004768372
1 4167 2.5
1 4339 2
1 5058 2.09999990463257
1 6487 2.5
1 4191 2.09999990463257
1 5544 4.19999980926514
1 3750 1.79999995231628
1 3941 2.09999990463257
1 3420 1.5
1 3639 1.29999995231628
1 3513 1.5
1 3786 2.5
1 4003 2
1 3421 1.70000004768372
1 3708 2.90000009536743
1 4174 2.40000009536743
1 3442 1.79999995231628
1 5073 1.79999995231628
1 4368 2.70000004768372
1 5483 1.79999995231628
1 4216 2.20000004768372
1 5484 1.89999997615814
1 3736 2.29999995231628
1 3414 1.79999995231628
1 3439 2.20000004768372
1 4434 2.29999995231628
1 4041 2.90000009536743
1 3816 2.5
1 3661 2.09999990463257
1 4242 2.79999995231628
1 4178 1.89999997615814
1 3494 1.39999997615814
1 3647 1.89999997615814
1 4201 1.89999997615814
1 4012 1.70000004768372
1 5545 2.59999990463257
1 5111 1.89999997615814
1 4473 3.20000004768372
1 4064 2.40000009536743
1 4251 2.70000004768372
1 3671 1.5
1 3996 2.20000004768372
1 5061 1.79999995231628
1 5446 1.60000002384186
1 5749 2.40000009536743
1 3487 1.39999997615814
1 4344 2.29999995231628
1 5447 1.79999995231628
1 4158 1.89999997615814
1 3657 2.29999995231628
1 4172 2.59999990463257
1 5440 2
1 5972 4.09999990463257
1 5441 1.89999997615814
1 4363 3
1 3904 2.29999995231628
1 4031 2.40000009536743
1 5088 2.70000004768372
1 4202 2.29999995231628
1 3811 1.79999995231628
1 3957 2.29999995231628
1 3523 1.5
1 3644 1.39999997615814
1 6082 2.29999995231628
1 6566 1.79999995231628
1 4156 2.5
1 5056 2.04999995231628
1 6131 2.70000004768372
1 3688 2.40000009536743
1 5821 4
1 3412 1.79999995231628
1 5076 2.75
1 3748 1.89999997615814
1 4181 1.89999997615814
1 4390 2.20000004768372
1 4391 1.54999995231628
1 4160 2.40000009536743
1 3664 2.09999990463257
1 3978 2.40000009536743
1 4219 2.20000004768372
1 4227 1.70000004768372
1 4376 2.29999995231628
1 4039 2.20000004768372
1 3511 1.60000002384186
1 4192 2.20000004768372
1 4458 2.79999995231628
1 4058 2.5
1 5152 2.15000009536743
1 3662 1.89999997615814
1 5508 4.40000009536743
1 5068 2.29999995231628
1 3928 2.40000009536743
1 5423 2.5
1 3643 2
1 3445 1.5
1 4226 2.70000004768372
1 3882 2.09999990463257
1 4440 2.90000009536743
1 3465 1.39999997615814
1 3698 1.79999995231628
1 3524 1.89999997615814
1 5840 2.25
1 4007 2.09999990463257
1 4337 2.34999990463257
1 4198 2.09999990463257
1 3710 1.79999995231628
1 3481 1.39999997615814
1 5833 1.89999997615814
1 5086 3
1 4395 2.79999995231628
1 5834 2.29999995231628
1 3809 2.59999990463257
1 3951 2.5
1 4210 3.20000004768372
1 4173 2.40000009536743
1 6485 3.29999995231628
1 5093 1.60000002384186
1 5092 1.70000004768372
1 3448 1.70000004768372
1 4413 2.59999990463257
1 3991 2.40000009536743
1 5913 3.40000009536743
1 6158 2.79999995231628
1 4463 3.59999990463257
1 3889 1.70000004768372
1 3720 1.5
1 3474 1.79999995231628
1 3690 1.60000002384186
1 4470 2.70000004768372
1 5505 3.20000004768372
1 4025 2.20000004768372
1 4228 2
1 6154 1.75
1 6155 1.60000002384186
1 6397 1.70000004768372
1 6396 1.79999995231628
1 5150 1.75
1 5151 1.5
1 4026 1.60000002384186
1 4240 2
1 5155 2.59999990463257
1 3518 1.5
1 5132 3
1 3711 1.70000004768372
1 4411 2.90000009536743
1 3999 2.5
1 4336 1.89999997615814
1 3705 1.70000004768372
1 5077 2.70000004768372
1 5830 2.90000009536743
1 4196 2.40000009536743
1 3536 2.20000004768372
1 5141 2.04999995231628
1 5732 1.75
1 3949 2.79999995231628
1 5731 2
1 3519 1.70000004768372
1 4189 2
1 4456 3.09999990463257
1 6164 2.79999995231628
1 5146 2.95000004768372
1 4215 1.89999997615814
1 4016 1.60000002384186
1 4359 2.59999990463257
1 3977 1.5
1 5071 2.29999995231628
1 4033 1.39999997615814
1 4404 2.20000004768372
1 3890 2
1 4155 1.70000004768372
1 4338 2.59999990463257
1 5122 1.85000002384186
1 3986 2
1 4231 2.90000009536743
1 5507 4.40000009536743
1 5846 1.79999995231628
1 5847 2.5
1 4429 3
1 5105 1.5
1 5797 2.90000009536743
1 4197 2
1 4378 2.40000009536743
1 3923 1.79999995231628
1 4375 2.59999990463257
1 4183 1.79999995231628
1 4418 2.20000004768372
1 4417 1.89999997615814
1 4179 2.40000009536743
1 4437 2.5
1 4255 2.09999990463257
1 4354 2.90000009536743
1 3920 1.79999995231628
1 5748 2.5
1 4001 1.60000002384186
1 5137 2.29999995231628
1 4462 2.90000009536743
1 3778 1.60000002384186
1 6392 1.60000002384186
1 4357 2.79999995231628
1 4068 1.89999997615814
1 5067 2.45000004768372
1 4165 2.20000004768372
1 6391 1.39999997615814
1 5902 3.70000004768372
1 4071 1.5
1 4230 2.5
1 5153 2.79999995231628
1 4070 2.79999995231628
1 4161 1.70000004768372
1 3892 1.60000002384186
1 4349 1.14999997615814
1 4350 1.29999995231628
1 5075 2.09999990463257
1 4420 2.09999990463257
1 5089 1.79999995231628
1 5880 2.79999995231628
1 5115 1.79999995231628
1 4426 3.09999990463257
1 6327 2.25
1 5728 3
1 5420 3.09999990463257
1 5108 2.5
1 4416 2
1 6162 2.5
1 6827 1.45000004768372
1 4353 3
1 6360 1.60000002384186
1 5063 1.70000004768372
1 6361 1.35000002384186
1 5426 2.20000004768372
1 6091 1.5
1 5427 1.5
1 6851 1.85000002384186
1 4430 2
1 4182 2
1 6336 1.70000004768372
1 6087 2.79999995231628
1 6337 1.70000004768372
1 5059 2.20000004768372
1 5112 1.54999995231628
1 5929 3.79999995231628
1 6704 1.70000004768372
1 6156 1.70000004768372
1 5551 4
1 4243 2.09999990463257
1 5113 2.45000004768372
1 4436 2.29999995231628
1 5891 2.95000004768372
1 6095 2.45000004768372
1 5081 2.25
1 5742 2.84999990463257
1 4387 1.95000004768372
1 4432 2.40000009536743
1 5147 2.09999990463257
1 5472 3.40000009536743
1 5811 2.79999995231628
1 4258 1.79999995231628
1 4065 1.29999995231628
1 4449 2.84999990463257
1 5133 2.15000009536743
1 5888 1.54999995231628
1 5887 1.95000004768372
1 4067 1.70000004768372
1 5085 1.75
1 4248 2
1 4379 2.5
1 5802 3.09999990463257
1 4435 2.29999995231628
1 5127 2.20000004768372
1 4460 2.40000009536743
1 6365 2.15000009536743
1 6108 2.15000009536743
1 5070 2.15000009536743
1 6952 3.15000009536743
1 5439 2.79999995231628
1 5066 1.89999997615814
1 5769 3
1 4408 2.20000004768372
1 5726 1.60000002384186
1 5727 1.60000002384186
1 5495 2.70000004768372
1 5078 2.29999995231628
1 5810 2.5
1 6118 2.20000004768372
1 4382 1.70000004768372
1 4366 2.20000004768372
1 7236 1.35000002384186
1 5794 1.60000002384186
1 6134 2.90000009536743
1 7237 1.79999995231628
1 5100 2.15000009536743
1 6707 1.75
1 4372 2
1 5795 1.70000004768372
1 6119 1.89999997615814
1 5091 2
1 6434 2.70000004768372
1 4371 1.75
1 5120 1.75
1 4381 2.09999990463257
1 5471 2.5
1 6173 1.89999997615814
1 5844 1.85000002384186
1 5144 1.64999997615814
1 6136 2.59999990463257
1 5823 2.5
1 6384 2.25
1 5755 2.25
1 5422 2.79999995231628
1 4439 1
1 5745 3
1 5135 1.54999995231628
1 5478 2.5
1 4472 1.64999997615814
1 5421 2.40000009536743
1 5114 2.29999995231628
1 5741 3.20000004768372
1 6089 2.5
1 5762 2.79999995231628
1 5156 1.85000002384186
1 6383 2.59999990463257
1 6489 1.60000002384186
1 5523 2.59999990463257
1 5106 2.40000009536743
1 5806 1.85000002384186
1 5807 1.85000002384186
1 6170 3.09999990463257
1 6442 3.20000004768372
1 4386 2.09999990463257
1 5094 2.09999990463257
1 5128 1.64999997615814
1 6139 2.70000004768372
1 6112 2.15000009536743
1 5875 2.59999990463257
1 6420 2.09999990463257
1 6705 1.75
1 7240 2.45000004768372
1 5804 3
1 5124 1.95000004768372
1 6636 2.25
1 6907 2.45000004768372
1 5805 2.54999995231628
1 5090 2.45000004768372
1 5837 2.5
1 5129 1.95000004768372
1 5921 3
1 6333 2.40000009536743
1 6401 1.45000004768372
1 5754 2.90000009536743
1 5468 2.79999995231628
1 6096 2.59999990463257
1 6390 2.70000004768372
1 5125 1.54999995231628
1 6620 2.29999995231628
1 6990 2.90000009536743
1 6145 2.59999990463257
1 5758 2.79999995231628
1 5772 2.20000004768372
1 6202 2.5
1 6864 2.65000009536743
1 5884 3.20000004768372
1 8268 2.29999995231628
1 5486 3
1 7207 3.20000004768372
1 6622 3
1 7479 2.5
1 7442 1.85000002384186
1 5798 2.5
1 8231 2.65000009536743
1 5131 1.70000004768372
1 6613 1.54999995231628
1 7114 2.5
1 6143 1.39999997615814
1 6614 1.39999997615814
1 6144 1.89999997615814
1 6505 2.54999995231628
1 7443 1.39999997615814
1 6149 2.79999995231628
1 5903 3.20000004768372
1 5759 2.20000004768372
1 5157 1.85000002384186
1 6189 2.09999990463257
1 5817 2.79999995231628
1 8394 1.60000002384186
1 6890 1.54999995231628
1 6405 1.29999995231628
1 7152 2.54999995231628
1 6891 1.5
1 6404 2.5
1 5766 1.45000004768372
1 5764 1.54999995231628
1 7210 2.45000004768372
1 6861 1.5
1 6609 1.60000002384186
1 6862 1.35000002384186
1 6099 3.09999990463257
1 6332 2.5
1 6829 2.40000009536743
1 5852 2.59999990463257
1 7111 2.5
1 6563 2.29999995231628
1 6930 2.70000004768372
1 5442 3
1 5107 2
1 6109 2.40000009536743
1 5482 2
1 6652 2
1 6410 2.40000009536743
1 5801 2
1 6398 2.40000009536743
1 6912 2.59999990463257
1 6126 2.20000004768372
1 7307 1.54999995231628
1 5818 3.09999990463257
1 6102 2.45000004768372
1 6661 2.45000004768372
1 6453 2.95000004768372
1 6191 3.29999995231628
1 6630 2.04999995231628
1 7308 1.45000004768372
1 6847 1.04999995231628
1 5799 2.40000009536743
1 6708 1.89999997615814
1 6389 1.60000002384186
1 6846 1.39999997615814
1 5886 2.79999995231628
1 6436 1.70000004768372
1 5498 3
1 9133 2
1 7605 1.5
1 6197 1.89999997615814
1 5465 1.89999997615814
1 5890 2.59999990463257
1 6506 1.29999995231628
1 6650 2.04999995231628
1 5555 3
1 5895 2.79999995231628
1 6970 1.89999997615814
1 6971 1.10000002384186
1 6177 3.40000009536743
1 6667 2.45000004768372
1 5835 3
1 6480 2.09999990463257
1 5990 2.20000004768372
1 6168 2.15000009536743
1 6896 2.20000004768372
1 5538 2.09999990463257
1 6683 1.97500002384186
1 5425 2.59999990463257
1 7520 1.70000004768372
1 6452 2.70000004768372
1 5918 2.40000009536743
1 6963 3.40000009536743
1 6697 2.70000004768372
1 5997 3.5
1 6729 3.45000004768372
1 8216 2.79999995231628
1 6198 3.59999990463257
1 5509 3
1 6103 2
1 5448 1.70000004768372
1 6681 2.34999990463257
1 6424 2.79999995231628
1 7243 3.5
1 5803 2.09999990463257
1 5907 2.15000009536743
1 6826 2.20000004768372
1 6340 1.79999995231628
1 7112 1.79999995231628
1 6607 2.04999995231628
1 5782 2
1 5763 2.95000004768372
1 6378 3.29999995231628
1 5454 2.40000009536743
1 6101 2.20000004768372
1 5725 1.95000004768372
1 6660 2.65000009536743
1 6127 1.89999997615814
1 7594 2.59999990463257
1 5908 1.70000004768372
1 8287 2.34999990463257
1 5535 1.79999995231628
1 7133 2.65000009536743
1 8336 2.75
1 6386 2
1 5767 2
1 6114 2.25
1 7539 2.45000004768372
1 6706 4.05000019073486
1 6924 2.79999995231628
1 6676 1.45000004768372
1 6411 2.40000009536743
1 7592 3.79999995231628
1 6675 1.45000004768372
1 6182 2.09999990463257
1 6976 2.40000009536743
1 5911 1.70000004768372
1 7589 2.70000004768372
1 6886 3.09999990463257
1 6583 2.20000004768372
1 6342 2.25
1 6579 1.60000002384186
1 5746 1.70000004768372
1 6359 2.25
1 6329 2.20000004768372
1 5497 1.5
1 7107 2.54999995231628
1 7439 2.25
1 5730 1.85000002384186
1 5554 1.95000004768372
1 5879 2.09999990463257
1 5889 2.34999990463257
1 6153 1.54999995231628
1 7163 2.79999995231628
1 5876 1.39999997615814
1 6663 2
1 6712 3.09999990463257
1 5445 1.60000002384186
1 6900 2.20000004768372
1 7139 2.15000009536743
1 7540 2.5
1 8316 2.20000004768372
1 5777 2.09999990463257
1 5812 1.79999995231628
1 5475 1.5
1 5558 1.79999995231628
1 6459 2.70000004768372
1 6725 3.29999995231628
1 7222 2.79999995231628
1 6982 3.40000009536743
1 6475 2.29999995231628
1 6892 2.15000009536743
1 6157 1.64999997615814
1 6612 2.45000004768372
1 6985 2.65000009536743
1 6425 2.29999995231628
1 6908 1.75
1 7105 1.95000004768372
1 6192 1.60000002384186
1 6651 1.75
1 6710 1.54999995231628
1 7150 1.89999997615814
1 7151 1.60000002384186
1 7461 2.70000004768372
1 5796 2.09999990463257
1 6711 1.77499997615814
1 6186 1.45000004768372
1 8455 2
1 7537 1.95000004768372
1 8456 1.79999995231628
1 5485 1.89999997615814
1 7235 3.20000004768372
1 5824 2.09999990463257
1 7538 1.75
1 6455 2.90000009536743
1 5822 1.79999995231628
1 7547 1.54999995231628
1 7200 2.79999995231628
1 7548 1.60000002384186
1 6176 2.04999995231628
1 6483 1.79999995231628
1 6175 1.79999995231628
1 6722 2.09999990463257
1 5914 1.60000002384186
1 5524 2
1 6482 2.09999990463257
1 6850 2.5
1 7478 2
1 6462 2.90000009536743
1 7209 2.25
1 6939 2.59999990463257
1 7121 2.5
1 5502 1.89999997615814
1 7434 1.70000004768372
1 6944 2.79999995231628
1 6402 2.5
1 5747 2
1 7493 2.40000009536743
1 5744 2
1 7168 3
1 6435 2.90000009536743
1 6956 3.40000009536743
1 6623 2.5
1 5553 1.89999997615814
1 6730 2.29999995231628
1 7598 2
1 6200 2.04999995231628
1 6980 3.20000004768372
1 6605 1.39999997615814
1 6362 2
1 8230 1.79999995231628
1 6421 2.29999995231628
1 6881 1.60000002384186
1 7154 1.75
1 6882 1.45000004768372
1 6654 1.5
1 6653 1.64999997615814
1 7153 1.64999997615814
1 6335 2.54999995231628
1 7241 2.34999990463257
1 6407 2.40000009536743
1 7583 2.45000004768372
1 6646 2.20000004768372
1 7554 1.95000004768372
1 6400 2.5
1 8218 1.39999997615814
1 6595 1.39999997615814
1 6870 2.79999995231628
1 7137 1.70000004768372
1 7487 1.75
1 6649 2.34999990463257
1 6380 2.15000009536743
1 7477 1.85000002384186
1 7232 3.15000009536743
1 7513 1.39999997615814
1 8277 1.79999995231628
1 6151 1.79999995231628
1 7514 1.60000002384186
1 8278 1.60000002384186
1 8325 2.75
1 6724 2.65000009536743
1 6957 1.85000002384186
1 8242 2.5
1 7459 1.54999995231628
1 7458 1.45000004768372
1 7118 3.20000004768372
1 6577 2.59999990463257
1 5836 1.5
1 8253 2.90000009536743
1 6920 2.95000004768372
1 7131 2.90000009536743
1 6873 1.45000004768372
1 7223 3.09999990463257
1 6659 1.97500002384186
1 6381 2.20000004768372
1 8274 2.04999995231628
1 6874 1.64999997615814
1 6983 2.65000009536743
1 7604 3.59999990463257
1 6471 2.29999995231628
1 6727 3.25
1 7192 2.79999995231628
1 8355 2.40000009536743
1 6717 2.09999990463257
1 7564 2.09999990463257
1 6716 3.25
1 6174 1.75
1 6927 2.40000009536743
1 6825 1.54999995231628
1 7462 1.54999995231628
1 7463 1.64999997615814
1 6596 1.35000002384186
1 6597 1.25
1 6824 1.5
1 6367 2.20000004768372
1 5935 1.45000004768372
1 5934 1.5
1 6366 1.5
1 6477 2.79999995231628
1 7584 1.64999997615814
1 5928 1.75
1 7585 1.60000002384186
1 7211 2.54999995231628
1 6693 1.92499995231628
1 9117 2.54999995231628
1 8324 2.90000009536743
1 9879 2.70000004768372
1 6885 3.04999995231628
1 6460 3
1 7224 3.40000009536743
1 6677 2.70000004768372
1 5900 1.25
1 6972 3.09999990463257
1 7172 1.89999997615814
1 6974 2.25
1 6289 1.29999995231628
1 6203 1.29999995231628
1 6456 2.59999990463257
1 7125 2.79999995231628
1 7556 2
1 6942 1.45000004768372
1 6941 1.75
1 6662 2.59999990463257
1 8280 2.5
1 5932 1.60000002384186
1 7205 3.15000009536743
1 6682 2.79999995231628
1 6183 1.95000004768372
1 7565 2.90000009536743
1 7244 2.5
1 6911 2.59999990463257
1 6691 2.59999990463257
1 9108 2
1 6172 1.64999997615814
1 6694 1.25
1 8796 1.30999994277954
1 5910 1.45000004768372
1 6695 1.45000004768372
1 9107 1.79999995231628
1 7576 3
1 6464 2.90000009536743
1 8351 2.5
1 7173 3.15000009536743
1 6718 2.59999990463257
1 7255 2.5
1 6986 3.5
1 6715 2.04999995231628
1 7560 2.20000004768372
1 8811 1.79999995231628
1 6879 1.60000002384186
1 7177 2.25
1 8301 1.5
1 7526 1.54999995231628
1 6928 2.25
1 7233 2.25
1 7544 1.89999997615814
1 5925 1.54999995231628
1 6678 2.70000004768372
1 7165 1.95000004768372
1 6958 2.65000009536743
1 8362 3.65000009536743
1 7543 2.29999995231628
1 7164 2.15000009536743
1 6171 2.04999995231628
1 6670 1.54999995231628
1 7136 2.40000009536743
1 6917 2.34999990463257
1 6350 1.85000002384186
1 7214 2.40000009536743
1 7516 1.70000004768372
1 6634 1.89999997615814
1 6943 2.40000009536743
1 6925 1.82500004768372
1 6960 2.59999990463257
1 6565 2
1 5977 1.5
1 5916 2.09999990463257
1 6413 1.79999995231628
1 6125 1.79999995231628
1 6945 3.04999995231628
1 6123 1.39999997615814
1 6625 2.29999995231628
1 7206 3.20000004768372
1 6875 2.20000004768372
1 6664 2.25
1 6438 2.20000004768372
1 7530 2.29999995231628
1 7245 2.25
1 6387 2.40000009536743
1 6871 2.375
1 6692 2.65000009536743
1 6354 1.89999997615814
1 6883 2.59999990463257
1 7257 2.59999990463257
1 6713 3.15000009536743
1 6688 3.20000004768372
1 7143 3.15000009536743
1 7475 3
1 9116 3.34999990463257
1 6860 3
1 8762 2.27999997138977
1 8330 3.65000009536743
1 6341 2.40000009536743
1 8345 2.04999995231628
1 8346 2
1 6964 3.25
1 6701 1.89999997615814
1 6837 2.59999990463257
1 6163 2.09999990463257
1 5996 1.5
1 7450 2.70000004768372
1 6578 2
1 7109 2.90000009536743
1 6345 2.15000009536743
1 9901 3.40000009536743
1 8720 2.04999995231628
1 6627 1.70000004768372
1 7110 3.09999990463257
1 6841 2.59999990463257
1 9039 2.54999995231628
1 6088 1.64999997615814
1 6626 1.5
1 7451 2.5
1 7506 2.25
1 7242 2.95000004768372
1 7531 1.70000004768372
1 6904 1.85000002384186
1 6680 2.34999990463257
1 6905 1.79999995231628
1 6474 2.20000004768372
1 5851 1.95000004768372
1 6954 3
1 6689 2.54999995231628
1 5933 1.5
1 6696 2.95000004768372
1 6399 2.70000004768372
1 6161 1.85000002384186
1 6932 2.90000009536743
1 8313 2.84999990463257
1 7553 2.70000004768372
1 7161 2
1 6931 3
1 7162 1.85000002384186
1 6977 2.59999990463257
1 6671 2.20000004768372
1 7251 2.34999990463257
1 7485 2.40000009536743
1 8337 2.5
1 6703 3.15000009536743
1 6872 2.5
1 6443 1.70000004768372
1 7496 2.34999990463257
1 7144 2.09999990463257
1 9105 2.59999990463257
1 6690 1.97500002384186
1 7266 2.75
1 6880 2.75
1 6687 2.25
1 7555 3
1 8363 3.40000009536743
1 7170 2.25
1 7545 2.04999995231628
1 6959 2.02500009536743
1 7184 3.29999995231628
1 8340 2.25
1 6981 3.09999990463257
1 6684 1.79999995231628
1 7562 2.59999990463257
1 6575 1.5
1 8214 2.45000004768372
1 6836 1.89999997615814
1 7187 1.70000004768372
1 7597 2.79999995231628
1 6903 1.64999997615814
1 6849 2.15000009536743
1 7497 2.79999995231628
1 8219 2.54999995231628
1 8725 1.67999994754791
1 9020 2.75
1 7115 2.45000004768372
1 9814 2.77999997138977
1 7183 3.79999995231628
1 7253 2.15000009536743
1 6591 2.15000009536743
1 6832 2
1 6635 2.04999995231628
1 7527 2.34999990463257
1 8341 2.90000009536743
1 9861 2.26999998092651
1 10206 1.70000004768372
1 7201 2.59999990463257
1 6915 1.70000004768372
1 7550 1.89999997615814
1 7551 2.09999990463257
1 6700 2.09999990463257
1 7228 2.79999995231628
1 6966 2.45000004768372
1 7517 2.40000009536743
1 8279 2.84999990463257
1 9121 2.09999990463257
1 6857 1.95000004768372
1 8745 2.5
1 7135 2.59999990463257
1 9120 1.79999995231628
1 6611 1.5
1 6922 2.5
1 7145 2.04999995231628
1 6898 1.29999995231628
1 9888 1.76999998092651
1 7218 2
1 6897 1.04999995231628
1 6884 2.5
1 7196 3.09999990463257
1 6714 2.25
1 6937 1.39999997615814
1 6936 1.14999997615814
1 6645 2
1 8267 3
1 8769 2.5699999332428
1 7231 3.20000004768372
1 7174 2.5
1 7559 2.40000009536743
1 7529 2.09999990463257
1 6940 1.77499997615814
1 8334 1.5
1 7195 1.64999997615814
1 11280 2.15000009536743
1 8245 1.70000004768372
1 9756 2
1 6914 1.75
1 7194 2.5
1 8726 1.82000005245209
1 10561 1.27999997138977
1 8326 3.54999995231628
1 6935 1.89999997615814
1 8258 2.20000004768372
1 9102 2
1 8799 1.5900000333786
1 7199 2.45000004768372
1 6988 2.5
1 9061 2.5
1 8801 2.48000001907349
1 6685 1.54999995231628
1 7587 3
1 8238 1.29999995231628
1 6868 1.89999997615814
1 7156 2.70000004768372
1 6674 1.60000002384186
1 6838 2.04999995231628
1 9115 2.20000004768372
1 9114 1.89999997615814
1 8320 1.39999997615814
1 7181 1.54999995231628
1 7180 1.64999997615814
1 8321 1.79999995231628
1 6633 1.60000002384186
1 7515 2.34999990463257
1 6728 1.5
1 6949 2.02500009536743
1 8358 3.40000009536743
1 7481 2.45000004768372
1 6953 1.54999995231628
1 7146 2.54999995231628
1 7238 2.95000004768372
1 9023 2.79999995231628
1 6968 2.34999990463257
1 8227 2.59999990463257
1 10660 2.44000005722046
1 7227 1.89999997615814
1 9786 2.45000004768372
1 10200 2.3199999332428
1 8740 2.44000005722046
1 9037 3.09999990463257
1 7213 2.29999995231628
1 7325 3
1 8766 2.40000009536743
1 9085 2.65000009536743
1 8260 1.60000002384186
1 9893 2
1 8261 1.79999995231628
1 7465 1.64999997615814
1 6913 1.95000004768372
1 7464 1.60000002384186
1 7226 1.95000004768372
1 8778 2.42000007629395
1 10182 2.04999995231628
1 8304 2.75
1 7524 2.29999995231628
1 8733 1.96000003814697
1 6848 2.07500004768372
1 8262 2.15000009536743
1 6975 1.89999997615814
1 7127 2.29999995231628
1 7501 2.04999995231628
1 8767 1.45000004768372
1 9148 1.64999997615814
1 7167 1.95000004768372
1 8365 2.45000004768372
1 9147 1.95000004768372
1 8360 2.54999995231628
1 10315 2.55999994277954
1 9910 2.72000002861023
1 6955 2.40000009536743
1 7552 2.40000009536743
1 7182 2.5
1 8318 2.65000009536743
1 7234 2.25
1 7568 2.90000009536743
1 7549 2.34999990463257
1 7124 1.89999997615814
1 6906 1.29999995231628
1 8289 2.45000004768372
1 6918 2.29999995231628
1 9765 1.62000000476837
1 7256 3.5
1 7534 3.20000004768372
1 9764 1.70000004768372
1 10212 2.34999990463257
1 7590 2.70000004768372
1 6978 1.70000004768372
1 7159 2.59999990463257
1 7160 2.5
1 6887 2
1 8221 2.34999990463257
1 7533 2.45000004768372
1 6919 2
1 8347 3.34999990463257
1 7197 2.70000004768372
1 7171 2.70000004768372
1 7561 2.5
1 10192 2.72000002861023
1 8333 2.25
1 9780 1.79999995231628
1 11554 1.95000004768372
1 7142 2.15000009536743
1 7511 2.34999990463257
1 8297 2.40000009536743
1 7446 1.85000002384186
1 7120 2.40000009536743
1 7502 2
1 8271 2.29999995231628
1 7169 2.29999995231628
1 9872 3.59999990463257
1 10330 3.01999998092651
1 8735 1.98000001907349
1 8265 2.79999995231628
1 7193 2.20000004768372
1 9903 2.65000009536743
1 7129 2.15000009536743
1 8724 2.42000007629395
1 9811 1.60000002384186
1 8220 2.75
1 7440 2.59999990463257
1 9810 1.79999995231628
1 8791 3.20000004768372
1 7480 2.70000004768372
1 7216 2.90000009536743
1 8290 1.79999995231628
1 9841 2.63000011444092
1 9059 3.15000009536743
1 8457 2.65000009536743
1 7569 2.20000004768372
1 7246 1.70000004768372
1 8783 1.8400000333786
1 7682 1.70000004768372
1 9134 1.70000004768372
1 9135 1.75
1 7204 2.25
1 10196 2.65000009536743
1 8713 2.33999991416931
1 8237 2.29999995231628
1 7512 2.45000004768372
1 9025 1.89999997615814
1 9823 1.89999997615814
1 9026 2.20000004768372
1 7220 1.95000004768372
1 9010 2.09999990463257
1 10210 2.70000004768372
1 9806 1.70000004768372
1 10567 1.64999997615814
1 8732 2.1800000667572
1 9011 2.25
1 11126 1.60000002384186
1 8235 2.59999990463257
1 7262 2.15000009536743
1 7437 1.75
1 7189 2
1 9103 2.79999995231628
1 8353 3
1 7166 1.70000004768372
1 10340 2.35999989509583
1 8813 3.55999994277954
1 9860 2.79999995231628
1 11221 2.75
1 7557 2.29999995231628
1 10193 2.24000000953674
1 7455 2
1 8742 2.90000009536743
1 7202 1.85000002384186
1 8312 2
1 9825 1.77999997138977
1 9050 1.70000004768372
1 7600 2.79999995231628
1 8322 3.59999990463257
1 7190 1.75
1 8790 2.70000004768372
1 9051 1.85000002384186
1 10224 2.5
1 9826 1.70000004768372
1 11249 2.15000009536743
1 10301 2.09999990463257
1 8282 2.02500009536743
1 9132 2.84999990463257
1 10658 1.60000002384186
1 7260 1.70000004768372
1 9001 1.70000004768372
1 7486 2.20000004768372
1 8800 2.38000011444092
1 7116 2.15000009536743
1 8291 3
1 7456 2.59999990463257
1 8328 2.45000004768372
1 9145 1.95000004768372
1 8794 2
1 9144 1.95000004768372
1 10355 2.49000000953674
1 7261 2.40000009536743
1 9918 2.27999997138977
1 8352 1.70000004768372
1 9118 2.25
1 10281 1.95000004768372
1 8807 1.77999997138977
1 10253 1.95000004768372
1 9817 2.1800000667572
1 9038 2.79999995231628
1 11202 2.90000009536743
1 10529 1.97000002861023
1 7149 2.20000004768372
1 8784 2.5
1 9104 2.75
1 7528 2.59999990463257
1 9798 2.61999988555908
1 8710 2.09999990463257
1 8217 1.95000004768372
1 10517 1.82000005245209
1 7444 1.79999995231628
1 10181 1.89999997615814
1 11250 2.29999995231628
1 9005 2.15000009536743
1 9757 2.15000009536743
1 7473 2.34999990463257
1 9004 2.5
1 8718 2.51999998092651
1 10214 2
1 7570 2.45000004768372
1 8259 2.40000009536743
1 7258 1.85000002384186
1 7239 1.89999997615814
1 7252 1.89999997615814
1 7579 3
1 8273 1.60000002384186
1 7567 1.39999997615814
1 11166 1.51999998092651
1 9883 1.86000001430511
1 10289 2.70000004768372
1 8319 2.40000009536743
1 11167 1.50999999046326
1 9884 1.54999995231628
1 7588 2.34999990463257
1 8786 2.46000003814697
1 7582 2.59999990463257
1 8744 1.82000005245209
1 8292 2.45000004768372
1 7254 2.15000009536743
1 9012 2.84999990463257
1 7452 1.89999997615814
1 10259 1.64999997615814
1 7221 1.75
1 9822 1.79999995231628
1 8338 2
1 10337 1.77999997138977
1 9870 2.40000009536743
1 8269 2.15000009536743
1 7518 2.40000009536743
1 10570 1.37999999523163
1 7447 1.79999995231628
1 8226 1.75
1 11141 1.39999997615814
1 9781 1.63999998569489
1 8716 2.20000004768372
1 10273 1.4099999666214
1 9041 2
1 9782 1.64999997615814
1 10274 1.54999995231628
1 10571 1.24000000953674
1 9042 2.04999995231628
1 8233 1.75
1 7449 1.25
1 10574 2.84999990463257
1 8247 2.29999995231628
1 7593 2.79999995231628
1 9839 2.75999999046326
1 8738 1.87999999523163
1 8224 2.29999995231628
1 10215 2.15000009536743
1 7469 2.09999990463257
1 9758 2.54999995231628
1 9006 3
1 8728 1.87999999523163
1 7681 1.45000004768372
1 9084 2.84999990463257
1 10191 2.25
1 11168 2.91000008583069
1 10546 2.23000001907349
1 8737 2.05999994277954
1 11518 2.09999990463257
1 9767 2.54999995231628
1 9885 2.42000007629395
1 10290 2.29999995231628
1 9029 2.25
1 8342 2.40000009536743
1 8760 2.11999988555908
1 9816 2.21000003814697
1 8756 1.87999999523163
1 8315 2.54999995231628
1 7483 2.29999995231628
1 9760 2.5
1 8241 2.45000004768372
1 10348 2.51999998092651
1 11207 3.04999995231628
1 10227 2.70000004768372
1 7563 2.34999990463257
1 10576 2.41000008583069
1 9862 2
1 7470 1.60000002384186
1 9141 2
1 9140 1.60000002384186
1 9834 1.95000004768372
1 10560 1.53999996185303
1 9106 2.59999990463257
1 7519 1.70000004768372
1 9110 2.90000009536743
1 10582 2.02999997138977
1 9837 2.79999995231628
1 10232 1.69000005722046
1 11153 2.50999999046326
1 8717 2.20000004768372
1 8244 1.79999995231628
1 7578 1.89999997615814
1 8339 2.34999990463257
1 9097 3.15000009536743
1 9889 3.04999995231628
1 7500 2.20000004768372
1 9083 2.15000009536743
1 7580 1.79999995231628
1 8236 2
1 7491 2.25
1 8232 2.5
1 8789 2.90000009536743
1 9779 1.60000002384186
1 9022 3.25
1 9127 2.25
1 9128 2.15000009536743
1 8803 3.34999990463257
1 10341 2.86999988555908
1 9915 1.41999995708466
1 9914 2.11999988555908
1 8307 2.29999995231628
1 9031 2.59999990463257
1 10209 2.40000009536743
1 8754 1.87999999523163
1 11192 2.36999988555908
1 8281 1.95000004768372
1 9079 2.59999990463257
1 7522 1.75
1 11226 2.67000007629395
1 9073 2.09999990463257
1 9877 2.04999995231628
1 7577 1.75
1 9072 1.70000004768372
1 8283 2.09999990463257
1 8350 1.54999995231628
1 8734 1.74000000953674
1 7571 1.60000002384186
1 11164 2.24000000953674
1 10228 1.70000004768372
1 9801 2.04999995231628
1 9040 2.29999995231628
1 7521 1.89999997615814
1 7247 1.39999997615814
1 9802 2.5
1 11183 2.85999989509583
1 8327 2.40000009536743
1 8764 2.09999990463257
1 10607 2
1 11200 2.70000004768372
1 8750 2.79999995231628
1 9897 2.90000009536743
1 10309 1.85000002384186
1 10308 1.75
1 8753 1.89999997615814
1 10622 2.54999995231628
1 11594 2.01999998092651
1 11223 2.34999990463257
1 8276 2.5
1 9919 1.75
1 9087 1.60000002384186
1 10343 1.85000002384186
1 10636 1.60000002384186
1 9071 2.20000004768372
1 9832 1.70000004768372
1 11215 1.52999997138977
1 9831 1.25
1 10262 2.45000004768372
1 7595 1.95000004768372
1 11216 2
1 8293 1.54999995231628
1 8805 2.03999996185303
1 10664 1.36000001430511
1 9916 1.89999997615814
1 8804 1.72000002861023
1 9917 1.5
1 10663 1.48000001907349
1 9143 3
1 10354 2.75
1 9920 1.72000002861023
1 9155 2.09999990463257
1 10662 2.24000000953674
1 9921 1.75
1 8812 2.38000011444092
1 9156 2.15000009536743
1 8349 2.5
1 11279 2.11999988555908
1 11633 1.66999995708466
1 9878 2.84999990463257
1 7558 2.04999995231628
1 10331 1.95000004768372
1 10332 1.87000000476837
1 10655 1.76999998092651
1 8782 2.6800000667572
1 8248 2
1 8308 1.60000002384186
1 7596 2.45000004768372
1 8453 3.29999995231628
1 9900 2.75
1 9119 2.75
1 10352 2.97000002861023
1 8451 2.54999995231628
1 8808 2.53999996185303
1 7591 2.29999995231628
1 9152 3.90000009536743
1 9790 2.26999998092651
1 10597 2.09999990463257
1 8721 1.98000001907349
1 10255 2.40000009536743
1 7601 1.89999997615814
1 7523 1.64999997615814
1 9804 1.75
1 11597 1.88999998569489
1 8727 2.64000010490417
1 9052 2.45000004768372
1 8306 2.65000009536743
1 8715 2.05999994277954
1 8714 1.98000001907349
1 9763 2.09999990463257
1 10183 1.60000002384186
1 8759 2.15000009536743
1 8332 1.70000004768372
1 9820 2.29999995231628
1 10184 2.74000000953674
1 10651 1.32000005245209
1 9139 2.79999995231628
1 11634 2.5699999332428
1 9866 1.95000004768372
1 8775 2.27999997138977
1 10312 2.83999991416931
1 8249 1.5
1 9797 1.41999995708466
1 9014 2.5
1 8792 2.25
1 8246 1.60000002384186
1 10604 2.20000004768372
1 8250 1.89999997615814
1 10247 1.79999995231628
1 9791 2.5
1 11197 2.59999990463257
1 9016 2.79999995231628
1 10246 1.64999997615814
1 8755 2.09999990463257
1 9076 2.65000009536743
1 9775 2.40000009536743
1 8729 1.91999995708466
1 10275 2.79999995231628
1 8288 1.95000004768372
1 8746 2.42000007629395
1 11236 2.75
1 10294 2.08999991416931
1 11580 1.32000005245209
1 9836 2.75
1 9074 2.84999990463257
1 10590 2.74000000953674
1 9099 2.79999995231628
1 11531 1.98000001907349
1 9776 2.29999995231628
1 10222 2.59999990463257
1 10587 2.45000004768372
1 11242 2.09999990463257
1 10243 2.38000011444092
1 9030 2.15000009536743
1 8739 1.62000000476837
1 9800 2.29999995231628
1 8309 1.60000002384186
1 10584 1.89999997615814
1 8348 2.15000009536743
1 10596 2.92000007629395
1 9840 2.88000011444092
1 8257 2.20000004768372
1 9018 2.75
1 8765 2.20000004768372
1 10303 2.98000001907349
1 8357 2.25
1 8317 1.375
1 10661 2.39000010490417
1 10345 1.92999994754791
1 11626 1.79999995231628
1 9067 2.20000004768372
1 8314 1.95000004768372
1 9824 2.95000004768372
1 9043 2.40000009536743
1 8781 2.14000010490417
1 10601 1.57000005245209
1 9829 1.70000004768372
1 9015 2.79999995231628
1 10602 1.86000001430511
1 8240 2.25
1 8731 1.58000004291534
1 11543 1.32000005245209
1 8294 1.54999995231628
1 10185 2.5
1 9769 2.59999990463257
1 9164 3.09999990463257
1 11193 3.59999990463257
1 8711 1.64999997615814
1 9088 2.65000009536743
1 8757 1.87000000476837
1 9146 3.20000004768372
1 9907 2.95000004768372
1 10296 2.64000010490417
1 8263 1.70000004768372
1 9024 2.79999995231628
1 10180 2.5
1 9808 1.95000004768372
1 10515 2.22000002861023
1 11537 1.85000002384186
1 9807 1.64999997615814
1 8743 2.03999996185303
1 9881 1.64999997615814
1 9882 1.60000002384186
1 8736 1.62000000476837
1 10342 1.71000003814697
1 9069 3
1 9891 1.8400000333786
1 10310 2.54999995231628
1 8776 1.89999997615814
1 9785 1.85000002384186
1 9077 2.25
1 10234 2.01999998092651
1 8275 1.79999995231628
1 9124 2.84999990463257
1 9845 2.36999988555908
1 10230 1.55999994277954
1 9034 1.70000004768372
1 8747 1.72000002861023
1 10229 1.35000002384186
1 11174 1.70000004768372
1 8256 1.54999995231628
1 9035 1.60000002384186
1 11175 1.29999995231628
1 9859 1.94000005722046
1 9063 2.95000004768372
1 9858 1.77999997138977
1 8772 2.6800000667572
1 9007 2.20000004768372
1 11125 1.91999995708466
1 8795 1.88999998569489
1 9890 2.33999991416931
1 10238 2.45000004768372
1 11588 1.98000001907349
1 10245 1.98000001907349
1 8741 1.5
1 10295 2.52999997138977
1 10647 2.63000011444092
1 11253 2.85999989509583
1 8272 1.45000004768372
1 9109 3.5
1 10305 3.20000004768372
1 8809 3.09999990463257
1 9849 3.15000009536743
1 11189 3.09999990463257
1 9082 2.25
1 9857 1.22000002861023
1 9081 2
1 9856 2.14000010490417
1 8722 2
1 9771 1.54999995231628
1 11114 2.50500011444092
1 10217 2.32999992370605
1 11513 2.34999990463257
1 9049 1.85000002384186
1 9048 1.89999997615814
1 10242 2.59999990463257
1 9046 2.25
1 9892 2.75999999046326
1 8239 2
1 8771 2.51999998092651
1 9045 1.95000004768372
1 10198 2.84999990463257
1 11622 3.04999995231628
1 8802 2.35999989509583
1 9803 2.5
1 8752 1.95000004768372
1 9078 2.25
1 10287 2.75
1 11275 2.73000001907349
1 9869 2
1 9047 1.89999997615814
1 10638 2.50500011444092
1 9008 2.45000004768372
1 10572 1.62999999523163
1 10190 2.03999996185303
1 9809 2.33999991416931
1 10220 2.5
1 9112 1.89999997615814
1 10594 2.27999997138977
1 10235 2.54999995231628
1 10558 2.64000010490417
1 9835 2.71000003814697
1 11209 1.89999997615814
1 8798 1.78999996185303
1 11208 1.95000004768372
1 10237 2.25
1 11602 2.72000002861023
1 11228 2.98000001907349
1 8777 2.24000000953674
1 10625 3.20000004768372
1 9060 2.34999990463257
1 9089 2.25
1 11268 2.73000001907349
1 9056 1.89999997615814
1 11565 1.38999998569489
1 9855 1.62000000476837
1 10194 2.34999990463257
1 9055 1.60000002384186
1 9854 1.25
1 8806 1.47000002861023
1 10297 2.5
1 9161 2.70000004768372
1 9122 2.97499990463257
1 9904 2.60999989509583
1 9851 1.85000002384186
1 10556 1.80999994277954
1 11211 1.89999997615814
1 10203 2.27999997138977
1 9013 2.75
1 11212 2.15000009536743
1 11578 1.53999996185303
1 11579 1.37999999523163
1 10557 1.80999994277954
1 9852 1.95000004768372
1 10633 3.25
1 10347 3.04999995231628
1 11587 2.61999988555908
1 9871 2.85999989509583
1 9137 3.04999995231628
1 10272 1.64999997615814
1 9842 1.99000000953674
1 9068 2.79999995231628
1 10614 2.32999992370605
1 11263 2
1 9166 2.70000004768372
1 10542 2.75
1 9062 2.95000004768372
1 11184 2.15000009536743
1 10208 2.69000005722046
1 11185 1.72000002861023
1 10628 2.25
1 11592 2.27999997138977
1 9028 1.85000002384186
1 11251 2.80999994277954
1 10240 1.79999995231628
1 10239 2.15000009536743
1 9753 2.20000004768372
1 9064 2.54999995231628
1 10566 3.09999990463257
1 11191 2.40000009536743
1 9784 1.64999997615814
1 11559 2.48000001907349
1 10552 2
1 10211 2.05999994277954
1 9092 2.29999995231628
1 10335 2.70000004768372
1 9093 2.09999990463257
1 10179 2.04999995231628
1 9761 1.75
1 9036 2.45000004768372
1 10632 2.25999999046326
1 11596 1.32000005245209
1 9896 1.5
1 10338 2
1 9895 1.62000000476837
1 9149 2.84999990463257
1 9066 2.40000009536743
1 11233 2.5
1 10586 3.25
1 9805 2.40000009536743
1 11232 2.40000009536743
1 10270 1.85000002384186
1 10269 1.89999997615814
1 11577 2.57999992370605
1 10280 2.52999997138977
1 10617 3.15000009536743
1 11131 2.29999995231628
1 11510 2.20000004768372
1 10197 2
1 9766 1.72000002861023
1 9003 1.60000002384186
1 10530 2.23000001907349
1 10547 2.03999996185303
1 11526 1.48000001907349
1 11195 2.96000003814697
1 10213 2.42000007629395
1 10218 2.22000002861023
1 9759 1.70000004768372
1 10219 2.14000010490417
1 9815 1.70000004768372
1 10581 2.35999989509583
1 11254 3.5
1 10226 2.70000004768372
1 9065 2.34999990463257
1 10540 2.65000009536743
1 11145 2.15000009536743
1 9755 1.95000004768372
1 11144 1.9099999666214
1 11239 2.91000008583069
1 11527 1.54999995231628
1 10264 2.5
1 9130 1.70000004768372
1 11528 1.67999994754791
1 9864 1.33000004291534
1 10525 2.20000004768372
1 11532 2.27999997138977
1 10186 2
1 10620 3.09999990463257
1 9813 2.22000002861023
1 10524 2.25
1 10189 1.75
1 11509 1.87999999523163
1 9032 1.75
1 9787 1.83000004291534
1 10221 2.29999995231628
1 9057 1.85000002384186
1 11154 2.79999995231628
1 11546 1.60000002384186
1 10199 1.89999997615814
1 10263 2.20000004768372
1 11130 1.37000000476837
1 10518 1.79999995231628
1 9129 1.60000002384186
1 11190 2.11999988555908
1 10537 2.48000001907349
1 9886 1.82000005245209
1 10324 2.11999988555908
1 10630 2.32999992370605
1 9880 2.88000011444092
1 11533 1.95000004768372
1 9158 1.60000002384186
1 10288 2.40000009536743
1 11548 2.14000010490417
1 9053 1.64999997615814
1 10598 2.27999997138977
1 11187 2.75999999046326
1 9867 2.17000007629395
1 9002 1.45000004768372
1 10223 1.5
1 11552 2.3199999332428
1 10579 1.60000002384186
1 11557 1.77999997138977
1 11205 2.51999998092651
1 11595 1.86000001430511
1 10569 1.91999995708466
1 10231 1.70000004768372
1 11210 2.74000000953674
1 10532 2.1800000667572
1 10285 2.44000005722046
1 11143 2.57999992370605
1 9783 1.75999999046326
1 11522 2.42000007629395
1 11180 2.33999991416931
1 10251 1.79999995231628
1 9850 1.47000002861023
1 11521 1.85000002384186
1 9100 1.95000004768372
1 9098 1.89999997615814
1 10351 2.65000009536743
1 9111 1.85000002384186
1 11571 1.98000001907349
1 9873 1.39999997615814
1 10519 2.40000009536743
1 9163 1.79999995231628
1 9913 2.20000004768372
1 10599 3
1 10591 1.66999995708466
1 9167 1.95000004768372
1 11204 2.23000001907349
1 9768 1.45000004768372
1 10252 1.95000004768372
1 10261 1.64999997615814
1 9762 1.45000004768372
1 11134 2.21000003814697
1 11581 2.3199999332428
1 10282 1.96000003814697
1 9159 1.60000002384186
1 9136 1.75
1 10291 1.5
1 11572 1.48000001907349
1 9789 1.64999997615814
1 11520 1.89999997615814
1 11120 2.6800000667572
1 10554 2
1 10205 2.29999995231628
1 10551 2.25999999046326
1 11128 2.11999988555908
1 10641 1.75
1 11258 2.28999996185303
1 10316 1.54999995231628
1 11607 1.12000000476837
1 10304 1.95000004768372
1 11600 2.27999997138977
1 11277 2.34999990463257
1 11157 1.86000001430511
1 11156 1.92999994754791
1 11599 1.74000000953674
1 10298 3.29999995231628
1 11598 1.17999994754791
1 10321 1.97000002861023
1 9902 1.5
1 11244 2.6800000667572
1 11603 2.74000000953674
1 10311 1.76999998092651
1 10300 2.00999999046326
1 11238 2.72000002861023
1 10613 2.5
1 10346 2.25
1 11606 2.05999994277954
1 10612 1.39999997615814
1 11234 1.91999995708466
1 11573 1.49000000953674
1 10299 1.58000004291534
1 11217 2.25
1 11237 3
1 10649 2.77999997138977
1 11615 2.5699999332428
1 11260 2.90000009536743
1 11561 1.94000005722046
1 10344 1.89999997615814
1 11618 2.64000010490417
1 10645 1.89999997615814
1 11116 2.09999990463257
1 10323 1.48000001907349
1 11625 2.4300000667572
1 10618 2.04999995231628
1 11243 2.20000004768372
1 11542 2.74000000953674
1 11194 2.79999995231628
1 10550 2.01999998092651
1 10521 1.95000004768372
1 10236 1.75
1 11519 2
1 10256 1.8400000333786
1 10580 2.6800000667572
1 11553 2.53999996185303
1 11198 2.09999990463257
1 11199 2.04999995231628
1 11529 2
1 10583 1.77999997138977
1 11516 1.89999997615814
1 10563 2.15000009536743
1 11155 2.45000004768372
1 10610 2.46000003814697
1 10266 1.95000004768372
1 10207 1.89999997615814
1 11536 2.25999999046326
1 10528 2.25
1 11186 2.90000009536743
1 11188 2.35999989509583
1 11584 2.1800000667572
1 10621 2.5
1 10336 1.85000002384186
1 11539 2.55999994277954
1 11201 2.54999995231628
1 10278 2
1 11582 1.75999999046326
1 11265 2.75
1 10589 2.13000011444092
1 11540 1.95000004768372
1 11591 2.20000004768372
1 10244 1.64999997615814
1 11171 2.42000007629395
1 11541 1.97000002861023
1 10549 2.17000007629395
1 11115 2.50999999046326
1 10520 1.95000004768372
1 11218 2.70000004768372
1 11530 2.33999991416931
1 10653 0.879999995231628
1 11272 2.08999991416931
1 11165 2.32999992370605
1 11515 2.25
1 10616 1.62000000476837
1 11628 2.41000008583069
1 11270 3
1 11150 2.33999991416931
1 10588 1.70000004768372
1 11259 1.98000001907349
1 11631 1.79999995231628
1 11148 2.34999990463257
1 11612 1.74000000953674
1 10595 2.09999990463257
1 11611 2.08999991416931
1 11574 2.53999996185303
1 11203 2.72000002861023
1 10577 2.22000002861023
1 11534 1.58000004291534
1 11590 2.04999995231628
1 11176 2.66000008583069
1 11149 1.87999999523163
1 11583 1.94000005722046
1 10699 1.08000004291534
1 11271 3.04999995231628
1 11240 1.70000004768372
1 11614 1.61000001430511
1 10654 1.45000004768372
1 10615 1.57000005245209
1 11118 2.25
1 11512 2
1 11523 2.5
1 11170 1.72000002861023
1 11261 2.16000008583069
1 10648 1.9099999666214
1 11139 1.74000000953674
1 11544 1.39999997615814
1 11257 2.34999990463257
1 11560 1.94000005722046
1 11213 1.85000002384186
1 11627 2.02999997138977
1 11567 1.74000000953674
1 11535 1.62000000476837
1 11550 2.22000002861023
1 11214 1.62000000476837
1 11566 1.63999998569489
1 11605 1.60000002384186
1 11255 2.30999994277954
1 11549 1.58000004291534
1 11151 2.07999992370605
1 11601 2.69000005722046
1 11613 2.0699999332428
1 11562 1.74000000953674
1 11179 2.09999990463257
1 11568 2.36999988555908
1 11556 1.94000005722046
1 11558 1.5
1 11563 1.62999999523163
1 11273 2.01999998092651
1 11585 1.64999997615814
1 11593 1.79999995231628
