1 -135 1 0
1 -130 1 0
1 -129 1 0
1 -126 2 0
1 -114 1 0
1 -108 2 0
1 -104 1 0
1 -102 2 0
1 -97 1 1
1 -95 2 0
1 -94 1 0
1 -90 1 0
1 -75 2 0
1 -73 1 0
1 -71 2 0
1 -70 2 0
1 -69 2 0
1 -66 2 0
1 -58 2 1
1 -50 2 0
1 -46 1 0
1 -45 1 0
1 -26 2 1
1 -21 2 0
1 -15 2 0
1 -14 2 0
1 -13 2 0
1 -8 1 0
1 1920 2 0
1 1942 2 0
1 1946 2 0
1 1947 1 0
1 1963 2 0
1 1979 1 0
1 1992 1 0
1 1993 1 0
1 1994 1 1
1 1999 2 0
1 2034 2 0
1 2037 2 0
1 2127 2 1
1 2254 2 0
1 2257 1 1
1 2267 1 1
1 2268 1 0
1 2298 1 1
1 2305 2 0
1 2308 1 0
1 2313 1 0
1 2318 2 0
1 2389 2 0
1 2391 2 1
1 2392 2 1
1 2397 1 0
1 2406 2 0
1 2407 1 0
1 2408 1 0
1 2411 2 1
1 2415 2 0
1 2416 1 0
1 2418 2 1
1 2419 2 1
1 2420 1 1
1 2424 2 1
1 2425 1 0
1 2426 1 0
1 2427 1 1
1 2428 2 1
1 2429 2 0
1 2434 2 0
1 2435 2 0
1 2436 1 1
1 2437 1 1
1 2438 2 0
1 2440 2 1
1 2441 1 1
1 2442 1 0
1 2445 2 0
1 2446 2 0
1 2448 2 1
1 2449 1 1
1 2450 2 1
1 2451 1 1
1 2452 2 1
1 2453 1 1
1 2454 2 1
1 2455 1 0
1 2456 1 0
1 2458 2 0
1 2461 1 1
1 2463 1 0
1 2464 1 0
1 2466 1 1
1 2468 2 1
1 2469 2 1
1 2470 1 1
1 2471 1 1
1 2472 2 1
1 2473 1 1
1 2474 1 0
1 2477 2 0
1 2478 1 0
1 2481 2 1
1 2483 1 1
1 2484 1 1
1 2485 1 0
1 2489 1 0
1 2490 1 0
1 2491 2 1
1 2493 2 0
1 2495 1 0
1 2497 2 1
1 2498 1 0
1 2499 2 0
1 2500 2 1
1 2501 2 1
1 2502 2 0
1 2504 1 0
1 2508 1 1
1 2510 1 0
1 2513 2 0
1 2516 2 0
1 2518 1 0
1 2519 2 0
1 2521 2 0
1 2524 1 0
1 2525 2 0
1 2526 1 0
1 2527 1 0
1 2528 2 0
1 2530 2 0
1 2533 1 0
1 2537 1 0
1 2541 2 0
1 2543 1 0
1 2548 1 0
1 2552 2 0
1 2554 2 0
1 2555 1 0
1 2556 1 0
1 2557 2 0
1 2564 2 0
1 2566 2 0
1 2794 1 0
1 2797 2 0
1 2802 2 1
1 2803 1 1
1 2806 1 1
1 2809 1 1
1 2810 2 0
1 2815 1 0
1 2818 2 0
1 2822 2 0
1 2823 1 1
1 2824 1 1
1 2825 1 1
1 2827 2 1
1 2831 1 0
1 2833 1 0
1 2835 1 1
1 2838 2 0
1 2839 1 1
1 2844 1 1
1 2846 1 0
1 2848 2 1
1 2849 1 1
1 2855 1 0
1 2857 2 1
1 2859 1 1
1 2862 1 0
1 2864 2 0
1 2866 1 1
1 2867 1 1
1 2870 1 1
1 2875 2 0
1 2876 2 1
1 2877 1 1
1 2886 2 1
1 2887 1 1
1 2888 2 1
1 2889 1 1
1 2890 1 1
1 2891 1 1
1 2893 1 1
1 2895 1 0
1 2896 1 1
1 2897 1 1
1 2902 2 1
1 2904 2 0
1 2909 1 0
1 2912 1 1
1 2915 2 0
1 2918 1 0
1 2919 2 0
1 2920 2 1
1 2922 1 0
1 2926 1 1
1 2929 2 0
1 2930 1 1
1 2932 2 1
1 2934 2 0
1 2935 2 0
1 2937 1 0
1 2938 1 0
1 2939 1 0
1 2940 2 0
1 2947 1 0
1 2948 2 0
1 2951 2 0
1 2952 2 0
1 2956 1 0
1 2958 2 0
1 2959 1 0
1 3000 2 0
1 3005 2 0
1 3006 1 0
1 3007 1 0
1 3008 1 0
1 3012 1 0
1 3013 2 0
1 3015 1 0
1 3016 2 0
1 3017 1 0
1 3018 1 0
1 3019 2 0
1 3020 1 0
1 3022 1 0
1 3023 2 0
1 3025 2 0
1 3026 2 0
1 3028 2 0
1 3029 1 0
1 3030 2 0
1 3031 1 0
1 3032 1 0
1 3036 2 0
1 3037 2 0
1 3038 1 0
1 3039 1 0
1 3042 2 0
1 3044 1 1
1 3045 2 1
1 3046 2 1
1 3047 1 0
1 3050 1 1
1 3051 1 0
1 3052 1 0
1 3053 1 0
1 3054 1 0
1 3055 2 0
1 3059 1 0
1 3062 1 0
1 3063 2 0
1 3066 1 1
1 3067 2 0
1 3068 2 1
1 3069 2 1
1 3070 1 0
1 3071 2 0
1 3074 2 1
1 3077 1 0
1 3078 2 1
1 3080 1 0
1 3081 2 0
1 3082 1 0
1 3084 2 0
1 3085 1 0
1 3087 2 1
1 3090 1 0
1 3095 2 1
1 3096 1 1
1 3099 2 1
1 3103 2 0
1 3105 1 1
1 3106 2 1
1 3107 2 1
1 3108 2 0
1 3114 1 1
1 3115 2 1
1 3117 2 1
1 3118 1 0
1 3122 2 0
1 3124 2 1
1 3125 2 0
1 3126 1 0
1 3127 1 0
1 3128 2 0
1 3130 1 0
1 3131 2 0
1 3135 1 0
1 3137 2 0
1 3139 2 0
1 3208 2 0
1 3220 1 0
1 3231 1 0
1 3241 1 1
1 3249 1 1
1 3269 1 1
1 3297 1 0
1 3315 1 0
1 3398 2 0
1 3399 1 1
1 3400 2 1
1 3403 2 0
1 3409 1 1
1 3416 1 0
1 3421 2 0
1 3424 2 0
1 3425 1 0
1 3426 2 0
1 3429 2 0
1 3430 2 0
1 3432 1 1
1 3433 1 1
1 3434 2 1
1 3436 2 0
1 3437 1 0
1 3438 1 0
1 3441 2 0
1 3444 2 0
1 3448 2 0
1 3449 1 1
1 3453 2 1
1 3455 2 0
1 3458 1 1
1 3459 2 1
1 3460 2 1
1 3461 2 1
1 3462 1 0
1 3464 1 0
1 3466 1 1
1 3467 1 1
1 3470 1 0
1 3472 1 0
1 3474 1 0
1 3475 2 0
1 3479 1 0
1 3480 1 0
1 3481 1 0
1 3482 2 1
1 3483 1 1
1 3486 2 0
1 3487 1 0
1 3491 1 0
1 3492 1 1
1 3494 2 1
1 3499 2 1
1 3500 1 1
1 3501 2 0
1 3502 2 1
1 3504 2 0
1 3505 1 0
1 3506 1 0
1 3513 1 0
1 3515 1 1
1 3517 2 0
1 3518 2 0
1 3519 1 0
1 3522 1 0
1 3523 1 0
1 3527 2 0
1 3529 1 0
1 3532 2 0
1 3535 1 0
1 3536 2 0
1 3541 2 1
1 3543 2 1
1 3544 2 1
1 3546 2 0
1 3547 1 0
1 3550 2 0
1 3551 2 0
1 3558 2 0
1 3566 2 0
1 3575 2 1
1 3576 2 1
1 3580 1 0
1 3582 2 0
1 3584 2 1
1 3587 2 0
1 3588 2 0
1 3591 2 0
1 3594 2 0
1 3595 1 0
1 3600 2 0
1 3603 1 0
1 3646 2 0
1 3647 2 0
1 3649 2 0
1 3650 2 0
1 3655 2 1
1 3656 2 1
1 3663 1 0
1 3664 1 0
1 3666 2 1
1 3667 1 1
1 3668 1 0
1 3671 2 0
1 3672 2 0
1 3673 1 0
1 3674 2 1
1 3675 2 1
1 3678 1 0
1 3684 2 0
1 3685 1 0
1 3686 2 1
1 3687 2 1
1 3688 2 0
1 3690 1 0
1 3691 2 0
1 3694 1 0
1 3696 2 0
1 3697 1 0
1 3698 2 0
1 3701 2 0
1 3709 2 0
1 3712 2 0
1 3713 1 1
1 3714 2 1
1 3715 2 0
1 3719 2 0
1 3721 1 0
1 3722 2 0
1 3723 2 0
1 3724 2 0
1 3726 1 1
1 3728 1 0
1 3732 2 0
1 3735 2 0
1 3737 2 0
1 3739 1 1
1 3741 1 1
1 3742 1 1
1 3744 2 1
1 3745 2 1
1 3746 2 0
1 3747 2 0
1 3749 2 0
1 3751 1 1
1 3752 2 1
1 3756 2 0
1 3757 1 0
1 3760 1 0
1 3761 1 0
1 3765 2 1
1 3767 2 0
1 3769 1 0
1 3770 2 0
1 3773 2 0
1 3775 2 1
1 3776 1 1
1 3777 1 0
1 3778 1 0
1 3781 1 0
1 3784 2 0
1 3785 2 0
1 3788 1 0
1 3791 2 0
1 3792 1 1
1 3794 2 0
1 3795 2 0
1 3798 1 0
1 3800 2 1
1 3801 2 1
1 3806 1 0
1 3807 1 0
1 3808 2 0
1 3809 2 0
1 3811 2 0
1 3813 2 1
1 3819 2 0
1 3824 2 0
1 3825 2 0
1 3826 2 0
1 3880 1 0
1 3882 2 0
1 3883 1 0
1 3884 2 0
1 3886 1 0
1 3887 2 0
1 3888 1 0
1 3890 2 0
1 3891 2 0
1 3892 1 0
1 3893 2 1
1 3894 1 1
1 3895 2 1
1 3896 2 0
1 3897 2 0
1 3898 1 0
1 3899 1 1
1 3901 2 0
1 3902 2 0
1 3903 1 0
1 3904 1 0
1 3905 1 0
1 3906 2 0
1 3907 2 0
1 3908 1 0
1 3909 1 0
1 3910 1 0
1 3911 2 0
1 3912 2 0
1 3914 1 0
1 3916 1 1
1 3917 2 1
1 3918 1 1
1 3920 1 0
1 3921 2 0
1 3922 1 0
1 3927 1 0
1 3929 2 0
1 3932 1 1
1 3933 1 1
1 3934 2 1
1 3935 1 1
1 3936 1 1
1 3937 1 1
1 3938 2 1
1 3939 2 1
1 3940 2 1
1 3942 1 0
1 3944 1 0
1 3946 2 0
1 3947 2 0
1 3948 1 0
1 3949 2 0
1 3951 1 0
1 3955 1 0
1 3956 1 0
1 3958 2 0
1 3959 2 0
1 3960 1 0
1 3962 1 0
1 3963 2 1
1 3964 1 1
1 3965 1 0
1 3972 2 1
1 3973 1 1
1 3974 1 0
1 3975 1 0
1 3976 2 0
1 3977 2 0
1 3978 2 0
1 3980 2 0
1 3981 1 0
1 3982 1 0
1 3983 1 0
1 3984 2 0
1 3985 2 0
1 3986 2 0
1 3989 2 0
1 3990 1 0
1 3992 2 0
1 3993 2 0
1 3994 1 0
1 3995 2 0
1 3996 1 0
1 3998 2 1
1 3999 2 0
1 4001 2 0
1 4003 1 0
1 4005 2 1
1 4006 2 1
1 4007 1 0
1 4009 2 0
1 4010 2 0
1 4012 2 0
1 4013 1 0
1 4015 2 0
1 4016 2 0
1 4018 1 0
1 4019 2 0
1 4021 2 0
1 4022 2 1
1 4023 1 1
1 4024 1 0
1 4025 2 0
1 4026 2 0
1 4028 1 1
1 4029 1 1
1 4031 1 0
1 4032 1 0
1 4033 1 0
1 4035 2 0
1 4036 1 0
1 4039 2 0
1 4040 2 0
1 4041 1 0
1 4042 2 0
1 4044 2 0
1 4045 2 0
1 4046 1 1
1 4048 2 1
1 4049 2 1
1 4050 2 0
1 4052 1 0
1 4053 1 0
1 4054 2 0
1 4057 2 0
1 4058 2 0
1 4059 1 0
1 4060 2 0
1 4061 2 0
1 4062 1 0
1 4063 2 0
1 4064 1 0
1 4066 2 0
1 4067 2 0
1 4069 2 0
1 4072 2 0
1 4074 2 0
1 4107 2 0
1 4108 1 0
1 4110 1 0
1 4111 1 0
1 4113 2 0
1 4115 1 0
1 4122 1 0
1 4123 1 0
1 4124 2 0
1 4125 1 0
1 4126 1 0
1 4135 2 0
1 4136 2 0
1 4137 2 0
1 4142 2 0
1 4143 2 0
1 4148 2 0
1 4149 2 0
1 4192 1 0
1 4248 2 0
1 4348 2 1
1 4350 1 1
1 4360 1 0
1 4363 1 0
1 4384 2 0
1 4388 1 1
1 4390 1 1
1 4391 2 1
1 4394 2 0
1 4401 1 1
1 4405 1 0
1 4406 1 1
1 4408 1 0
1 4409 2 1
1 4433 1 0
1 4437 2 0
1 4451 2 0
1 4506 1 0
1 4508 2 0
1 4511 1 0
1 4514 2 0
1 4519 2 1
1 4563 1 1
1 4565 2 0
1 4566 1 0
1 4568 2 0
1 4569 2 1
1 4571 2 0
1 4576 2 1
1 4578 2 1
1 4579 1 0
1 4580 1 0
1 4581 2 0
1 4582 2 0
1 4583 1 1
1 4584 1 0
1 4585 2 1
1 4586 1 0
1 4588 1 0
1 4590 1 0
1 4592 1 0
1 4593 2 0
1 4594 2 0
1 4595 1 0
1 4596 2 0
1 4597 1 0
1 4599 2 0
1 4600 2 0
1 4601 2 1
1 4602 1 0
1 4603 1 0
1 4604 1 1
1 4606 1 0
1 4607 1 0
1 4609 2 0
1 4610 1 0
1 4612 2 1
1 4613 2 1
1 4615 1 0
1 4616 2 1
1 4617 1 1
1 4619 1 0
1 4620 2 0
1 4621 2 1
1 4622 2 0
1 4623 1 0
1 4626 2 0
1 4627 1 0
1 4638 1 0
1 4640 1 0
1 4641 2 0
1 4642 1 1
1 4643 2 1
1 4644 2 0
1 4646 1 0
1 4647 1 0
1 4648 1 1
1 4649 1 0
1 4651 1 0
1 4652 2 0
1 4653 2 0
1 4654 1 0
1 4655 2 0
1 4658 1 0
1 4660 1 0
1 4661 2 1
1 4662 2 0
1 4664 2 0
1 4665 2 0
1 4667 1 0
1 4668 2 0
1 4669 1 0
1 4673 1 0
1 4674 1 0
1 4675 1 0
1 4676 1 0
1 4677 2 0
1 4678 2 1
1 4679 1 1
1 4680 1 0
1 4681 1 0
1 4682 2 0
1 4683 2 0
1 4684 2 0
1 4685 2 0
1 4686 1 0
1 5257 1 0
1 5258 1 0
1 5259 1 0
1 5261 1 0
1 5264 2 0
1 5265 2 0
1 5270 1 0
1 5273 1 0
1 5277 1 0
1 5278 2 0
1 5280 1 0
1 5282 2 0
1 5283 1 0
1 5285 2 0
1 5286 2 0
1 5288 2 1
1 5293 2 0
1 5294 1 0
1 5298 1 0
1 5299 1 0
1 5301 1 1
1 5303 2 1
1 5304 2 1
1 5306 1 0
1 5308 1 1
1 5310 2 0
1 5311 2 0
1 5313 1 1
1 5315 2 1
1 5320 1 0
1 5325 1 1
1 5327 1 1
1 5329 1 0
1 5333 1 0
1 5335 1 1
1 5336 1 0
1 5337 2 0
1 5339 2 0
1 5340 2 0
1 5343 2 0
1 5344 1 0
1 5346 2 0
1 5347 2 0
1 5350 2 0
1 5351 1 1
1 5352 1 1
1 5353 2 1
1 5354 2 1
1 5355 2 0
1 5356 1 0
1 5357 1 0
1 5358 1 0
1 5359 2 0
1 5360 1 0
1 5362 2 0
1 5363 1 0
1 5366 2 0
1 5369 2 1
1 5370 2 0
1 5374 1 0
1 5375 2 0
1 5377 2 0
1 5378 1 0
1 5380 2 0
1 5383 2 0
1 5385 2 0
1 5386 2 0
1 5388 2 0
1 5390 2 0
1 5391 2 0
1 5393 2 1
1 5394 2 0
1 5445 2 0
1 5454 2 0
1 5470 1 1
1 5474 1 0
1 5482 1 0
1 5488 1 1
1 5497 1 0
1 5517 2 0
1 5522 2 1
1 5529 2 1
1 5534 2 0
1 5537 2 1
1 5539 1 0
1 5615 1 0
1 5637 2 0
1 5682 2 0
1 5724 1 0
1 5725 2 0
1 5726 2 1
1 5727 1 1
1 5728 1 0
1 5731 2 1
1 5732 2 1
1 5733 2 0
1 5734 2 0
1 5735 1 0
1 5742 2 0
1 5743 1 0
1 5744 2 0
1 5745 2 0
1 5746 1 0
1 5747 1 0
1 5748 2 0
1 5749 1 0
1 5750 1 0
1 5752 1 0
1 5753 1 0
1 5754 2 0
1 5755 1 0
1 5760 2 1
1 5761 1 1
1 5763 1 0
1 5764 1 1
1 5767 2 1
1 5771 2 0
1 5772 1 0
1 5773 1 1
1 5774 1 1
1 5775 1 1
1 5776 2 1
1 5777 2 0
1 5778 1 0
1 5780 2 0
1 5782 2 0
1 5783 2 1
1 5784 2 1
1 5785 2 1
1 5786 2 1
1 5795 2 1
1 5796 1 0
1 5797 1 0
1 5798 1 0
1 5799 1 0
1 5800 1 0
1 5801 2 0
1 5802 1 0
1 5804 1 0
1 5805 1 0
1 5808 2 0
1 5810 2 0
1 5811 2 0
1 5813 1 1
1 5814 1 1
1 5816 2 1
1 5817 1 0
1 5818 2 0
1 5820 1 1
1 5821 2 0
1 5822 2 0
1 5823 2 0
1 5824 1 0
1 5826 1 1
1 5827 2 0
1 5828 1 1
1 5829 2 1
1 5830 2 0
1 5832 2 0
1 5833 1 1
1 5834 2 1
1 5836 2 0
1 5837 2 0
1 5838 1 1
1 5839 1 1
1 5840 2 1
1 5842 1 1
1 5844 1 0
1 5845 2 0
1 5847 2 1
1 5848 1 0
1 5851 1 0
1 5852 2 0
1 5874 2 0
1 5876 2 0
1 5877 2 1
1 5878 1 1
1 5879 2 0
1 5880 1 0
1 5881 1 1
1 5883 2 0
1 5885 1 0
1 5886 1 0
1 5887 1 1
1 5888 2 1
1 5889 2 0
1 5892 1 0
1 5893 1 0
1 5894 2 0
1 5896 2 0
1 5898 2 0
1 5899 2 0
1 5900 1 0
1 5901 2 0
1 5902 1 0
1 5903 1 0
1 5904 1 0
1 5905 2 1
1 5906 2 1
1 5907 1 0
1 5913 1 0
1 5914 1 1
1 5916 1 0
1 5919 2 0
1 5921 2 1
1 5923 2 0
1 5924 1 0
1 5926 2 0
1 5927 1 0
1 5928 1 0
1 5929 1 0
1 5930 1 0
1 5931 2 0
1 5932 2 0
1 5935 1 0
1 5972 1 0
1 5974 2 1
1 5975 2 0
1 5977 1 0
1 5979 1 0
1 5980 1 0
1 5982 1 1
1 5983 1 0
1 5988 2 0
1 5989 1 0
1 5990 2 0
1 5991 2 0
1 5992 1 0
1 5993 1 0
1 5997 1 0
1 5998 2 0
1 6002 2 0
1 6015 1 0
1 6016 1 0
1 6020 1 0
1 6021 1 0
1 6022 1 0
1 6028 1 0
1 6036 2 0
1 6045 2 0
1 6050 2 0
1 6053 1 0
1 6085 1 0
1 6090 1 0
1 6093 2 0
1 6095 2 0
1 6096 1 0
1 6101 1 0
1 6104 2 0
1 6107 1 0
1 6108 1 0
1 6109 2 0
1 6110 2 1
1 6111 2 1
1 6112 1 0
1 6113 1 0
1 6117 1 0
1 6122 2 0
1 6126 2 0
1 6131 1 0
1 6134 2 0
1 6135 1 0
1 6137 2 1
1 6138 1 1
1 6140 1 0
1 6142 1 0
1 6143 1 1
1 6144 1 1
1 6152 2 0
1 6153 1 0
1 6157 1 0
1 6158 2 0
1 6160 1 0
1 6161 1 0
1 6163 2 0
1 6165 1 0
1 6166 2 0
1 6167 2 0
1 6175 2 0
1 6177 2 0
1 6178 1 1
1 6179 1 1
1 6180 2 0
1 6183 1 0
1 6188 1 0
1 6191 2 0
1 6192 1 0
1 6194 2 0
1 6197 1 0
1 6198 2 0
1 6200 1 0
1 6201 2 0
1 6276 1 0
1 6311 2 0
1 6316 2 0
1 6327 2 1
1 6335 1 0
1 6336 1 1
1 6339 2 0
1 6340 2 0
1 6341 1 0
1 6343 2 0
1 6344 2 0
1 6346 2 0
1 6347 2 0
1 6349 1 0
1 6350 1 0
1 6352 2 0
1 6355 2 0
1 6356 2 1
1 6360 1 1
1 6363 1 0
1 6364 1 0
1 6366 1 0
1 6368 2 0
1 6378 1 0
1 6379 2 0
1 6380 1 0
1 6384 1 0
1 6385 1 0
1 6387 2 0
1 6388 1 0
1 6389 2 1
1 6390 1 0
1 6391 1 1
1 6392 2 1
1 6393 2 0
1 6394 2 0
1 6395 2 0
1 6396 1 1
1 6397 1 1
1 6398 2 0
1 6399 2 0
1 6401 1 0
1 6402 2 0
1 6403 2 0
1 6405 1 1
1 6412 2 0
1 6416 1 1
1 6417 2 1
1 6418 2 0
1 6420 2 0
1 6424 1 0
1 6426 1 0
1 6427 2 1
1 6429 1 0
1 6438 1 0
1 6442 1 0
1 6445 1 0
1 6446 1 0
1 6447 2 0
1 6448 2 1
1 6449 2 1
1 6450 2 1
1 6453 2 0
1 6457 1 0
1 6460 2 0
1 6464 2 0
1 6466 1 0
1 6467 1 1
1 6468 1 1
1 6469 1 0
1 6472 1 0
1 6473 1 0
1 6475 2 0
1 6476 2 0
1 6478 2 0
1 6480 2 1
1 6482 2 1
1 6487 1 0
1 6489 2 1
1 6503 2 0
1 6505 2 0
1 6517 1 0
1 6518 2 0
1 6521 2 0
1 6522 1 0
1 6523 2 0
1 6524 2 0
1 6527 2 0
1 6532 2 0
1 6539 2 0
1 6564 2 0
1 6574 2 0
1 6578 1 0
1 6584 1 0
1 6586 2 1
1 6587 1 1
1 6590 2 0
1 6592 1 0
1 6595 2 1
1 6596 2 1
1 6597 2 1
1 6607 1 0
1 6611 1 0
1 6612 2 0
1 6613 2 1
1 6614 1 1
1 6624 1 0
1 6626 1 1
1 6628 1 0
1 6630 2 1
1 6635 1 0
1 6636 2 0
1 6645 2 0
1 6647 2 1
1 6649 2 0
1 6651 1 0
1 6652 2 1
1 6655 1 1
1 6659 1 0
1 6664 2 0
1 6668 1 1
1 6669 1 1
1 6670 1 1
1 6672 1 0
1 6673 2 0
1 6677 1 0
1 6684 2 0
1 6687 2 0
1 6698 2 1
1 6699 2 1
1 6700 1 0
1 6703 2 0
1 6705 2 0
1 6710 1 1
1 6711 2 1
1 6712 2 0
1 6714 1 0
1 6731 2 1
1 6732 1 1
1 6762 1 0
1 6766 1 0
1 6769 1 0
1 6772 1 0
1 6773 2 0
1 6774 2 1
1 6783 2 0
1 6807 2 0
1 6824 1 1
1 6825 2 1
1 6826 2 0
1 6832 1 0
1 6835 1 0
1 6839 2 0
1 6840 2 0
1 6844 1 0
1 6845 2 0
1 6846 2 1
1 6848 1 0
1 6850 2 0
1 6852 1 0
1 6855 1 1
1 6858 1 0
1 6862 1 1
1 6864 1 0
1 6865 1 0
1 6872 2 0
1 6873 1 1
1 6875 1 0
1 6876 1 0
1 6877 2 1
1 6878 1 1
1 6879 2 0
1 6880 2 0
1 6883 1 0
1 6885 1 0
1 6887 1 0
1 6889 2 0
1 6890 1 1
1 6891 2 1
1 6894 1 1
1 6897 1 1
1 6902 2 0
1 6903 2 0
1 6906 2 0
1 6908 1 0
1 6912 2 0
1 6914 2 0
1 6917 1 0
1 6919 2 0
1 6922 2 0
1 6924 2 0
1 6925 1 1
1 6926 1 0
1 6931 1 0
1 6932 2 0
1 6934 1 0
1 6940 2 0
1 6942 1 1
1 6946 1 1
1 6950 1 1
1 6951 1 1
1 6952 2 0
1 6955 2 0
1 6956 1 0
1 6959 2 0
1 6961 2 1
1 6963 2 0
1 6964 2 0
1 6966 2 0
1 6980 2 0
1 6983 1 0
1 6984 2 0
1 7037 1 0
1 7041 1 0
1 7042 2 1
1 7044 1 1
1 7049 2 0
1 7054 2 0
1 7058 2 0
1 7059 1 0
1 7060 2 0
1 7066 2 0
1 7087 1 0
1 7088 1 0
1 7105 1 0
1 7106 2 0
1 7111 2 0
1 7113 1 0
1 7114 2 0
1 7117 2 0
1 7119 2 0
1 7120 1 0
1 7121 1 0
1 7123 1 1
1 7130 2 0
1 7132 2 0
1 7136 1 0
1 7147 2 1
1 7150 1 1
1 7151 1 1
1 7152 2 0
1 7153 2 1
1 7154 2 1
1 7160 2 0
1 7161 1 1
1 7164 2 1
1 7165 2 1
1 7166 1 0
1 7167 1 0
1 7169 2 0
1 7170 1 0
1 7175 1 1
1 7176 1 1
1 7177 2 0
1 7178 2 1
1 7180 1 1
1 7181 2 1
1 7182 2 0
1 7186 1 0
1 7187 2 0
1 7188 2 1
1 7189 2 0
1 7195 2 0
1 7203 1 0
1 7204 2 0
1 7207 2 0
1 7211 2 0
1 7214 1 0
1 7220 1 0
1 7221 2 0
1 7226 2 0
1 7229 1 0
1 7231 2 0
1 7236 2 1
1 7239 2 0
1 7240 2 0
1 7242 2 0
1 7243 2 0
1 7246 1 0
1 7248 2 1
1 7254 2 0
1 7255 1 0
1 7258 2 0
1 7266 2 0
1 7307 2 1
1 7308 2 0
1 7315 1 0
1 7327 2 0
1 7328 2 0
1 7332 2 0
1 7335 2 0
1 7337 2 1
1 7346 2 1
1 7437 2 1
1 7442 2 1
1 7444 2 0
1 7446 1 0
1 7447 1 0
1 7448 2 0
1 7450 1 0
1 7452 1 0
1 7453 1 0
1 7456 2 0
1 7457 2 0
1 7461 1 0
1 7462 1 1
1 7463 2 1
1 7465 1 1
1 7467 2 0
1 7470 2 0
1 7471 1 0
1 7473 2 0
1 7474 1 0
1 7477 1 0
1 7478 1 0
1 7479 2 0
1 7481 2 0
1 7483 1 0
1 7484 1 0
1 7487 2 0
1 7489 2 0
1 7490 1 0
1 7491 1 0
1 7497 2 0
1 7499 1 1
1 7500 2 0
1 7501 1 0
1 7502 2 1
1 7505 1 0
1 7506 1 1
1 7507 2 0
1 7508 1 1
1 7509 2 1
1 7510 2 0
1 7512 1 0
1 7513 1 1
1 7515 1 0
1 7517 1 0
1 7518 1 0
1 7519 1 0
1 7521 2 0
1 7522 2 0
1 7523 2 0
1 7524 1 0
1 7528 1 0
1 7529 1 0
1 7530 1 0
1 7531 1 1
1 7532 1 0
1 7534 2 0
1 7535 1 0
1 7536 1 0
1 7537 2 1
1 7539 2 0
1 7540 2 0
1 7541 2 0
1 7544 2 1
1 7545 2 0
1 7548 1 1
1 7553 1 0
1 7554 1 0
1 7558 1 0
1 7561 2 0
1 7563 2 0
1 7567 1 0
1 7571 2 0
1 7572 1 0
1 7577 1 0
1 7578 1 0
1 7579 2 0
1 7580 2 0
1 7581 2 0
1 7582 2 0
1 7583 1 0
1 7584 2 1
1 7586 2 0
1 7591 1 0
1 7595 1 0
1 7597 2 0
1 7601 2 0
1 7602 2 0
1 7604 2 0
1 7681 1 0
1 7682 2 0
1 7683 1 0
1 7684 1 0
1 7685 1 0
1 7689 1 0
1 7690 1 0
1 7691 2 0
1 7693 2 0
1 7709 2 0
1 7711 1 0
1 7712 2 0
1 7713 2 0
1 7716 2 0
1 7718 1 0
1 7719 2 0
1 8214 1 0
1 8215 2 0
1 8216 2 0
1 8218 1 1
1 8219 1 0
1 8220 2 0
1 8222 2 0
1 8225 1 0
1 8226 1 0
1 8228 2 0
1 8229 2 0
1 8231 2 0
1 8232 2 0
1 8233 2 0
1 8234 2 0
1 8235 2 0
1 8237 1 0
1 8238 1 0
1 8239 2 0
1 8241 2 0
1 8243 1 0
1 8244 2 0
1 8245 2 0
1 8246 2 0
1 8248 1 0
1 8250 1 0
1 8251 2 0
1 8252 2 0
1 8253 2 0
1 8255 1 0
1 8257 1 0
1 8259 2 0
1 8260 2 1
1 8261 2 1
1 8262 1 0
1 8263 2 0
1 8264 2 0
1 8268 2 0
1 8269 1 0
1 8271 2 1
1 8272 2 0
1 8273 1 0
1 8275 2 0
1 8277 1 1
1 8278 2 1
1 8279 1 0
1 8281 1 0
1 8282 2 0
1 8283 1 0
1 8284 2 0
1 8285 1 0
1 8287 2 0
1 8289 1 0
1 8291 1 0
1 8292 1 0
1 8293 1 0
1 8295 1 0
1 8296 1 0
1 8297 2 0
1 8299 2 0
1 8300 1 0
1 8301 1 0
1 8303 1 0
1 8306 2 0
1 8307 2 0
1 8308 2 1
1 8309 2 0
1 8311 1 1
1 8313 2 0
1 8314 2 0
1 8315 1 0
1 8317 1 0
1 8318 1 0
1 8319 1 0
1 8320 2 1
1 8321 1 1
1 8322 2 0
1 8323 1 0
1 8324 2 0
1 8325 2 0
1 8326 1 0
1 8328 1 0
1 8329 2 0
1 8330 1 0
1 8331 2 0
1 8333 1 0
1 8334 2 1
1 8336 1 0
1 8337 2 0
1 8338 1 0
1 8339 2 0
1 8341 1 0
1 8343 1 0
1 8344 1 0
1 8347 2 0
1 8348 2 0
1 8349 2 0
1 8351 1 0
1 8352 2 0
1 8353 2 0
1 8354 2 1
1 8355 2 0
1 8356 1 0
1 8359 2 0
1 8360 2 0
1 8363 2 0
1 8364 2 0
1 8450 2 0
1 8452 1 0
1 8453 1 0
1 8455 1 1
1 8456 2 1
1 8457 1 0
1 8458 1 0
1 8459 2 0
1 8461 2 0
1 8462 2 0
1 8463 1 0
1 8464 1 0
1 8465 1 0
1 8468 1 0
1 8472 2 0
1 8474 2 0
1 8484 2 0
1 8490 1 0
1 8492 2 0
1 8493 1 0
1 8495 2 0
1 8501 2 0
1 8507 2 0
1 8513 1 0
1 8517 2 0
1 8642 2 0
1 8644 2 0
1 8647 2 0
1 8651 2 0
1 8653 2 1
1 8654 2 0
1 8655 2 0
1 8658 2 0
1 8661 1 0
1 8662 1 0
1 8665 2 0
1 8667 2 0
1 8669 1 0
1 8673 2 0
1 8676 2 0
1 8682 1 0
1 8685 1 0
1 8696 2 0
1 8697 2 0
1 8704 1 0
1 8737 2 0
1 8977 2 0
1 9001 2 0
1 9002 2 0
1 9004 1 0
1 9005 1 0
1 9006 2 0
1 9007 2 0
1 9008 2 0
1 9009 1 0
1 9011 1 1
1 9013 1 0
1 9015 2 0
1 9017 1 0
1 9018 2 0
1 9019 1 0
1 9020 2 0
1 9021 2 0
1 9024 2 0
1 9025 1 1
1 9026 2 1
1 9027 1 0
1 9028 2 0
1 9032 2 0
1 9033 1 0
1 9035 1 1
1 9037 2 0
1 9039 2 0
1 9041 1 1
1 9042 2 1
1 9043 1 0
1 9045 2 1
1 9047 2 0
1 9048 1 1
1 9049 1 1
1 9050 1 1
1 9051 2 1
1 9052 2 0
1 9053 1 0
1 9054 2 0
1 9055 2 1
1 9056 1 1
1 9057 1 0
1 9058 2 0
1 9059 2 0
1 9062 2 0
1 9064 1 0
1 9065 1 0
1 9066 2 0
1 9067 2 0
1 9069 2 0
1 9071 1 1
1 9072 2 1
1 9073 1 1
1 9076 2 0
1 9077 1 0
1 9078 2 0
1 9080 1 0
1 9081 1 1
1 9082 2 1
1 9084 2 0
1 9085 2 0
1 9087 2 1
1 9088 1 0
1 9089 1 0
1 9090 2 1
1 9092 1 0
1 9097 2 0
1 9098 1 0
1 9099 2 0
1 9101 2 0
1 9102 1 1
1 9103 1 0
1 9104 2 0
1 9105 2 0
1 9106 1 0
1 9109 2 0
1 9111 1 0
1 9112 1 0
1 9114 1 1
1 9115 2 1
1 9116 2 0
1 9118 1 0
1 9123 1 0
1 9124 1 0
1 9127 1 1
1 9128 2 1
1 9129 1 0
1 9132 2 0
1 9133 2 0
1 9134 1 1
1 9135 2 1
1 9136 1 0
1 9138 2 0
1 9140 1 1
1 9141 1 1
1 9142 1 0
1 9144 2 1
1 9145 2 1
1 9147 2 1
1 9148 2 1
1 9150 1 1
1 9151 1 1
1 9152 2 0
1 9155 2 1
1 9156 2 1
1 9157 2 0
1 9158 2 0
1 9159 1 0
1 9160 1 0
1 9161 2 0
1 9162 2 0
1 9163 1 0
1 9164 1 0
1 9168 1 0
1 9203 1 0
1 9209 1 0
1 9220 1 0
1 9228 2 0
1 9230 1 1
1 9232 2 0
1 9237 2 0
1 9243 2 0
1 9252 2 0
1 9256 1 0
1 9715 2 0
1 9719 2 0
1 9752 1 0
1 9753 2 0
1 9754 1 0
1 9755 2 0
1 9756 2 0
1 9758 2 0
1 9761 2 0
1 9762 2 0
1 9766 1 0
1 9770 1 0
1 9776 1 0
1 9777 2 0
1 9781 1 1
1 9782 2 1
1 9783 1 0
1 9785 2 0
1 9788 1 0
1 9794 1 0
1 9798 2 0
1 9799 1 0
1 9801 2 0
1 9803 2 0
1 9811 1 1
1 9813 1 0
1 9814 1 0
1 9821 2 0
1 9825 1 1
1 9826 2 1
1 9828 2 0
1 9829 1 1
1 9831 1 1
1 9832 2 1
1 9835 2 0
1 9842 1 0
1 9844 2 0
1 9850 1 0
1 9851 2 1
1 9852 1 1
1 9853 2 0
1 9854 2 1
1 9856 2 1
1 9857 1 1
1 9859 2 1
1 9860 2 0
1 9861 2 0
1 9862 2 1
1 9865 1 0
1 9867 2 0
1 9877 2 1
1 9878 2 0
1 9879 1 0
1 9882 2 1
1 9883 2 1
1 9884 2 1
1 9885 2 0
1 9886 2 0
1 9887 2 0
1 9891 2 1
1 9893 2 1
1 9899 1 0
1 9900 2 0
1 9901 1 0
1 9902 2 0
1 9905 2 0
1 9906 2 0
1 9907 2 1
1 9909 2 0
1 9910 1 0
1 9911 1 0
1 9912 2 0
1 9914 2 1
1 9915 1 1
1 9916 2 1
1 9917 2 1
1 9918 2 0
1 9919 1 1
1 9920 2 1
1 10046 2 0
1 10049 2 0
1 10050 2 0
1 10076 2 0
1 10080 1 0
1 10121 2 0
1 10128 2 0
1 10137 2 0
1 10143 2 0
1 10179 2 0
1 10185 2 0
1 10187 2 1
1 10188 1 1
1 10189 1 0
1 10193 1 0
1 10194 2 0
1 10196 1 0
1 10197 2 0
1 10199 1 0
1 10200 2 0
1 10203 2 1
1 10206 1 0
1 10208 2 0
1 10209 2 0
1 10212 1 0
1 10213 2 0
1 10218 2 0
1 10219 2 0
1 10222 2 0
1 10223 1 0
1 10224 2 0
1 10227 2 0
1 10228 1 0
1 10229 1 1
1 10230 2 1
1 10233 2 0
1 10234 2 0
1 10235 2 0
1 10236 2 0
1 10241 1 0
1 10245 1 0
1 10246 1 1
1 10249 1 1
1 10250 2 1
1 10252 2 0
1 10257 1 0
1 10259 1 1
1 10262 1 0
1 10263 1 0
1 10266 1 0
1 10269 1 1
1 10270 1 1
1 10271 1 0
1 10272 1 0
1 10273 1 1
1 10274 1 1
1 10276 2 0
1 10277 1 0
1 10280 2 0
1 10281 2 0
1 10282 1 0
1 10285 1 0
1 10287 2 0
1 10288 1 0
1 10290 2 0
1 10291 2 0
1 10292 1 0
1 10300 1 0
1 10304 2 0
1 10306 2 0
1 10308 1 1
1 10309 2 1
1 10310 1 0
1 10311 1 0
1 10314 2 0
1 10316 1 0
1 10317 2 0
1 10320 1 0
1 10321 1 0
1 10322 2 0
1 10323 2 0
1 10324 1 0
1 10325 1 0
1 10326 2 0
1 10327 2 0
1 10328 2 1
1 10331 2 1
1 10334 1 0
1 10338 2 1
1 10340 1 0
1 10341 1 0
1 10342 2 1
1 10344 2 0
1 10350 1 0
1 10355 1 0
1 10435 1 0
1 10437 1 0
1 10440 2 0
1 10444 1 0
1 10445 1 0
1 10457 2 0
1 10516 1 0
1 10522 1 0
1 10528 2 0
1 10533 2 0
1 10535 2 0
1 10536 1 0
1 10538 1 1
1 10540 2 0
1 10541 2 0
1 10548 1 0
1 10551 1 0
1 10553 1 0
1 10554 2 0
1 10556 1 1
1 10558 1 0
1 10559 2 0
1 10562 2 0
1 10564 2 0
1 10566 2 0
1 10570 1 1
1 10573 2 0
1 10578 2 0
1 10579 1 0
1 10584 2 0
1 10587 2 0
1 10589 2 0
1 10593 2 0
1 10595 2 0
1 10600 1 0
1 10601 1 1
1 10604 2 1
1 10607 1 0
1 10610 1 0
1 10615 2 0
1 10616 2 0
1 10620 2 0
1 10621 1 0
1 10629 2 0
1 10631 2 0
1 10634 2 0
1 10635 1 0
1 10638 1 0
1 10639 2 0
1 10640 2 0
1 10643 2 0
1 10645 1 0
1 10653 1 0
1 10658 1 0
1 10660 1 0
1 10663 2 1
1 10664 1 1
1 10711 1 0
1 11068 2 0
1 11069 1 0
1 11070 2 0
1 11073 2 0
1 11082 2 0
1 11086 2 1
1 11114 2 0
1 11115 2 0
1 11116 1 0
1 11120 2 0
1 11125 1 0
1 11126 2 1
1 11129 2 0
1 11130 1 0
1 11131 2 0
1 11133 2 0
1 11134 1 0
1 11135 1 0
1 11136 2 0
1 11137 2 0
1 11139 2 0
1 11141 2 1
1 11143 2 0
1 11144 1 1
1 11145 1 1
1 11146 2 0
1 11149 1 0
1 11150 1 0
1 11151 2 0
1 11153 1 0
1 11154 1 0
1 11155 2 0
1 11156 1 1
1 11158 1 0
1 11159 2 0
1 11160 1 0
1 11161 1 0
1 11162 1 0
1 11163 1 0
1 11164 1 0
1 11165 1 0
1 11166 2 1
1 11167 2 1
1 11168 2 0
1 11169 1 0
1 11170 2 0
1 11171 1 0
1 11172 1 0
1 11173 1 0
1 11174 1 1
1 11176 2 0
1 11177 1 0
1 11178 1 0
1 11179 2 0
1 11180 2 0
1 11181 1 0
1 11183 2 0
1 11184 1 1
1 11185 1 1
1 11186 2 0
1 11187 2 0
1 11188 2 0
1 11190 2 0
1 11193 2 0
1 11194 2 0
1 11196 2 0
1 11197 1 0
1 11198 2 1
1 11199 1 1
1 11200 1 0
1 11201 2 0
1 11203 1 0
1 11204 1 0
1 11205 2 0
1 11208 2 1
1 11209 2 1
1 11210 1 0
1 11211 1 1
1 11213 1 0
1 11214 2 0
1 11215 2 1
1 11217 2 0
1 11218 1 0
1 11219 2 0
1 11221 1 0
1 11223 2 0
1 11224 2 1
1 11226 1 0
1 11227 2 0
1 11229 2 0
1 11230 2 0
1 11231 1 0
1 11232 2 1
1 11233 2 1
1 11234 2 0
1 11235 1 0
1 11236 2 0
1 11238 2 0
1 11240 1 0
1 11242 2 0
1 11243 1 0
1 11244 1 0
1 11245 2 1
1 11247 1 0
1 11248 2 0
1 11249 2 0
1 11250 1 0
1 11251 1 0
1 11252 1 0
1 11253 2 0
1 11254 1 0
1 11255 2 0
1 11256 2 0
1 11257 2 0
1 11258 1 0
1 11261 2 0
1 11263 1 0
1 11265 1 0
1 11268 1 0
1 11270 2 0
1 11271 2 0
1 11272 1 0
1 11273 1 0
1 11274 1 0
1 11276 1 0
1 11277 2 0
1 11279 2 1
1 11283 1 0
1 11372 2 0
1 11373 2 0
1 11374 1 0
1 11375 1 0
1 11377 2 1
1 11380 2 0
1 11382 2 0
1 11383 1 0
1 11391 1 0
1 11392 1 0
1 11394 1 0
1 11401 2 0
1 11514 2 0
1 11517 2 0
1 11518 2 0
1 11520 2 0
1 11527 2 1
1 11528 1 1
1 11533 2 0
1 11535 1 0
1 11544 1 0
1 11548 2 0
1 11550 2 0
1 11554 2 0
1 11557 2 0
1 11558 1 0
1 11564 1 0
1 11565 2 0
1 11566 2 0
1 11570 2 0
1 11578 2 1
1 11583 1 0
1 11586 2 0
1 11588 1 0
1 11591 1 0
1 11598 1 1
1 11605 1 0
1 11607 1 1
1 11609 1 1
1 11610 1 1
1 11612 1 1
1 11617 2 1
1 11627 1 0
1 11629 1 1
1 11630 2 1
1 11800 2 0
1 11808 2 0
