FID IID BirthYear MumID
1 -135 2001 -2377
1 -130 2001 -2232
1 -129 2001 -2212
1 -126 2001 4321
1 -114 2001 -2272
1 -108 2001 -2288
1 -104 2001 -2217
1 -102 2001 -2193
1 -97 2001 -2249
1 -95 2001 -2271
1 -94 2001 7084
1 -90 2001 -2270
1 -75 2001 3662
1 -73 2001 -2269
1 -71 2001 -2239
1 -70 2001 -2268
1 -69 2001 -2267
1 -66 2001 7093
1 -58 2001 -2249
1 -50 2001 -2235
1 -46 2001 4503
1 -45 2001 -2266
1 -26 2001 4106
1 -21 2001 -2265
1 -15 2001 -2376
1 -14 2001 -2264
1 -13 2001 -2259
1 -8 2001 -2263
1 1920 1988 1098
1 1942 1988 755
1 1946 1988 13
1 1947 1988 1712
1 1963 1988 1089
1 1979 1988 36
1 1992 1988 749
1 1993 1988 1242
1 1994 1988 572
1 1999 1988 1262
1 2034 1988 1097
1 2037 1988 423
1 2127 1989 1109
1 2254 1990 1080
1 2257 1990 1090
1 2267 1990 1109
1 2268 1990 2165
1 2298 1990 751
1 2305 1990 1243
1 2308 1990 2067
1 2313 1990 1246
1 2318 1990 -2243
1 2389 1991 32
1 2391 1991 1226
1 2392 1991 1226
1 2397 1991 1243
1 2406 1991 1835
1 2407 1991 -2274
1 2408 1991 2245
1 2411 1991 1879
1 2415 1991 1264
1 2416 1991 2165
1 2418 1991 24
1 2419 1991 24
1 2420 1991 577
1 2424 1991 1288
1 2425 1991 2128
1 2426 1991 2273
1 2427 1991 2146
1 2428 1991 2146
1 2429 1991 -2275
1 2434 1991 2363
1 2435 1991 1097
1 2436 1991 1825
1 2437 1991 1825
1 2438 1991 2361
1 2440 1991 1899
1 2441 1991 1899
1 2442 1991 2143
1 2445 1991 1662
1 2446 1991 2291
1 2448 1991 1101
1 2449 1991 1242
1 2450 1991 1242
1 2451 1991 2164
1 2452 1991 2164
1 2453 1991 1082
1 2454 1991 1082
1 2455 1991 2341
1 2456 1991 2178
1 2458 1991 2278
1 2461 1991 1090
1 2463 1991 1665
1 2464 1991 567
1 2466 1991 906
1 2468 1991 1664
1 2469 1991 1664
1 2470 1991 1757
1 2471 1991 1757
1 2472 1991 1887
1 2473 1991 1887
1 2474 1991 910
1 2477 1991 2075
1 2478 1991 2272
1 2481 1991 1095
1 2483 1991 1769
1 2484 1991 1769
1 2485 1991 36
1 2489 1991 1255
1 2490 1991 54
1 2491 1991 1251
1 2493 1991 2214
1 2495 1991 2353
1 2497 1991 1109
1 2498 1991 1262
1 2499 1991 1289
1 2500 1991 1877
1 2501 1991 1877
1 2502 1991 2366
1 2504 1991 1660
1 2508 1991 1820
1 2510 1991 2374
1 2513 1991 1078
1 2516 1991 1880
1 2518 1991 1649
1 2519 1991 1554
1 2521 1991 2175
1 2524 1991 2302
1 2525 1991 1252
1 2526 1991 2262
1 2527 1991 2315
1 2528 1991 1882
1 2530 1991 751
1 2533 1991 1876
1 2537 1991 1246
1 2541 1991 2170
1 2543 1991 2311
1 2548 1991 902
1 2552 1991 2232
1 2554 1991 1821
1 2555 1991 1666
1 2556 1991 2219
1 2557 1991 34
1 2564 1991 1258
1 2566 1991 -2243
1 2794 1993 2431
1 2797 1993 2443
1 2802 1993 2356
1 2803 1993 2356
1 2806 1993 2164
1 2809 1993 1246
1 2810 1993 2569
1 2815 1993 54
1 2818 1993 2172
1 2822 1993 2163
1 2823 1993 577
1 2824 1993 577
1 2825 1993 24
1 2827 1993 1741
1 2831 1993 1891
1 2833 1993 2170
1 2835 1993 2262
1 2838 1993 2627
1 2839 1993 1552
1 2844 1993 1825
1 2846 1993 2236
1 2848 1993 2323
1 2849 1993 2323
1 2855 1993 2349
1 2857 1993 1899
1 2859 1993 1887
1 2862 1993 36
1 2864 1993 2374
1 2866 1993 2214
1 2867 1993 2214
1 2870 1993 2368
1 2875 1993 2706
1 2876 1993 1663
1 2877 1993 1663
1 2886 1993 2069
1 2887 1993 2069
1 2888 1993 1660
1 2889 1993 1660
1 2890 1993 1101
1 2891 1993 1101
1 2893 1993 1242
1 2895 1993 2075
1 2896 1993 1882
1 2897 1993 1882
1 2902 1993 2376
1 2904 1993 2532
1 2909 1993 2536
1 2912 1993 1288
1 2915 1993 2534
1 2918 1993 2686
1 2919 1993 2663
1 2920 1993 1877
1 2922 1993 2447
1 2926 1993 1079
1 2929 1993 1649
1 2930 1993 1109
1 2932 1993 2073
1 2934 1993 2292
1 2935 1993 1834
1 2937 1993 2641
1 2938 1993 2608
1 2939 1993 2698
1 2940 1993 2637
1 2947 1993 1876
1 2948 1993 32
1 2951 1993 2545
1 2952 1993 1821
1 2956 1993 2343
1 2958 1993 1251
1 2959 1993 2071
1 3000 1994 35
1 3005 1994 2360
1 3006 1994 2275
1 3007 1994 2627
1 3008 1994 2431
1 3012 1994 2363
1 3013 1994 2364
1 3015 1994 2401
1 3016 1994 1741
1 3017 1994 2066
1 3018 1994 2676
1 3019 1994 2607
1 3020 1994 2353
1 3022 1994 2341
1 3023 1994 2479
1 3025 1994 2362
1 3026 1994 2165
1 3028 1994 2361
1 3029 1994 2409
1 3030 1994 2172
1 3031 1994 2167
1 3032 1994 2460
1 3036 1994 2572
1 3037 1994 1664
1 3038 1994 2163
1 3039 1994 2637
1 3042 1994 2177
1 3044 1994 2356
1 3045 1994 1757
1 3046 1994 1757
1 3047 1994 1259
1 3050 1994 2262
1 3051 1994 2688
1 3052 1994 2549
1 3053 1994 1255
1 3054 1994 1899
1 3055 1994 2462
1 3059 1994 2421
1 3062 1994 2644
1 3063 1994 1820
1 3066 1994 2323
1 3067 1994 2064
1 3068 1994 30
1 3069 1994 30
1 3070 1994 1552
1 3071 1994 2075
1 3074 1994 2373
1 3077 1994 1072
1 3078 1994 2366
1 3080 1994 2569
1 3081 1994 1665
1 3082 1994 2447
1 3084 1994 1663
1 3085 1994 2069
1 3087 1994 1649
1 3090 1994 1225
1 3095 1994 2073
1 3096 1994 2073
1 3099 1994 1882
1 3103 1994 2707
1 3105 1994 1887
1 3106 1994 1885
1 3107 1994 1885
1 3108 1994 1660
1 3114 1994 2339
1 3115 1994 2339
1 3117 1994 2658
1 3118 1994 2632
1 3122 1994 2617
1 3124 1994 2374
1 3125 1994 2278
1 3126 1994 2686
1 3127 1994 2292
1 3128 1994 2666
1 3130 1994 32
1 3131 1994 2223
1 3135 1994 1258
1 3137 1994 1226
1 3139 1994 2076
1 3208 1995 2245
1 3220 1995 2066
1 3231 1995 2460
1 3241 1995 2262
1 3249 1995 2572
1 3269 1995 2421
1 3297 1995 2686
1 3315 1995 2921
1 3398 1996 2170
1 3399 1996 2341
1 3400 1996 2341
1 3403 1996 2853
1 3409 1996 2623
1 3416 1996 2361
1 3421 1996 3033
1 3424 1996 2363
1 3425 1996 2807
1 3426 1996 2245
1 3429 1996 2861
1 3430 1996 2697
1 3432 1996 2262
1 3433 1996 2262
1 3434 1996 2903
1 3436 1996 2364
1 3437 1996 2275
1 3438 1996 2376
1 3441 1996 3088
1 3444 1996 3121
1 3448 1996 3259
1 3449 1996 2821
1 3453 1996 2465
1 3455 1996 2409
1 3458 1996 2178
1 3459 1996 2178
1 3460 1996 2163
1 3461 1996 2163
1 3462 1996 2572
1 3464 1996 2688
1 3466 1996 2842
1 3467 1996 2842
1 3470 1996 2612
1 3472 1996 2707
1 3474 1996 3260
1 3475 1996 2536
1 3479 1996 2071
1 3480 1996 2064
1 3481 1996 3250
1 3482 1996 2637
1 3483 1996 2637
1 3486 1996 2172
1 3487 1996 3201
1 3491 1996 2377
1 3492 1996 2658
1 3494 1996 3123
1 3499 1996 2073
1 3500 1996 2073
1 3501 1996 2069
1 3502 1996 2421
1 3504 1996 2843
1 3505 1996 2686
1 3506 1996 3299
1 3513 1996 3014
1 3515 1996 2641
1 3517 1996 2695
1 3518 1996 3280
1 3519 1996 3298
1 3522 1996 2214
1 3523 1996 3209
1 3527 1996 2698
1 3529 1996 3293
1 3532 1996 2353
1 3535 1996 2365
1 3536 1996 3291
1 3541 1996 2617
1 3543 1996 2373
1 3544 1996 2373
1 3546 1996 2941
1 3547 1996 3324
1 3550 1996 2143
1 3551 1996 2632
1 3558 1996 2942
1 3566 1996 2223
1 3575 1996 54
1 3576 1996 54
1 3580 1996 3248
1 3582 1996 2479
1 3584 1996 56
1 3587 1996 55
1 3588 1996 2342
1 3591 1996 1665
1 3594 1996 2362
1 3595 1996 1251
1 3600 1996 3223
1 3603 1996 2292
1 3646 1997 2146
1 3647 1997 3123
1 3649 1997 2610
1 3650 1997 2666
1 3655 1997 2262
1 3656 1997 2262
1 3663 1997 2362
1 3664 1997 3222
1 3666 1997 1741
1 3667 1997 1741
1 3668 1997 2807
1 3671 1997 3199
1 3672 1997 2363
1 3673 1997 56
1 3674 1997 2697
1 3675 1997 2697
1 3678 1997 3319
1 3684 1997 2834
1 3685 1997 2460
1 3686 1997 2409
1 3687 1997 2409
1 3688 1997 3214
1 3690 1997 3263
1 3691 1997 2800
1 3694 1997 2632
1 3696 1997 2861
1 3697 1997 2172
1 3698 1997 3242
1 3701 1997 2607
1 3709 1997 2931
1 3712 1997 2169
1 3713 1997 2366
1 3714 1997 2366
1 3715 1997 2369
1 3719 1997 2075
1 3721 1997 2167
1 3722 1997 2830
1 3723 1997 2236
1 3724 1997 2841
1 3726 1997 2178
1 3728 1997 2223
1 3732 1997 2278
1 3735 1997 1649
1 3737 1997 2695
1 3739 1997 2908
1 3741 1997 2658
1 3742 1997 2658
1 3744 1997 2617
1 3745 1997 2617
1 3746 1997 2353
1 3747 1997 2873
1 3749 1997 2177
1 3751 1997 2683
1 3752 1997 2683
1 3756 1997 2214
1 3757 1997 2686
1 3760 1997 2860
1 3761 1997 2361
1 3765 1997 2073
1 3767 1997 1666
1 3769 1997 2698
1 3770 1997 2076
1 3773 1997 1891
1 3775 1997 2447
1 3776 1997 2447
1 3777 1997 1877
1 3778 1997 3533
1 3781 1997 57
1 3784 1997 55
1 3785 1997 2337
1 3788 1997 2341
1 3791 1997 2699
1 3792 1997 2676
1 3794 1997 1880
1 3795 1997 1663
1 3798 1997 2359
1 3800 1997 2641
1 3801 1997 2641
1 3806 1997 3303
1 3807 1997 2275
1 3808 1997 75
1 3809 1997 3255
1 3811 1997 3203
1 3813 1997 54
1 3819 1997 2903
1 3824 1997 -2230
1 3825 1997 34
1 3826 1997 3140
1 3880 1998 2066
1 3882 1998 3237
1 3883 1998 51
1 3884 1998 2627
1 3886 1998 2800
1 3887 1998 3123
1 3888 1998 3140
1 3890 1998 3440
1 3891 1998 2623
1 3892 1998 3552
1 3893 1998 2617
1 3894 1998 2421
1 3895 1998 2421
1 3896 1998 2163
1 3897 1998 3571
1 3898 1998 3276
1 3899 1998 2146
1 3901 1998 3222
1 3902 1998 3577
1 3903 1998 2572
1 3904 1998 3202
1 3905 1998 2154
1 3906 1998 2804
1 3907 1998 2847
1 3908 1998 2178
1 3909 1998 2706
1 3910 1998 2409
1 3911 1998 3239
1 3912 1998 2610
1 3914 1998 3214
1 3916 1998 2637
1 3917 1998 2353
1 3918 1998 2353
1 3920 1998 3478
1 3921 1998 2245
1 3922 1998 2821
1 3927 1998 2260
1 3929 1998 75
1 3932 1998 2834
1 3933 1998 2834
1 3934 1998 3314
1 3935 1998 3314
1 3936 1998 2853
1 3937 1998 2941
1 3938 1998 2941
1 3939 1998 2073
1 3940 1998 2073
1 3942 1998 2476
1 3944 1998 2640
1 3946 1998 2830
1 3947 1998 2549
1 3948 1998 2611
1 3949 1998 3291
1 3951 1998 3255
1 3955 1998 2275
1 3956 1998 2903
1 3958 1998 3319
1 3959 1998 2401
1 3960 1998 3221
1 3962 1998 2536
1 3963 1998 2697
1 3964 1998 2697
1 3965 1998 3307
1 3972 1998 2262
1 3973 1998 2262
1 3974 1998 2931
1 3975 1998 2375
1 3976 1998 2607
1 3977 1998 3428
1 3978 1998 3223
1 3980 1998 2168
1 3981 1998 2632
1 3982 1998 3242
1 3983 1998 2908
1 3984 1998 2676
1 3985 1998 30
1 3986 1998 3443
1 3989 1998 2534
1 3990 1998 2799
1 3992 1998 2167
1 3993 1998 3048
1 3994 1998 2873
1 3995 1998 2898
1 3996 1998 3199
1 3998 1998 2885
1 3999 1998 3282
1 4001 1998 3490
1 4003 1998 3027
1 4005 1998 2843
1 4006 1998 2843
1 4007 1998 3248
1 4009 1998 2819
1 4010 1998 2906
1 4012 1998 3129
1 4013 1998 2236
1 4015 1998 2376
1 4016 1998 3420
1 4018 1998 2644
1 4019 1998 2362
1 4021 1998 2683
1 4022 1998 2323
1 4023 1998 2323
1 4024 1998 2892
1 4025 1998 3265
1 4026 1998 3272
1 4028 1998 2069
1 4029 1998 2921
1 4031 1998 3203
1 4032 1998 2361
1 4033 1998 3431
1 4035 1998 2278
1 4036 1998 2703
1 4039 1998 3224
1 4040 1998 2377
1 4041 1998 3111
1 4042 1998 2964
1 4044 1998 1880
1 4045 1998 2292
1 4046 1998 2447
1 4048 1998 2686
1 4049 1998 2686
1 4050 1998 2358
1 4052 1998 1834
1 4053 1998 3273
1 4054 1998 2378
1 4057 1998 2899
1 4058 1998 3232
1 4059 1998 2337
1 4060 1998 3607
1 4061 1998 3592
1 4062 1998 2942
1 4063 1998 4522
1 4064 1998 3198
1 4066 1998 2571
1 4067 1998 3753
1 4069 1998 4304
1 4072 1998 1876
1 4074 1998 2612
1 4107 1998 68
1 4108 1998 2071
1 4110 1998 3268
1 4111 1998 2170
1 4113 1998 2545
1 4115 1998 3303
1 4122 1998 3033
1 4123 1998 3786
1 4124 1998 57
1 4125 1998 3121
1 4126 1998 3076
1 4135 1998 2698
1 4136 1998 3100
1 4137 1998 2174
1 4142 1998 -2285
1 4143 1998 3301
1 4148 1998 -2227
1 4149 1998 52
1 4192 1999 3232
1 4248 1999 3759
1 4348 2000 2262
1 4350 2000 3552
1 4360 2000 2607
1 4363 2000 3202
1 4384 2000 3330
1 4388 2000 2834
1 4390 2000 3222
1 4391 2000 3222
1 4394 2000 2683
1 4401 2000 2908
1 4405 2000 3300
1 4406 2000 2706
1 4408 2000 3885
1 4409 2000 2807
1 4433 2000 3564
1 4437 2000 3473
1 4451 2000 4322
1 4506 2000 2368
1 4508 2000 4250
1 4511 2000 3782
1 4514 2000 3326
1 4519 2000 2892
1 4563 2001 2941
1 4565 2001 3725
1 4566 2001 2364
1 4568 2001 3203
1 4569 2001 3268
1 4571 2001 3968
1 4576 2001 2861
1 4578 2001 3567
1 4579 2001 4217
1 4580 2001 4529
1 4581 2001 2829
1 4582 2001 4395
1 4583 2001 3255
1 4584 2001 4051
1 4585 2001 3589
1 4586 2001 2686
1 4588 2001 4250
1 4590 2001 2597
1 4592 2001 2706
1 4593 2001 2683
1 4594 2001 2460
1 4595 2001 3428
1 4596 2001 3282
1 4597 2001 4243
1 4599 2001 3607
1 4600 2001 3704
1 4601 2001 2847
1 4602 2001 4366
1 4603 2001 4193
1 4604 2001 3255
1 4606 2001 3564
1 4607 2001 3250
1 4609 2001 4158
1 4610 2001 3636
1 4612 2001 4522
1 4613 2001 4522
1 4615 2001 4687
1 4616 2001 3316
1 4617 2001 3121
1 4619 2001 4517
1 4620 2001 2640
1 4621 2001 3316
1 4622 2001 4161
1 4623 2001 4242
1 4626 2001 3488
1 4627 2001 4241
1 4638 2001 2787
1 4640 2001 3738
1 4641 2001 3273
1 4642 2001 3692
1 4643 2001 3692
1 4644 2001 4238
1 4646 2001 4469
1 4647 2001 4169
1 4648 2001 3330
1 4649 2001 4212
1 4651 2001 2931
1 4652 2001 2908
1 4653 2001 3473
1 4654 2001 2607
1 4655 2001 4309
1 4658 2001 -2222
1 4660 2001 4266
1 4661 2001 3121
1 4662 2001 3202
1 4664 2001 53
1 4665 2001 4153
1 4667 2001 3954
1 4668 2001 3248
1 4669 2001 3414
1 4673 2001 3771
1 4674 2001 3009
1 4675 2001 2860
1 4676 2001 4239
1 4677 2001 4166
1 4678 2001 3659
1 4679 2001 3659
1 4680 2001 3469
1 4681 2001 3224
1 4682 2001 4183
1 4683 2001 3762
1 4684 2001 4259
1 4685 2001 3748
1 4686 2001 3563
1 5257 2001 5239
1 5258 2001 4364
1 5259 2001 4379
1 5261 2001 4410
1 5264 2001 4445
1 5265 2001 4449
1 5270 2001 2375
1 5273 2001 2379
1 5277 2001 2401
1 5278 2001 2627
1 5280 2001 2707
1 5282 2001 2699
1 5283 2001 2631
1 5285 2001 2925
1 5286 2001 2804
1 5288 2001 2807
1 5293 2001 2892
1 5294 2001 2834
1 5298 2001 3088
1 5299 2001 3002
1 5301 2001 3129
1 5303 2001 3048
1 5304 2001 3048
1 5306 2001 3324
1 5308 2001 3222
1 5310 2001 3289
1 5311 2001 3319
1 5313 2001 3314
1 5315 2001 3236
1 5320 2001 3232
1 5325 2001 3214
1 5327 2001 3259
1 5329 2001 3260
1 5333 2001 3209
1 5335 2001 3301
1 5336 2001 3431
1 5337 2001 3478
1 5339 2001 3538
1 5340 2001 3552
1 5343 2001 3443
1 5344 2001 3571
1 5346 2001 3445
1 5347 2001 3440
1 5350 2001 3681
1 5351 2001 4103
1 5352 2001 4103
1 5353 2001 3734
1 5354 2001 3734
1 5355 2001 3782
1 5356 2001 3796
1 5357 2001 3651
1 5358 2001 3759
1 5359 2001 3881
1 5360 2001 3885
1 5362 2001 3945
1 5363 2001 4004
1 5366 2001 4068
1 5369 2001 2659
1 5370 2001 4155
1 5374 2001 4195
1 5375 2001 4198
1 5377 2001 4223
1 5378 2001 4340
1 5380 2001 4257
1 5383 2001 4312
1 5385 2001 2066
1 5386 2001 51
1 5388 2001 4303
1 5390 2001 4306
1 5391 2001 4308
1 5393 2001 54
1 5394 2001 75
1 5445 2003 5119
1 5454 2003 5076
1 5470 2003 4361
1 5474 2003 4258
1 5482 2003 4410
1 5488 2003 4241
1 5497 2003 5103
1 5517 2003 3762
1 5522 2003 2908
1 5529 2003 4223
1 5534 2003 3559
1 5537 2003 3771
1 5539 2003 4631
1 5615 2003 3748
1 5637 2003 4734
1 5682 2003 5130
1 5724 2004 4157
1 5725 2004 5078
1 5726 2004 3885
1 5727 2004 3885
1 5728 2004 3641
1 5731 2004 3291
1 5732 2004 3291
1 5733 2004 51
1 5734 2004 2377
1 5735 2004 3571
1 5742 2004 3725
1 5743 2004 4104
1 5744 2004 5152
1 5745 2004 4166
1 5746 2004 5101
1 5747 2004 5150
1 5748 2004 3488
1 5749 2004 3201
1 5750 2004 2640
1 5752 2004 5326
1 5753 2004 5244
1 5754 2004 4259
1 5755 2004 4162
1 5760 2004 3659
1 5761 2004 3659
1 5763 2004 5076
1 5764 2004 4396
1 5767 2004 5089
1 5771 2004 5248
1 5772 2004 4346
1 5773 2004 3734
1 5774 2004 3734
1 5775 2004 4308
1 5776 2004 4308
1 5777 2004 5119
1 5778 2004 5232
1 5780 2004 5144
1 5782 2004 5073
1 5783 2004 2800
1 5784 2004 2800
1 5785 2004 3203
1 5786 2004 3203
1 5795 2004 4004
1 5796 2004 5130
1 5797 2004 3445
1 5798 2004 4361
1 5799 2004 4456
1 5800 2004 5669
1 5801 2004 4420
1 5802 2004 3759
1 5804 2004 4241
1 5805 2004 4242
1 5808 2004 4170
1 5810 2004 3945
1 5811 2004 3738
1 5813 2004 3268
1 5814 2004 3268
1 5816 2004 4454
1 5817 2004 4395
1 5818 2004 4432
1 5820 2004 4217
1 5821 2004 3214
1 5822 2004 5135
1 5823 2004 4161
1 5824 2004 5133
1 5826 2004 4529
1 5827 2004 5635
1 5828 2004 4313
1 5829 2004 4313
1 5830 2004 3289
1 5832 2004 5831
1 5833 2004 3250
1 5834 2004 3250
1 5836 2004 5449
1 5837 2004 4245
1 5838 2004 4522
1 5839 2004 4522
1 5840 2004 3248
1 5842 2004 4103
1 5844 2004 4051
1 5845 2004 2706
1 5847 2004 3443
1 5848 2004 3279
1 5851 2004 5605
1 5852 2004 4404
1 5874 2004 4635
1 5876 2004 5111
1 5877 2004 2834
1 5878 2004 2834
1 5879 2004 5107
1 5880 2004 3636
1 5881 2004 2908
1 5883 2004 3324
1 5885 2004 3282
1 5886 2004 4460
1 5887 2004 3748
1 5888 2004 3748
1 5889 2004 5110
1 5892 2004 5670
1 5893 2004 5242
1 5894 2004 4459
1 5896 2004 3564
1 5898 2004 2787
1 5899 2004 4734
1 5900 2004 5495
1 5901 2004 3490
1 5902 2004 3533
1 5903 2004 4378
1 5904 2004 4305
1 5905 2004 4386
1 5906 2004 4386
1 5907 2004 5061
1 5913 2004 3259
1 5914 2004 5141
1 5916 2004 5549
1 5919 2004 3303
1 5921 2004 4258
1 5923 2004 3681
1 5924 2004 3319
1 5926 2004 4226
1 5927 2004 3563
1 5928 2004 5485
1 5929 2004 3692
1 5930 2004 3762
1 5931 2004 5634
1 5932 2004 5510
1 5935 2004 5471
1 5972 2004 3202
1 5974 2004 3567
1 5975 2004 2819
1 5977 2004 5548
1 5979 2004 3771
1 5980 2004 4155
1 5982 2004 2627
1 5983 2004 5434
1 5988 2004 5121
1 5989 2004 5276
1 5990 2004 4473
1 5991 2004 5250
1 5992 2004 4322
1 5993 2004 3796
1 5997 2004 4628
1 5998 2004 3009
1 6002 2004 2860
1 6015 2004 4008
1 6016 2004 3538
1 6020 2004 5226
1 6021 2004 3076
1 6022 2004 3236
1 6028 2004 4193
1 6036 2004 3326
1 6045 2004 5589
1 6050 2004 4416
1 6053 2004 5125
1 6085 2005 4166
1 6090 2005 3571
1 6093 2005 5831
1 6095 2005 3725
1 6096 2005 4259
1 6101 2005 5076
1 6104 2005 5669
1 6107 2005 5232
1 6108 2005 3796
1 6109 2005 4410
1 6110 2005 4103
1 6111 2005 4103
1 6112 2005 4238
1 6113 2005 5248
1 6117 2005 4468
1 6122 2005 4456
1 6126 2005 4420
1 6131 2005 3214
1 6134 2005 4004
1 6135 2005 3319
1 6137 2005 4257
1 6138 2005 4257
1 6140 2005 4241
1 6142 2005 5652
1 6143 2005 4361
1 6144 2005 4361
1 6152 2005 4193
1 6153 2005 5111
1 6157 2005 5125
1 6158 2005 3259
1 6160 2005 5121
1 6161 2005 5626
1 6163 2005 5596
1 6165 2005 4575
1 6166 2005 5662
1 6167 2005 4459
1 6175 2005 5141
1 6177 2005 4470
1 6178 2005 3771
1 6179 2005 3771
1 6180 2005 3282
1 6183 2005 5510
1 6188 2005 4529
1 6191 2005 4454
1 6192 2005 5127
1 6194 2005 3762
1 6197 2005 4467
1 6198 2005 4628
1 6200 2005 5326
1 6201 2005 5456
1 6276 2005 5226
1 6311 2005 5130
1 6316 2005 6782
1 6327 2006 3641
1 6335 2006 5428
1 6336 2006 3681
1 6339 2006 4432
1 6340 2006 5063
1 6341 2006 5594
1 6343 2006 3738
1 6344 2006 4166
1 6346 2006 5547
1 6347 2006 4407
1 6349 2006 3945
1 6350 2006 5542
1 6352 2006 5597
1 6355 2006 4103
1 6356 2006 4155
1 6360 2006 3659
1 6363 2006 5232
1 6364 2006 5514
1 6366 2006 5483
1 6368 2006 4359
1 6378 2006 5076
1 6379 2006 5081
1 6380 2006 5439
1 6384 2006 4161
1 6385 2006 5662
1 6387 2006 5589
1 6388 2006 5652
1 6389 2006 4456
1 6390 2006 4335
1 6391 2006 3533
1 6392 2006 3533
1 6393 2006 6781
1 6394 2006 4308
1 6395 2006 4051
1 6396 2006 3268
1 6397 2006 3268
1 6398 2006 4420
1 6399 2006 5626
1 6401 2006 4259
1 6402 2006 5150
1 6403 2006 3490
1 6405 2006 4395
1 6412 2006 5250
1 6416 2006 5130
1 6417 2006 5130
1 6418 2006 4459
1 6420 2006 4238
1 6424 2006 5060
1 6426 2006 5431
1 6427 2006 3319
1 6429 2006 3636
1 6438 2006 5562
1 6442 2006 4217
1 6445 2006 5520
1 6446 2006 5490
1 6447 2006 5555
1 6448 2006 4313
1 6449 2006 4734
1 6450 2006 4734
1 6453 2006 4454
1 6457 2006 3762
1 6460 2006 5491
1 6464 2006 5525
1 6466 2006 3704
1 6467 2006 4517
1 6468 2006 4517
1 6469 2006 3265
1 6472 2006 3651
1 6473 2006 5137
1 6475 2006 5122
1 6476 2006 4628
1 6478 2006 5531
1 6480 2006 4473
1 6482 2006 5141
1 6487 2006 3009
1 6489 2006 4193
1 6503 2006 5501
1 6505 2006 4361
1 6517 2006 5111
1 6518 2006 3564
1 6521 2006 5528
1 6522 2006 4346
1 6523 2006 5648
1 6524 2006 4004
1 6527 2006 5831
1 6532 2006 5276
1 6539 2006 4470
1 6564 2007 5103
1 6574 2007 5232
1 6578 2007 5596
1 6584 2007 3571
1 6586 2007 5076
1 6587 2007 5076
1 6590 2007 5631
1 6592 2007 5455
1 6595 2007 5433
1 6596 2007 5469
1 6597 2007 5469
1 6607 2007 5063
1 6611 2007 6136
1 6612 2007 5125
1 6613 2007 4361
1 6614 2007 4361
1 6624 2007 5443
1 6626 2007 5597
1 6628 2007 4420
1 6630 2007 4454
1 6635 2007 6100
1 6636 2007 4241
1 6645 2007 6151
1 6647 2007 5831
1 6649 2007 5439
1 6651 2007 5127
1 6652 2007 4410
1 6655 2007 4217
1 6659 2007 5456
1 6664 2007 5562
1 6668 2007 5662
1 6669 2007 5662
1 6670 2007 5542
1 6672 2007 5430
1 6673 2007 5248
1 6677 2007 5491
1 6684 2007 5917
1 6687 2007 5759
1 6698 2007 4529
1 6699 2007 4529
1 6700 2007 6120
1 6703 2007 5741
1 6705 2007 4238
1 6710 2007 5130
1 6711 2007 5130
1 6712 2007 5119
1 6714 2007 6147
1 6731 2007 4575
1 6732 2007 4575
1 6762 2007 5552
1 6766 2007 6528
1 6769 2007 3567
1 6772 2007 5495
1 6773 2007 5235
1 6774 2007 6780
1 6783 2007 4472
1 6807 2007 -2321
1 6824 2008 5469
1 6825 2008 5469
1 6826 2008 5063
1 6832 2008 6099
1 6835 2008 4361
1 6839 2008 5107
1 6840 2008 5103
1 6844 2008 5439
1 6845 2008 4190
1 6846 2008 4456
1 6848 2008 6410
1 6850 2008 5144
1 6852 2008 6164
1 6855 2008 5076
1 6858 2008 4004
1 6862 2008 4399
1 6864 2008 4359
1 6865 2008 5552
1 6872 2008 5741
1 6873 2008 5456
1 6875 2008 5562
1 6876 2008 5525
1 6877 2008 5133
1 6878 2008 5133
1 6879 2008 5530
1 6880 2008 5759
1 6883 2008 5593
1 6885 2008 5491
1 6887 2008 6488
1 6889 2008 5652
1 6890 2008 4395
1 6891 2008 4395
1 6894 2008 5130
1 6897 2008 6145
1 6902 2008 5486
1 6903 2008 6084
1 6906 2008 6452
1 6908 2008 5127
1 6912 2008 4420
1 6914 2008 6168
1 6917 2008 5542
1 6919 2008 6525
1 6922 2008 6136
1 6924 2008 5089
1 6925 2008 5547
1 6926 2008 5276
1 6931 2008 5631
1 6932 2008 5626
1 6934 2008 6196
1 6940 2008 6159
1 6942 2008 5506
1 6946 2008 4575
1 6950 2008 4529
1 6951 2008 4529
1 6952 2008 3796
1 6955 2008 6435
1 6956 2008 5152
1 6959 2008 5891
1 6961 2008 5460
1 6963 2008 4598
1 6964 2008 5595
1 6966 2008 6124
1 6980 2008 5326
1 6983 2008 5459
1 6984 2008 6779
1 7037 2008 6186
1 7041 2008 4628
1 7042 2008 5648
1 7044 2008 5520
1 7049 2008 6588
1 7054 2008 7076
1 7058 2008 6354
1 7059 2008 7068
1 7060 2008 7081
1 7066 2008 6125
1 7087 2008 5430
1 7088 2008 5831
1 7105 2009 5127
1 7106 2009 6082
1 7111 2009 4404
1 7113 2009 5421
1 7114 2009 4361
1 7117 2009 6690
1 7119 2009 5248
1 7120 2009 6588
1 7121 2009 5150
1 7123 2009 5469
1 7130 2009 5326
1 7132 2009 5431
1 7136 2009 5542
1 7147 2009 6193
1 7150 2009 5130
1 7151 2009 5130
1 7152 2009 4395
1 7153 2009 5427
1 7154 2009 5427
1 7160 2009 6488
1 7161 2009 5631
1 7164 2009 5535
1 7165 2009 5535
1 7166 2009 6663
1 7167 2009 6425
1 7169 2009 6593
1 7170 2009 5891
1 7175 2009 5141
1 7176 2009 5141
1 7177 2009 5530
1 7178 2009 5520
1 7180 2009 6196
1 7181 2009 6196
1 7182 2009 6435
1 7186 2009 5232
1 7187 2009 6084
1 7188 2009 4631
1 7189 2009 6656
1 7195 2009 6164
1 7203 2009 4190
1 7204 2009 6625
1 7207 2009 4359
1 7211 2009 5486
1 7214 2009 5543
1 7220 2009 6644
1 7221 2009 6724
1 7226 2009 6369
1 7229 2009 5439
1 7231 2009 6151
1 7236 2009 4004
1 7239 2009 6695
1 7240 2009 4238
1 7242 2009 5604
1 7243 2009 5060
1 7246 2009 6615
1 7248 2009 5444
1 7254 2009 6723
1 7255 2009 5526
1 7258 2009 6692
1 7266 2009 5759
1 7307 2009 4420
1 7308 2009 4456
1 7315 2009 5552
1 7327 2009 6150
1 7328 2009 4258
1 7332 2009 5626
1 7335 2009 5505
1 7337 2009 5595
1 7346 2009 5831
1 7437 2010 6646
1 7442 2010 4361
1 7444 2010 6690
1 7446 2010 6585
1 7447 2010 6827
1 7448 2010 5101
1 7450 2010 5596
1 7452 2010 6724
1 7453 2010 6189
1 7456 2010 6681
1 7457 2010 5248
1 7461 2010 5130
1 7462 2010 5469
1 7463 2010 5469
1 7465 2010 6369
1 7467 2010 4407
1 7470 2010 6867
1 7471 2010 6168
1 7473 2010 6691
1 7474 2010 7046
1 7477 2010 5439
1 7478 2010 5144
1 7479 2010 4359
1 7481 2010 6338
1 7483 2010 6860
1 7484 2010 6100
1 7487 2010 5433
1 7489 2010 5552
1 7490 2010 5127
1 7491 2010 6910
1 7497 2010 6086
1 7499 2010 5491
1 7500 2010 6904
1 7501 2010 6425
1 7502 2010 6588
1 7505 2010 5456
1 7506 2010 5604
1 7507 2010 6770
1 7508 2010 6780
1 7509 2010 6780
1 7510 2010 5111
1 7512 2010 6625
1 7513 2010 5443
1 7515 2010 6196
1 7517 2010 6125
1 7518 2010 6730
1 7519 2010 6892
1 7521 2010 6938
1 7522 2010 6929
1 7523 2010 6990
1 7524 2010 6408
1 7528 2010 6688
1 7529 2010 6159
1 7530 2010 5562
1 7531 2010 5604
1 7532 2010 6776
1 7534 2010 6455
1 7535 2010 6786
1 7536 2010 5662
1 7537 2010 5133
1 7539 2010 5089
1 7540 2010 5119
1 7541 2010 5632
1 7544 2010 5535
1 7545 2010 5891
1 7548 2010 5137
1 7553 2010 5631
1 7554 2010 5431
1 7558 2010 6969
1 7561 2010 6537
1 7563 2010 6866
1 7567 2010 6713
1 7571 2010 6937
1 7572 2010 6909
1 7577 2010 6930
1 7578 2010 6900
1 7579 2010 6697
1 7580 2010 6907
1 7581 2010 6679
1 7582 2010 6718
1 7583 2010 5430
1 7584 2010 5485
1 7586 2010 6193
1 7591 2010 6979
1 7595 2010 6958
1 7597 2010 6084
1 7601 2010 6988
1 7602 2010 7063
1 7604 2010 5459
1 7681 2010 6834
1 7682 2010 6617
1 7683 2010 5427
1 7684 2010 6726
1 7685 2010 7707
1 7689 2010 7068
1 7690 2010 6593
1 7691 2010 6674
1 7693 2010 6609
1 7709 2010 6099
1 7711 2010 6927
1 7712 2010 6176
1 7713 2010 6682
1 7716 2010 6150
1 7718 2010 4410
1 7719 2010 3259
1 8214 2011 6082
1 8215 2011 7068
1 8216 2011 4628
1 8218 2011 5433
1 8219 2011 6086
1 8220 2011 6605
1 8222 2011 5596
1 8225 2011 6777
1 8226 2011 6827
1 8228 2011 6644
1 8229 2011 6781
1 8231 2011 4361
1 8232 2011 6911
1 8233 2011 6829
1 8234 2011 5662
1 8235 2011 6646
1 8237 2011 6625
1 8238 2011 6189
1 8239 2011 7267
1 8241 2011 6860
1 8243 2011 6688
1 8244 2011 6892
1 8245 2011 6168
1 8246 2011 7124
1 8248 2011 6971
1 8250 2011 7131
1 8251 2011 6867
1 8252 2011 6124
1 8253 2011 5455
1 8255 2011 6155
1 8257 2011 7157
1 8259 2011 6692
1 8260 2011 6369
1 8261 2011 6369
1 8262 2011 6414
1 8263 2011 7205
1 8264 2011 7056
1 8268 2011 4359
1 8269 2011 6730
1 8271 2011 6588
1 8272 2011 7253
1 8273 2011 6713
1 8275 2011 7228
1 8277 2011 5443
1 8278 2011 5443
1 8279 2011 6127
1 8281 2011 6928
1 8282 2011 6679
1 8283 2011 6930
1 8284 2011 6969
1 8285 2011 6948
1 8287 2011 5084
1 8289 2011 6452
1 8291 2011 6681
1 8292 2011 6723
1 8293 2011 6958
1 8295 2011 5127
1 8296 2011 6150
1 8297 2011 6585
1 8299 2011 5520
1 8300 2011 6617
1 8301 2011 5530
1 8303 2011 6718
1 8306 2011 7039
1 8307 2011 6920
1 8308 2011 6972
1 8309 2011 7144
1 8311 2011 6100
1 8313 2011 5631
1 8314 2011 7172
1 8315 2011 6859
1 8317 2011 7163
1 8318 2011 6441
1 8319 2011 6717
1 8320 2011 6196
1 8321 2011 6196
1 8322 2011 6678
1 8323 2011 5604
1 8324 2011 5490
1 8325 2011 5444
1 8326 2011 6171
1 8328 2011 6682
1 8329 2011 6770
1 8330 2011 5594
1 8331 2011 7108
1 8333 2011 6583
1 8334 2011 6159
1 8336 2011 5089
1 8337 2011 5741
1 8338 2011 6726
1 8339 2011 6900
1 8341 2011 6118
1 8343 2011 7051
1 8344 2011 6089
1 8347 2011 6525
1 8348 2011 7146
1 8349 2011 6967
1 8351 2011 5525
1 8352 2011 6683
1 8353 2011 6663
1 8354 2011 6780
1 8355 2011 5460
1 8356 2011 10283
1 8359 2011 5593
1 8360 2011 6435
1 8363 2011 5762
1 8364 2011 6837
1 8450 2011 6916
1 8452 2011 7201
1 8453 2011 6976
1 8455 2011 5133
1 8456 2011 5133
1 8457 2011 6609
1 8458 2011 9242
1 8459 2011 6724
1 8461 2011 5094
1 8462 2011 6725
1 8463 2011 6927
1 8464 2011 6910
1 8465 2011 5137
1 8468 2011 6841
1 8472 2011 6193
1 8474 2011 5505
1 8484 2011 5562
1 8490 2011 7257
1 8492 2011 7079
1 8493 2011 7215
1 8495 2011 6988
1 8501 2011 7698
1 8507 2011 6776
1 8513 2011 6338
1 8517 2011 6186
1 8642 2011 -2337
1 8644 2011 -2338
1 8647 2011 -2339
1 8651 2011 -2340
1 8653 2011 -2228
1 8654 2011 6768
1 8655 2011 6904
1 8658 2011 7700
1 8661 2011 -2379
1 8662 2011 -2241
1 8665 2011 5506
1 8667 2011 -2198
1 8669 2011 6857
1 8673 2011 -2206
1 8676 2011 -2341
1 8682 2011 -2342
1 8685 2011 -2343
1 8696 2011 7076
1 8697 2011 -2344
1 8704 2011 -2380
1 8737 2012 6837
1 8977 2012 6900
1 9001 2013 6680
1 9002 2013 8751
1 9004 2013 6691
1 9005 2013 6690
1 9006 2013 6833
1 9007 2013 7241
1 9008 2013 7459
1 9009 2013 7454
1 9011 2013 6644
1 9013 2013 7576
1 9015 2013 7185
1 9017 2013 6777
1 9018 2013 7157
1 9019 2013 6168
1 9020 2013 6086
1 9021 2013 6837
1 9024 2013 7205
1 9025 2013 6625
1 9026 2013 6625
1 9027 2013 7476
1 9028 2013 8258
1 9032 2013 8729
1 9033 2013 6938
1 9035 2013 7230
1 9037 2013 6354
1 9039 2013 5597
1 9041 2013 6827
1 9042 2013 6827
1 9043 2013 7172
1 9045 2013 7267
1 9047 2013 7458
1 9048 2013 7262
1 9049 2013 7262
1 9050 2013 6678
1 9051 2013 6678
1 9052 2013 7039
1 9053 2013 8749
1 9054 2013 10748
1 9055 2013 7560
1 9056 2013 7560
1 9057 2013 8730
1 9058 2013 6151
1 9059 2013 6608
1 9062 2013 8240
1 9064 2013 8265
1 9065 2013 8718
1 9066 2013 8510
1 9067 2013 7163
1 9069 2013 7215
1 9071 2013 6958
1 9072 2013 6930
1 9073 2013 6930
1 9076 2013 7133
1 9077 2013 7227
1 9078 2013 7455
1 9080 2013 7051
1 9081 2013 7261
1 9082 2013 7261
1 9084 2013 6834
1 9085 2013 6369
1 9087 2013 6948
1 9088 2013 7198
1 9089 2013 7542
1 9090 2013 6969
1 9092 2013 8327
1 9097 2013 6900
1 9098 2013 8765
1 9099 2013 7143
1 9101 2013 7109
1 9102 2013 6176
1 9103 2013 6663
1 9104 2013 6688
1 9105 2013 5751
1 9106 2013 6874
1 9109 2013 7257
1 9111 2013 8771
1 9112 2013 7472
1 9114 2013 6196
1 9115 2013 6196
1 9116 2013 5594
1 9118 2013 6683
1 9123 2013 6770
1 9124 2013 7228
1 9127 2013 6916
1 9128 2013 6916
1 9129 2013 8740
1 9132 2013 6679
1 9133 2013 4465
1 9134 2013 6617
1 9135 2013 6617
1 9136 2013 8793
1 9138 2013 7068
1 9140 2013 6867
1 9141 2013 6867
1 9142 2013 7043
1 9144 2013 6682
1 9145 2013 6682
1 9147 2013 6425
1 9148 2013 6425
1 9150 2013 6136
1 9151 2013 6136
1 9152 2013 6982
1 9155 2013 6967
1 9156 2013 6967
1 9157 2013 10113
1 9158 2013 8745
1 9159 2013 8792
1 9160 2013 5648
1 9161 2013 7574
1 9162 2013 6615
1 9163 2013 8780
1 9164 2013 7194
1 9168 2013 8473
1 9203 2013 6990
1 9209 2013 6776
1 9220 2013 8813
1 9228 2013 6723
1 9230 2013 9242
1 9232 2013 6857
1 9237 2013 6866
1 9243 2013 7071
1 9252 2013 8744
1 9256 2013 8721
1 9715 2013 10721
1 9719 2013 7108
1 9752 2014 7068
1 9753 2014 8265
1 9754 2014 6690
1 9755 2014 8718
1 9756 2014 6168
1 9758 2014 6833
1 9761 2014 8358
1 9762 2014 8787
1 9766 2014 8714
1 9770 2014 6777
1 9776 2014 7143
1 9777 2014 9251
1 9781 2014 6827
1 9782 2014 6827
1 9783 2014 8759
1 9785 2014 7227
1 9788 2014 6348
1 9794 2014 8240
1 9798 2014 6688
1 9799 2014 6779
1 9801 2014 6937
1 9803 2014 7454
1 9811 2014 6605
1 9813 2014 8725
1 9814 2014 6086
1 9821 2014 6929
1 9825 2014 6678
1 9826 2014 6678
1 9828 2014 9258
1 9829 2014 7185
1 9831 2014 6958
1 9832 2014 6958
1 9835 2014 7476
1 9842 2014 7593
1 9844 2014 7063
1 9850 2014 8762
1 9851 2014 7576
1 9852 2014 7576
1 9853 2014 8473
1 9854 2014 7560
1 9856 2014 7261
1 9857 2014 7261
1 9859 2014 7232
1 9860 2014 6663
1 9861 2014 6118
1 9862 2014 6866
1 9865 2014 7071
1 9867 2014 8749
1 9877 2014 6930
1 9878 2014 6969
1 9879 2014 5490
1 9882 2014 7206
1 9883 2014 6717
1 9884 2014 6717
1 9885 2014 6851
1 9886 2014 8740
1 9887 2014 7687
1 9891 2014 7215
1 9893 2014 6369
1 9899 2014 9239
1 9900 2014 6979
1 9901 2014 5597
1 9902 2014 8812
1 9905 2014 7574
1 9906 2014 10748
1 9907 2014 7202
1 9909 2014 6666
1 9910 2014 6435
1 9911 2014 10113
1 9912 2014 7542
1 9914 2014 6916
1 9915 2014 6916
1 9916 2014 6962
1 9917 2014 6962
1 9918 2014 6682
1 9919 2014 6948
1 9920 2014 6967
1 10046 2014 8800
1 10049 2014 7692
1 10050 2014 7245
1 10076 2014 9023
1 10080 2014 7159
1 10121 2014 5648
1 10128 2014 7695
1 10137 2014 -2240
1 10143 2014 10854
1 10179 2015 8358
1 10185 2015 7194
1 10187 2015 7185
1 10188 2015 7185
1 10189 2015 8729
1 10193 2015 6666
1 10194 2015 7560
1 10196 2015 6625
1 10197 2015 8714
1 10199 2015 8731
1 10200 2015 6354
1 10203 2015 7576
1 10206 2015 6118
1 10208 2015 8240
1 10209 2015 6927
1 10212 2015 6455
1 10213 2015 8715
1 10218 2015 8716
1 10219 2015 8717
1 10222 2015 7143
1 10223 2015 8751
1 10224 2015 6678
1 10227 2015 6866
1 10228 2015 6937
1 10229 2015 7230
1 10230 2015 7230
1 10233 2015 10748
1 10234 2015 7227
1 10235 2015 7476
1 10236 2015 9093
1 10241 2015 9246
1 10245 2015 7245
1 10246 2015 7131
1 10249 2015 8958
1 10250 2015 8958
1 10252 2015 8785
1 10257 2015 6136
1 10259 2015 6724
1 10262 2015 6958
1 10263 2015 8734
1 10266 2015 9169
1 10269 2015 8510
1 10270 2015 8510
1 10271 2015 7710
1 10272 2015 7593
1 10273 2015 6827
1 10274 2015 6827
1 10276 2015 7228
1 10277 2015 8258
1 10280 2015 8712
1 10281 2015 6683
1 10282 2015 8790
1 10285 2015 8759
1 10287 2015 7455
1 10288 2015 8749
1 10290 2015 6851
1 10291 2015 8794
1 10292 2015 6929
1 10300 2015 9023
1 10304 2015 8807
1 10306 2015 9214
1 10308 2015 6945
1 10309 2015 6945
1 10310 2015 7215
1 10311 2015 9016
1 10314 2015 7575
1 10316 2015 8804
1 10317 2015 6776
1 10320 2015 7542
1 10321 2015 8812
1 10322 2015 6900
1 10323 2015 9075
1 10324 2015 8740
1 10325 2015 10753
1 10326 2015 7056
1 10327 2015 10116
1 10328 2015 10721
1 10331 2015 6969
1 10334 2015 7046
1 10338 2015 8506
1 10340 2015 6663
1 10341 2015 6916
1 10342 2015 7206
1 10344 2015 9074
1 10350 2015 -2202
1 10355 2015 6682
1 10435 2015 7692
1 10437 2015 6406
1 10440 2015 6943
1 10444 2015 8783
1 10445 2015 10853
1 10457 2015 -2194
1 10516 2016 9257
1 10522 2016 8811
1 10528 2016 9207
1 10533 2016 7241
1 10535 2016 8731
1 10536 2016 7574
1 10538 2016 7056
1 10540 2016 8718
1 10541 2016 6777
1 10548 2016 6717
1 10551 2016 8800
1 10553 2016 9242
1 10554 2016 8798
1 10556 2016 7576
1 10558 2016 7476
1 10559 2016 9214
1 10562 2016 8762
1 10564 2016 10112
1 10566 2016 8265
1 10570 2016 6827
1 10573 2016 9211
1 10578 2016 7109
1 10579 2016 8756
1 10584 2016 7144
1 10587 2016 7143
1 10589 2016 9212
1 10593 2016 8790
1 10595 2016 9805
1 10600 2016 9258
1 10601 2016 7185
1 10604 2016 7131
1 10607 2016 6943
1 10610 2016 9169
1 10615 2016 9841
1 10616 2016 9769
1 10620 2016 8725
1 10621 2016 9208
1 10629 2016 8327
1 10631 2016 6851
1 10634 2016 8766
1 10635 2016 7228
1 10638 2016 7458
1 10639 2016 6663
1 10640 2016 6938
1 10643 2016 10853
1 10645 2016 9074
1 10653 2016 9768
1 10658 2016 6679
1 10660 2016 6348
1 10663 2016 6962
1 10664 2016 6962
1 10711 2016 9023
1 11068 2016 11806
1 11069 2016 6927
1 11070 2016 7565
1 11073 2016 8807
1 11082 2016 9060
1 11086 2016 10748
1 11114 2017 7262
1 11115 2017 9759
1 11116 2017 9075
1 11120 2017 8798
1 11125 2017 7241
1 11126 2017 6644
1 11129 2017 8721
1 11130 2017 8734
1 11131 2017 8714
1 11133 2017 9258
1 11134 2017 8787
1 11135 2017 7700
1 11136 2017 7560
1 11137 2017 8730
1 11139 2017 10180
1 11141 2017 6827
1 11143 2017 8759
1 11144 2017 8718
1 11145 2017 8718
1 11146 2017 8729
1 11149 2017 9833
1 11150 2017 9793
1 11151 2017 10286
1 11153 2017 6892
1 11154 2017 8731
1 11155 2017 9165
1 11156 2017 8811
1 11158 2017 8751
1 11159 2017 7205
1 11160 2017 7133
1 11161 2017 9251
1 11162 2017 8725
1 11163 2017 9214
1 11164 2017 6937
1 11165 2017 9769
1 11166 2017 6717
1 11167 2017 6717
1 11168 2017 6837
1 11169 2017 7143
1 11170 2017 9870
1 11171 2017 9216
1 11172 2017 7157
1 11173 2017 6348
1 11174 2017 7230
1 11176 2017 9827
1 11177 2017 7185
1 11178 2017 6851
1 11179 2017 10347
1 11180 2017 8762
1 11181 2017 7109
1 11183 2017 6938
1 11184 2017 8240
1 11185 2017 8240
1 11186 2017 9207
1 11187 2017 8749
1 11188 2017 9208
1 11190 2017 8740
1 11193 2017 7194
1 11194 2017 9086
1 11196 2017 6777
1 11197 2017 7131
1 11198 2017 9119
1 11199 2017 9119
1 11200 2017 6943
1 11201 2017 9211
1 11203 2017 9817
1 11204 2017 8785
1 11205 2017 8756
1 11208 2017 7476
1 11209 2017 7476
1 11210 2017 8758
1 11211 2017 7576
1 11213 2017 10191
1 11214 2017 10231
1 11215 2017 6958
1 11217 2017 9036
1 11218 2017 9764
1 11219 2017 9169
1 11221 2017 6663
1 11223 2017 6945
1 11224 2017 8506
1 11226 2017 6930
1 11227 2017 8780
1 11229 2017 10853
1 11230 2017 7163
1 11231 2017 8783
1 11232 2017 8510
1 11233 2017 8510
1 11234 2017 9030
1 11235 2017 9074
1 11236 2017 7142
1 11238 2017 9029
1 11240 2017 9838
1 11242 2017 7144
1 11243 2017 9083
1 11244 2017 9016
1 11245 2017 7056
1 11247 2017 8473
1 11248 2017 5490
1 11249 2017 6679
1 11250 2017 6690
1 11251 2017 8258
1 11252 2017 8812
1 11253 2017 7252
1 11254 2017 8717
1 11255 2017 10251
1 11256 2017 7053
1 11257 2017 10190
1 11258 2017 8804
1 11261 2017 9895
1 11263 2017 7596
1 11265 2017 9212
1 11268 2017 7542
1 11270 2017 9784
1 11271 2017 9834
1 11272 2017 9768
1 11273 2017 10443
1 11274 2017 9125
1 11276 2017 8327
1 11277 2017 8807
1 11279 2017 6967
1 11283 2017 11386
1 11372 2017 7472
1 11373 2017 9822
1 11374 2017 9904
1 11375 2017 7454
1 11377 2017 7043
1 11380 2017 11075
1 11382 2017 8744
1 11383 2017 6982
1 11391 2017 -2202
1 11392 2017 9845
1 11394 2017 8955
1 11401 2017 11805
1 11514 2018 10850
1 11517 2018 10748
1 11518 2018 6837
1 11520 2018 8798
1 11527 2018 8720
1 11528 2018 8720
1 11533 2018 8744
1 11535 2018 10220
1 11544 2018 10180
1 11548 2018 8749
1 11550 2018 10225
1 11554 2018 6583
1 11557 2018 8756
1 11558 2018 10349
1 11564 2018 9023
1 11565 2018 7560
1 11566 2018 10237
1 11570 2018 9258
1 11578 2018 7576
1 11583 2018 9833
1 11586 2018 11075
1 11588 2018 7241
1 11591 2018 9214
1 11598 2018 8811
1 11605 2018 10243
1 11607 2018 8804
1 11609 2018 10742
1 11610 2018 10742
1 11612 2018 9805
1 11617 2018 10853
1 11627 2018 10211
1 11629 2018 7695
1 11630 2018 7695
1 11800 2018 8486
1 11808 2018 10632
