1 -135 12
1 -130 12
1 -129 11
1 -126 11
1 -114 11
1 -108 11
1 -104 11
1 -102 11
1 -97 11
1 -95 11
1 -94 11
1 -90 11
1 -75 11
1 -73 11
1 -71 11
1 -70 11
1 -69 11
1 -66 11
1 -58 10
1 -50 10
1 -46 10
1 -45 10
1 -26 10
1 -21 9
1 -15 10
1 -14 9
1 -13 9
1 -8 9
1 1920 12
1 1942 11
1 1946 11
1 1947 11
1 1963 11
1 1979 11
1 1992 12
1 1993 11
1 1994 11
1 1999 11
1 2034 11
1 2037 11
1 2127 9
1 2254 9
1 2257 11
1 2267 7
1 2268 13
1 2298 11
1 2305 8
1 2308 8
1 2313 12
1 2318 12
1 2389 11
1 2391 10
1 2392 10
1 2397 12
1 2406 11
1 2407 12
1 2408 10
1 2411 11
1 2415 11
1 2416 12
1 2418 12
1 2419 11
1 2420 12
1 2424 10
1 2425 11
1 2426 11
1 2427 11
1 2428 10
1 2429 11
1 2434 10
1 2435 12
1 2436 12
1 2437 11
1 2438 10
1 2440 11
1 2441 11
1 2442 11
1 2445 12
1 2446 7
1 2448 11
1 2449 11
1 2450 10
1 2451 12
1 2452 11
1 2453 12
1 2454 10
1 2455 12
1 2456 12
1 2458 11
1 2461 12
1 2463 12
1 2464 11
1 2466 11
1 2468 12
1 2469 13
1 2470 12
1 2471 12
1 2472 11
1 2473 12
1 2474 11
1 2477 11
1 2478 11
1 2481 11
1 2483 11
1 2484 11
1 2485 12
1 2489 12
1 2490 11
1 2491 11
1 2493 8
1 2495 11
1 2497 11
1 2498 12
1 2499 11
1 2500 11
1 2501 11
1 2502 10
1 2504 12
1 2508 12
1 2510 11
1 2513 12
1 2516 11
1 2518 12
1 2519 12
1 2521 11
1 2524 6
1 2525 12
1 2526 11
1 2527 11
1 2528 13
1 2530 8
1 2533 9
1 2537 12
1 2541 11
1 2543 10
1 2548 11
1 2552 7
1 2554 11
1 2555 12
1 2556 12
1 2557 12
1 2564 11
1 2566 11
1 2794 11
1 2797 12
1 2802 11
1 2803 11
1 2806 12
1 2809 11
1 2810 12
1 2815 12
1 2818 12
1 2822 11
1 2823 11
1 2824 12
1 2825 12
1 2827 11
1 2831 13
1 2833 11
1 2835 11
1 2838 12
1 2839 11
1 2844 11
1 2846 11
1 2848 11
1 2849 12
1 2855 12
1 2857 12
1 2859 12
1 2862 11
1 2864 12
1 2866 11
1 2867 12
1 2870 9
1 2875 11
1 2876 12
1 2877 12
1 2886 12
1 2887 11
1 2888 11
1 2889 12
1 2890 11
1 2891 11
1 2893 12
1 2895 12
1 2896 12
1 2897 11
1 2902 11
1 2904 10
1 2909 12
1 2912 12
1 2915 11
1 2918 11
1 2919 10
1 2920 9
1 2922 12
1 2926 12
1 2929 12
1 2930 11
1 2932 12
1 2934 9
1 2935 12
1 2937 11
1 2938 10
1 2939 5
1 2940 11
1 2947 13
1 2948 12
1 2951 12
1 2952 12
1 2956 11
1 2958 11
1 2959 12
1 3000 12
1 3005 11
1 3006 12
1 3007 11
1 3008 12
1 3012 12
1 3013 11
1 3015 11
1 3016 11
1 3017 12
1 3018 13
1 3019 10
1 3020 12
1 3022 12
1 3023 11
1 3025 4
1 3026 12
1 3028 11
1 3029 11
1 3030 11
1 3031 4
1 3032 12
1 3036 11
1 3037 11
1 3038 11
1 3039 11
1 3042 11
1 3044 11
1 3045 10
1 3046 12
1 3047 11
1 3050 10
1 3051 12
1 3052 11
1 3053 11
1 3054 11
1 3055 9
1 3059 11
1 3062 12
1 3063 10
1 3066 8
1 3067 11
1 3068 11
1 3069 11
1 3070 11
1 3071 11
1 3074 11
1 3077 12
1 3078 11
1 3080 11
1 3081 10
1 3082 11
1 3084 11
1 3085 12
1 3087 9
1 3090 8
1 3095 11
1 3096 10
1 3099 4
1 3103 8
1 3105 12
1 3106 10
1 3107 11
1 3108 11
1 3114 11
1 3115 10
1 3117 10
1 3118 11
1 3122 6
1 3124 10
1 3125 9
1 3126 8
1 3127 12
1 3128 8
1 3130 13
1 3131 11
1 3135 12
1 3137 9
1 3139 12
1 3208 9
1 3220 11
1 3231 10
1 3241 11
1 3249 11
1 3269 13
1 3297 11
1 3315 13
1 3398 11
1 3399 12
1 3400 11
1 3403 11
1 3409 11
1 3416 13
1 3421 11
1 3424 11
1 3425 12
1 3426 12
1 3429 11
1 3430 12
1 3432 11
1 3433 10
1 3434 12
1 3436 12
1 3437 12
1 3438 12
1 3441 12
1 3444 12
1 3448 12
1 3449 11
1 3453 11
1 3455 11
1 3458 4
1 3459 11
1 3460 10
1 3461 10
1 3462 12
1 3464 12
1 3466 12
1 3467 12
1 3470 11
1 3472 12
1 3474 12
1 3475 12
1 3479 12
1 3480 13
1 3481 10
1 3482 6
1 3483 4
1 3486 12
1 3487 12
1 3491 12
1 3492 12
1 3494 10
1 3499 10
1 3500 12
1 3501 12
1 3502 10
1 3504 11
1 3505 12
1 3506 10
1 3513 12
1 3515 12
1 3517 12
1 3518 10
1 3519 13
1 3522 12
1 3523 12
1 3527 11
1 3529 11
1 3532 11
1 3535 11
1 3536 8
1 3541 10
1 3543 9
1 3544 10
1 3546 10
1 3547 9
1 3550 11
1 3551 11
1 3558 12
1 3566 13
1 3575 11
1 3576 11
1 3580 12
1 3582 11
1 3584 12
1 3587 12
1 3588 11
1 3591 8
1 3594 12
1 3595 11
1 3600 12
1 3603 12
1 3646 13
1 3647 11
1 3649 5
1 3650 10
1 3655 9
1 3656 9
1 3663 11
1 3664 11
1 3666 6
1 3667 11
1 3668 8
1 3671 11
1 3672 12
1 3673 5
1 3674 9
1 3675 8
1 3678 12
1 3684 12
1 3685 12
1 3686 10
1 3687 11
1 3688 11
1 3690 10
1 3691 11
1 3694 12
1 3696 11
1 3697 11
1 3698 7
1 3701 12
1 3709 11
1 3712 10
1 3713 11
1 3714 12
1 3715 12
1 3719 12
1 3721 11
1 3722 12
1 3723 7
1 3724 11
1 3726 9
1 3728 12
1 3732 11
1 3735 10
1 3737 10
1 3739 11
1 3741 11
1 3742 11
1 3744 10
1 3745 10
1 3746 12
1 3747 11
1 3749 11
1 3751 12
1 3752 11
1 3756 11
1 3757 12
1 3760 11
1 3761 11
1 3765 11
1 3767 7
1 3769 11
1 3770 11
1 3773 10
1 3775 10
1 3776 10
1 3777 9
1 3778 11
1 3781 11
1 3784 12
1 3785 6
1 3788 12
1 3791 12
1 3792 9
1 3794 11
1 3795 5
1 3798 11
1 3800 7
1 3801 8
1 3806 10
1 3807 12
1 3808 10
1 3809 12
1 3811 11
1 3813 11
1 3819 11
1 3824 12
1 3825 12
1 3826 12
1 3880 11
1 3882 10
1 3883 11
1 3884 11
1 3886 12
1 3887 10
1 3888 11
1 3890 10
1 3891 10
1 3892 12
1 3893 10
1 3894 10
1 3895 10
1 3896 10
1 3897 10
1 3898 11
1 3899 11
1 3901 10
1 3902 10
1 3903 10
1 3904 11
1 3905 11
1 3906 12
1 3907 10
1 3908 11
1 3909 11
1 3910 11
1 3911 10
1 3912 10
1 3914 11
1 3916 10
1 3917 10
1 3918 11
1 3920 11
1 3921 12
1 3922 11
1 3927 11
1 3929 11
1 3932 10
1 3933 11
1 3934 10
1 3935 12
1 3936 11
1 3937 10
1 3938 9
1 3939 10
1 3940 10
1 3942 11
1 3944 11
1 3946 11
1 3947 10
1 3948 11
1 3949 11
1 3951 12
1 3955 11
1 3956 11
1 3958 8
1 3959 11
1 3960 10
1 3962 11
1 3963 10
1 3964 9
1 3965 11
1 3972 9
1 3973 10
1 3974 11
1 3975 12
1 3976 10
1 3977 11
1 3978 11
1 3980 10
1 3981 11
1 3982 11
1 3983 8
1 3984 10
1 3985 11
1 3986 11
1 3989 11
1 3990 11
1 3992 10
1 3993 10
1 3994 11
1 3995 10
1 3996 11
1 3998 9
1 3999 11
1 4001 11
1 4003 9
1 4005 10
1 4006 10
1 4007 12
1 4009 11
1 4010 11
1 4012 11
1 4013 10
1 4015 11
1 4016 10
1 4018 12
1 4019 11
1 4021 11
1 4022 9
1 4023 10
1 4024 12
1 4025 10
1 4026 9
1 4028 10
1 4029 12
1 4031 11
1 4032 12
1 4033 11
1 4035 10
1 4036 11
1 4039 9
1 4040 11
1 4041 12
1 4042 10
1 4044 11
1 4045 10
1 4046 10
1 4048 10
1 4049 10
1 4050 11
1 4052 10
1 4053 11
1 4054 10
1 4057 10
1 4058 10
1 4059 11
1 4060 11
1 4061 9
1 4062 10
1 4063 12
1 4064 11
1 4066 10
1 4067 9
1 4069 10
1 4072 9
1 4074 9
1 4107 10
1 4108 11
1 4110 10
1 4111 10
1 4113 10
1 4115 10
1 4122 11
1 4123 10
1 4124 10
1 4125 11
1 4126 11
1 4135 10
1 4136 11
1 4137 10
1 4142 11
1 4143 10
1 4148 10
1 4149 11
1 4192 8
1 4248 8
1 4348 12
1 4350 11
1 4360 11
1 4363 11
1 4384 11
1 4388 8
1 4390 11
1 4391 13
1 4394 11
1 4401 11
1 4405 11
1 4406 9
1 4408 13
1 4409 11
1 4433 13
1 4437 11
1 4451 11
1 4506 11
1 4508 11
1 4511 9
1 4514 9
1 4519 12
1 4563 8
1 4565 11
1 4566 10
1 4568 10
1 4569 9
1 4571 11
1 4576 9
1 4578 10
1 4579 11
1 4580 8
1 4581 11
1 4582 9
1 4583 11
1 4584 12
1 4585 10
1 4586 11
1 4588 11
1 4590 11
1 4592 11
1 4593 10
1 4594 8
1 4595 12
1 4596 10
1 4597 10
1 4599 11
1 4600 10
1 4601 9
1 4602 10
1 4603 10
1 4604 11
1 4606 10
1 4607 12
1 4609 10
1 4610 11
1 4612 10
1 4613 9
1 4615 10
1 4616 8
1 4617 10
1 4619 9
1 4620 10
1 4621 8
1 4622 11
1 4623 10
1 4626 10
1 4627 11
1 4638 12
1 4640 12
1 4641 10
1 4642 10
1 4643 9
1 4644 10
1 4646 8
1 4647 10
1 4648 8
1 4649 8
1 4651 10
1 4652 9
1 4653 11
1 4654 11
1 4655 8
1 4658 11
1 4660 8
1 4661 10
1 4662 8
1 4664 11
1 4665 10
1 4667 10
1 4668 11
1 4669 10
1 4673 11
1 4674 12
1 4675 11
1 4676 11
1 4677 10
1 4678 9
1 4679 10
1 4680 12
1 4681 10
1 4682 9
1 4683 11
1 4684 9
1 4685 9
1 4686 11
1 5257 11
1 5258 9
1 5259 10
1 5261 10
1 5264 8
1 5265 10
1 5270 11
1 5273 11
1 5277 11
1 5278 10
1 5280 10
1 5282 11
1 5283 11
1 5285 11
1 5286 11
1 5288 8
1 5293 11
1 5294 10
1 5298 10
1 5299 11
1 5301 11
1 5303 9
1 5304 9
1 5306 11
1 5308 8
1 5310 11
1 5311 11
1 5313 11
1 5315 10
1 5320 10
1 5325 10
1 5327 11
1 5329 11
1 5333 12
1 5335 10
1 5336 12
1 5337 10
1 5339 10
1 5340 11
1 5343 10
1 5344 10
1 5346 11
1 5347 11
1 5350 11
1 5351 10
1 5352 11
1 5353 10
1 5354 9
1 5355 11
1 5356 11
1 5357 12
1 5358 12
1 5359 11
1 5360 10
1 5362 10
1 5363 11
1 5366 11
1 5369 11
1 5370 11
1 5374 11
1 5375 10
1 5377 11
1 5378 9
1 5380 11
1 5383 9
1 5385 9
1 5386 11
1 5388 11
1 5390 10
1 5391 12
1 5393 10
1 5394 12
1 5445 11
1 5454 12
1 5470 9
1 5474 12
1 5482 11
1 5488 12
1 5497 11
1 5517 11
1 5522 11
1 5529 11
1 5534 10
1 5537 12
1 5539 10
1 5615 10
1 5637 9
1 5682 8
1 5724 9
1 5725 10
1 5726 9
1 5727 10
1 5728 11
1 5731 8
1 5732 9
1 5733 10
1 5734 8
1 5735 13
1 5742 10
1 5743 12
1 5744 9
1 5745 12
1 5746 12
1 5747 11
1 5748 9
1 5749 11
1 5750 11
1 5752 10
1 5753 10
1 5754 10
1 5755 9
1 5760 10
1 5761 10
1 5763 9
1 5764 11
1 5767 9
1 5771 9
1 5772 11
1 5773 11
1 5774 10
1 5775 11
1 5776 10
1 5777 9
1 5778 8
1 5780 11
1 5782 10
1 5783 9
1 5784 8
1 5785 9
1 5786 8
1 5795 10
1 5796 8
1 5797 11
1 5798 10
1 5799 11
1 5800 11
1 5801 10
1 5802 11
1 5804 11
1 5805 11
1 5808 11
1 5810 11
1 5811 11
1 5813 10
1 5814 10
1 5816 9
1 5817 11
1 5818 12
1 5820 10
1 5821 10
1 5822 9
1 5823 10
1 5824 11
1 5826 11
1 5827 11
1 5828 8
1 5829 9
1 5830 10
1 5832 9
1 5833 10
1 5834 10
1 5836 9
1 5837 9
1 5838 11
1 5839 10
1 5840 9
1 5842 10
1 5844 11
1 5845 10
1 5847 9
1 5848 12
1 5851 11
1 5852 10
1 5874 11
1 5876 8
1 5877 9
1 5878 9
1 5879 11
1 5880 11
1 5881 8
1 5883 10
1 5885 10
1 5886 11
1 5887 11
1 5888 9
1 5889 11
1 5892 11
1 5893 11
1 5894 11
1 5896 10
1 5898 10
1 5899 10
1 5900 8
1 5901 11
1 5902 11
1 5903 10
1 5904 12
1 5905 9
1 5906 9
1 5907 10
1 5913 12
1 5914 9
1 5916 11
1 5919 10
1 5921 10
1 5923 10
1 5924 10
1 5926 9
1 5927 9
1 5928 9
1 5929 12
1 5930 9
1 5931 8
1 5932 10
1 5935 8
1 5972 9
1 5974 9
1 5975 10
1 5977 9
1 5979 12
1 5980 12
1 5982 11
1 5983 11
1 5988 11
1 5989 11
1 5990 9
1 5991 11
1 5992 10
1 5993 11
1 5997 10
1 5998 9
1 6002 11
1 6015 11
1 6016 11
1 6020 10
1 6021 8
1 6022 10
1 6028 10
1 6036 9
1 6045 9
1 6050 10
1 6053 9
1 6085 12
1 6090 11
1 6093 11
1 6095 12
1 6096 12
1 6101 12
1 6104 11
1 6107 11
1 6108 11
1 6109 10
1 6110 9
1 6111 8
1 6112 11
1 6113 12
1 6117 11
1 6122 11
1 6126 11
1 6131 12
1 6134 11
1 6135 11
1 6137 11
1 6138 12
1 6140 11
1 6142 11
1 6143 12
1 6144 11
1 6152 9
1 6153 11
1 6157 10
1 6158 11
1 6160 11
1 6161 11
1 6163 11
1 6165 12
1 6166 11
1 6167 11
1 6175 8
1 6177 11
1 6178 11
1 6179 5
1 6180 12
1 6183 11
1 6188 12
1 6191 11
1 6192 6
1 6194 11
1 6197 12
1 6198 10
1 6200 11
1 6201 10
1 6276 6
1 6311 10
1 6316 11
1 6327 12
1 6335 12
1 6336 11
1 6339 11
1 6340 11
1 6341 11
1 6343 11
1 6344 11
1 6346 11
1 6347 12
1 6349 10
1 6350 10
1 6352 11
1 6355 10
1 6356 12
1 6360 11
1 6363 12
1 6364 12
1 6366 11
1 6368 11
1 6378 11
1 6379 11
1 6380 11
1 6384 11
1 6385 12
1 6387 11
1 6388 11
1 6389 9
1 6390 11
1 6391 9
1 6392 9
1 6393 11
1 6394 12
1 6395 9
1 6396 11
1 6397 4
1 6398 9
1 6399 11
1 6401 9
1 6402 11
1 6403 11
1 6405 9
1 6412 11
1 6416 11
1 6417 9
1 6418 10
1 6420 11
1 6424 11
1 6426 10
1 6427 10
1 6429 11
1 6438 11
1 6442 11
1 6445 12
1 6446 11
1 6447 10
1 6448 11
1 6449 9
1 6450 10
1 6453 10
1 6457 11
1 6460 10
1 6464 10
1 6466 10
1 6467 11
1 6468 11
1 6469 11
1 6472 10
1 6473 12
1 6475 10
1 6476 11
1 6478 11
1 6480 11
1 6482 11
1 6487 10
1 6489 11
1 6503 10
1 6505 8
1 6517 11
1 6518 11
1 6521 10
1 6522 9
1 6523 11
1 6524 10
1 6527 11
1 6532 12
1 6539 11
1 6564 11
1 6574 10
1 6578 12
1 6584 11
1 6586 12
1 6587 11
1 6590 9
1 6592 11
1 6595 11
1 6596 7
1 6597 11
1 6607 12
1 6611 8
1 6612 12
1 6613 10
1 6614 11
1 6624 12
1 6626 12
1 6628 9
1 6630 11
1 6635 6
1 6636 12
1 6645 12
1 6647 11
1 6649 11
1 6651 11
1 6652 10
1 6655 12
1 6659 11
1 6664 12
1 6668 12
1 6669 12
1 6670 8
1 6672 10
1 6673 12
1 6677 12
1 6684 12
1 6687 12
1 6698 11
1 6699 12
1 6700 11
1 6703 12
1 6705 11
1 6710 11
1 6711 12
1 6712 12
1 6714 12
1 6731 10
1 6732 11
1 6762 11
1 6766 6
1 6769 12
1 6772 7
1 6773 10
1 6774 11
1 6783 12
1 6807 12
1 6824 11
1 6825 10
1 6826 11
1 6832 12
1 6835 12
1 6839 11
1 6840 11
1 6844 11
1 6845 12
1 6846 9
1 6848 10
1 6850 12
1 6852 11
1 6855 10
1 6858 12
1 6862 12
1 6864 11
1 6865 11
1 6872 12
1 6873 11
1 6875 12
1 6876 11
1 6877 12
1 6878 12
1 6879 11
1 6880 11
1 6883 11
1 6885 12
1 6887 12
1 6889 11
1 6890 11
1 6891 11
1 6894 10
1 6897 12
1 6902 10
1 6903 9
1 6906 12
1 6908 10
1 6912 11
1 6914 11
1 6917 11
1 6919 11
1 6922 11
1 6924 11
1 6925 12
1 6926 12
1 6931 12
1 6932 12
1 6934 12
1 6940 11
1 6942 12
1 6946 12
1 6950 11
1 6951 11
1 6952 11
1 6955 12
1 6956 12
1 6959 9
1 6961 11
1 6963 12
1 6964 11
1 6966 7
1 6980 11
1 6983 11
1 6984 12
1 7037 12
1 7041 12
1 7042 11
1 7044 12
1 7049 11
1 7054 11
1 7058 9
1 7059 10
1 7060 12
1 7066 10
1 7087 12
1 7088 11
1 7105 12
1 7106 9
1 7111 11
1 7113 11
1 7114 12
1 7117 12
1 7119 11
1 7120 8
1 7121 12
1 7123 10
1 7130 11
1 7132 11
1 7136 10
1 7147 10
1 7150 11
1 7151 9
1 7152 9
1 7153 10
1 7154 10
1 7160 9
1 7161 8
1 7164 11
1 7165 11
1 7166 8
1 7167 12
1 7169 11
1 7170 10
1 7175 11
1 7176 9
1 7177 12
1 7178 12
1 7180 9
1 7181 10
1 7182 11
1 7186 11
1 7187 10
1 7188 10
1 7189 10
1 7195 9
1 7203 11
1 7204 11
1 7207 9
1 7211 11
1 7214 11
1 7220 11
1 7221 11
1 7226 11
1 7229 11
1 7231 11
1 7236 10
1 7239 9
1 7240 11
1 7242 11
1 7243 12
1 7246 10
1 7248 11
1 7254 12
1 7255 9
1 7258 11
1 7266 12
1 7307 9
1 7308 9
1 7315 10
1 7327 11
1 7328 9
1 7332 11
1 7335 11
1 7337 10
1 7346 10
1 7437 9
1 7442 9
1 7444 11
1 7446 12
1 7447 11
1 7448 11
1 7450 12
1 7452 11
1 7453 12
1 7456 11
1 7457 9
1 7461 10
1 7462 9
1 7463 9
1 7465 10
1 7467 11
1 7470 11
1 7471 11
1 7473 11
1 7474 12
1 7477 10
1 7478 11
1 7479 11
1 7481 11
1 7483 11
1 7484 11
1 7487 11
1 7489 7
1 7490 11
1 7491 11
1 7497 12
1 7499 10
1 7500 11
1 7501 12
1 7502 11
1 7505 12
1 7506 11
1 7507 12
1 7508 11
1 7509 11
1 7510 9
1 7512 11
1 7513 11
1 7515 12
1 7517 10
1 7518 11
1 7519 8
1 7521 11
1 7522 11
1 7523 11
1 7524 11
1 7528 11
1 7529 11
1 7530 9
1 7531 11
1 7532 12
1 7534 12
1 7535 12
1 7536 11
1 7537 10
1 7539 11
1 7540 11
1 7541 9
1 7544 12
1 7545 11
1 7548 10
1 7553 11
1 7554 10
1 7558 11
1 7561 11
1 7563 11
1 7567 9
1 7571 11
1 7572 11
1 7577 12
1 7578 11
1 7579 11
1 7580 11
1 7581 11
1 7582 10
1 7583 10
1 7584 8
1 7586 11
1 7591 12
1 7595 12
1 7597 10
1 7601 11
1 7602 11
1 7604 11
1 7681 10
1 7682 11
1 7683 12
1 7684 11
1 7685 11
1 7689 12
1 7690 12
1 7691 11
1 7693 11
1 7709 11
1 7711 11
1 7712 11
1 7713 11
1 7716 11
1 7718 8
1 7719 7
1 8214 11
1 8215 10
1 8216 9
1 8218 11
1 8219 11
1 8220 9
1 8222 10
1 8225 11
1 8226 11
1 8228 10
1 8229 10
1 8231 9
1 8232 10
1 8233 9
1 8234 10
1 8235 9
1 8237 11
1 8238 9
1 8239 9
1 8241 11
1 8243 9
1 8244 9
1 8245 10
1 8246 10
1 8248 12
1 8250 10
1 8251 9
1 8252 11
1 8253 9
1 8255 11
1 8257 11
1 8259 9
1 8260 7
1 8261 8
1 8262 8
1 8263 9
1 8264 11
1 8268 9
1 8269 10
1 8271 9
1 8272 9
1 8273 8
1 8275 8
1 8277 8
1 8278 9
1 8279 11
1 8281 10
1 8282 10
1 8283 10
1 8284 9
1 8285 10
1 8287 10
1 8289 11
1 8291 11
1 8292 11
1 8293 10
1 8295 8
1 8296 9
1 8297 9
1 8299 9
1 8300 9
1 8301 8
1 8303 8
1 8306 10
1 8307 8
1 8308 9
1 8309 10
1 8311 9
1 8313 9
1 8314 8
1 8315 10
1 8317 10
1 8318 11
1 8319 10
1 8320 8
1 8321 8
1 8322 11
1 8323 9
1 8324 10
1 8325 10
1 8326 12
1 8328 10
1 8329 9
1 8330 11
1 8331 11
1 8333 11
1 8334 4
1 8336 9
1 8337 10
1 8338 8
1 8339 10
1 8341 10
1 8343 10
1 8344 12
1 8347 9
1 8348 10
1 8349 10
1 8351 8
1 8352 8
1 8353 8
1 8354 9
1 8355 9
1 8356 11
1 8359 10
1 8360 11
1 8363 10
1 8364 11
1 8450 9
1 8452 10
1 8453 11
1 8455 9
1 8456 9
1 8457 9
1 8458 10
1 8459 10
1 8461 9
1 8462 10
1 8463 11
1 8464 11
1 8465 10
1 8468 11
1 8472 11
1 8474 11
1 8484 9
1 8490 11
1 8492 10
1 8493 10
1 8495 11
1 8501 11
1 8507 9
1 8513 10
1 8517 10
1 8642 9
1 8644 9
1 8647 9
1 8651 9
1 8653 9
1 8654 10
1 8655 9
1 8658 10
1 8661 10
1 8662 10
1 8665 11
1 8667 10
1 8669 10
1 8673 10
1 8676 11
1 8682 11
1 8685 11
1 8696 9
1 8697 9
1 8704 9
1 8737 11
1 8977 11
1 9001 11
1 9002 10
1 9004 11
1 9005 11
1 9006 11
1 9007 10
1 9008 11
1 9009 10
1 9011 11
1 9013 11
1 9015 11
1 9017 12
1 9018 12
1 9019 12
1 9020 12
1 9021 12
1 9024 11
1 9025 10
1 9026 11
1 9027 12
1 9028 11
1 9032 8
1 9033 11
1 9035 11
1 9037 12
1 9039 11
1 9041 11
1 9042 10
1 9043 10
1 9045 9
1 9047 11
1 9048 11
1 9049 11
1 9050 13
1 9051 10
1 9052 10
1 9053 11
1 9054 11
1 9055 10
1 9056 11
1 9057 11
1 9058 11
1 9059 11
1 9062 11
1 9064 12
1 9065 12
1 9066 10
1 9067 12
1 9069 11
1 9071 10
1 9072 11
1 9073 11
1 9076 11
1 9077 12
1 9078 11
1 9080 11
1 9081 12
1 9082 10
1 9084 11
1 9085 12
1 9087 11
1 9088 11
1 9089 11
1 9090 11
1 9092 12
1 9097 12
1 9098 9
1 9099 11
1 9101 11
1 9102 9
1 9103 12
1 9104 11
1 9105 12
1 9106 12
1 9109 12
1 9111 10
1 9112 11
1 9114 9
1 9115 10
1 9116 11
1 9118 11
1 9123 12
1 9124 13
1 9127 11
1 9128 8
1 9129 9
1 9132 11
1 9133 11
1 9134 10
1 9135 9
1 9136 8
1 9138 12
1 9140 11
1 9141 11
1 9142 12
1 9144 10
1 9145 9
1 9147 10
1 9148 9
1 9150 11
1 9151 11
1 9152 12
1 9155 10
1 9156 11
1 9157 12
1 9158 9
1 9159 11
1 9160 12
1 9161 10
1 9162 10
1 9163 10
1 9164 10
1 9168 11
1 9203 12
1 9209 11
1 9220 8
1 9228 11
1 9230 12
1 9232 11
1 9237 12
1 9243 11
1 9252 3
1 9256 11
1 9715 10
1 9719 11
1 9752 12
1 9753 12
1 9754 12
1 9755 11
1 9756 7
1 9758 11
1 9761 11
1 9762 10
1 9766 11
1 9770 12
1 9776 11
1 9777 11
1 9781 11
1 9782 11
1 9783 12
1 9785 10
1 9788 12
1 9794 12
1 9798 12
1 9799 11
1 9801 11
1 9803 12
1 9811 10
1 9813 11
1 9814 12
1 9821 10
1 9825 10
1 9826 9
1 9828 11
1 9829 11
1 9831 11
1 9832 11
1 9835 11
1 9842 11
1 9844 11
1 9850 11
1 9851 9
1 9852 12
1 9853 11
1 9854 11
1 9856 11
1 9857 11
1 9859 11
1 9860 9
1 9861 11
1 9862 11
1 9865 12
1 9867 11
1 9877 11
1 9878 11
1 9879 11
1 9882 7
1 9883 11
1 9884 10
1 9885 11
1 9886 11
1 9887 11
1 9891 10
1 9893 10
1 9899 9
1 9900 11
1 9901 11
1 9902 9
1 9905 11
1 9906 11
1 9907 12
1 9909 12
1 9910 12
1 9911 11
1 9912 10
1 9914 11
1 9915 7
1 9916 10
1 9917 9
1 9918 9
1 9919 12
1 9920 9
1 10046 10
1 10049 10
1 10050 9
1 10076 9
1 10080 12
1 10121 10
1 10128 12
1 10137 11
1 10143 11
1 10179 9
1 10185 11
1 10187 10
1 10188 9
1 10189 11
1 10193 10
1 10194 11
1 10196 11
1 10197 11
1 10199 10
1 10200 10
1 10203 10
1 10206 9
1 10208 11
1 10209 10
1 10212 10
1 10213 11
1 10218 11
1 10219 11
1 10222 10
1 10223 10
1 10224 9
1 10227 11
1 10228 10
1 10229 10
1 10230 11
1 10233 11
1 10234 9
1 10235 11
1 10236 10
1 10241 10
1 10245 10
1 10246 10
1 10249 10
1 10250 9
1 10252 8
1 10257 11
1 10259 10
1 10262 11
1 10263 10
1 10266 12
1 10269 10
1 10270 11
1 10271 11
1 10272 11
1 10273 9
1 10274 9
1 10276 11
1 10277 10
1 10280 11
1 10281 9
1 10282 10
1 10285 11
1 10287 10
1 10288 11
1 10290 11
1 10291 10
1 10292 11
1 10300 10
1 10304 9
1 10306 11
1 10308 9
1 10309 9
1 10310 9
1 10311 10
1 10314 11
1 10316 10
1 10317 8
1 10320 10
1 10321 9
1 10322 7
1 10323 8
1 10324 10
1 10325 12
1 10326 11
1 10327 10
1 10328 10
1 10331 10
1 10334 12
1 10338 8
1 10340 10
1 10341 10
1 10342 9
1 10344 7
1 10350 11
1 10355 11
1 10435 11
1 10437 11
1 10440 10
1 10444 11
1 10445 11
1 10457 10
1 10516 11
1 10522 12
1 10528 11
1 10533 11
1 10535 11
1 10536 12
1 10538 10
1 10540 10
1 10541 11
1 10548 11
1 10551 12
1 10553 12
1 10554 11
1 10556 11
1 10558 11
1 10559 11
1 10562 11
1 10564 11
1 10566 12
1 10570 12
1 10573 11
1 10578 11
1 10579 10
1 10584 11
1 10587 11
1 10589 11
1 10593 11
1 10595 11
1 10600 8
1 10601 11
1 10604 10
1 10607 8
1 10610 12
1 10615 11
1 10616 10
1 10620 11
1 10621 11
1 10629 10
1 10631 10
1 10634 10
1 10635 10
1 10638 10
1 10639 10
1 10640 10
1 10643 10
1 10645 10
1 10653 8
1 10658 9
1 10660 10
1 10663 8
1 10664 7
1 10711 10
1 11068 10
1 11069 11
1 11070 10
1 11073 10
1 11082 11
1 11086 10
1 11114 10
1 11115 11
1 11116 10
1 11120 10
1 11125 11
1 11126 11
1 11129 11
1 11130 10
1 11131 11
1 11133 9
1 11134 11
1 11135 11
1 11136 9
1 11137 10
1 11139 10
1 11141 8
1 11143 11
1 11144 9
1 11145 11
1 11146 11
1 11149 9
1 11150 11
1 11151 11
1 11153 11
1 11154 10
1 11155 10
1 11156 8
1 11158 11
1 11159 11
1 11160 11
1 11161 11
1 11162 12
1 11163 10
1 11164 9
1 11165 11
1 11166 9
1 11167 8
1 11168 10
1 11169 11
1 11170 10
1 11171 11
1 11172 11
1 11173 10
1 11174 10
1 11176 10
1 11177 12
1 11178 11
1 11179 12
1 11180 10
1 11181 12
1 11183 9
1 11184 10
1 11185 10
1 11186 11
1 11187 11
1 11188 11
1 11190 10
1 11193 9
1 11194 9
1 11196 10
1 11197 12
1 11198 11
1 11199 11
1 11200 9
1 11201 11
1 11203 11
1 11204 9
1 11205 11
1 11208 9
1 11209 9
1 11210 12
1 11211 10
1 11213 11
1 11214 11
1 11215 9
1 11217 10
1 11218 11
1 11219 11
1 11221 9
1 11223 11
1 11224 11
1 11226 11
1 11227 12
1 11229 8
1 11230 12
1 11231 9
1 11232 11
1 11233 10
1 11234 10
1 11235 11
1 11236 10
1 11238 10
1 11240 11
1 11242 10
1 11243 10
1 11244 11
1 11245 9
1 11247 11
1 11248 10
1 11249 9
1 11250 8
1 11251 11
1 11252 8
1 11253 11
1 11254 11
1 11255 11
1 11256 9
1 11257 9
1 11258 10
1 11261 10
1 11263 10
1 11265 11
1 11268 11
1 11270 11
1 11271 11
1 11272 9
1 11273 11
1 11274 10
1 11276 11
1 11277 8
1 11279 6
1 11283 11
1 11372 10
1 11373 10
1 11374 11
1 11375 10
1 11377 6
1 11380 8
1 11382 10
1 11383 11
1 11391 12
1 11392 10
1 11394 11
1 11401 11
1 11514 12
1 11517 12
1 11518 12
1 11520 10
1 11527 10
1 11528 10
1 11533 11
1 11535 11
1 11544 9
1 11548 10
1 11550 10
1 11554 12
1 11557 11
1 11558 9
1 11564 9
1 11565 7
1 11566 12
1 11570 11
1 11578 11
1 11583 12
1 11586 11
1 11588 11
1 11591 7
1 11598 10
1 11605 10
1 11607 10
1 11609 11
1 11610 11
1 11612 9
1 11617 12
1 11627 12
1 11629 7
1 11630 10
1 11800 11
1 11808 11
