1 -135 101.110000610352
1 -130 103.410003662109
1 -129 98.4800033569336
1 -126 98.5299987792969
1 -114 104.160003662109
1 -108 103.5
1 -104 102.900001525879
1 -102 100.949996948242
1 -97 105.459999084473
1 -95 102.959999084473
1 -94 95.0400009155273
1 -90 104.150001525879
1 -75 98.0299987792969
1 -73 98.2600021362305
1 -71 98.3899993896484
1 -70 101.019996643066
1 -69 102.519996643066
1 -66 105.419998168945
1 -58 97.3300018310547
1 -50 105.769996643066
1 -46 96.5400009155273
1 -45 100.209999084473
1 -26 96.7300033569336
1 -21 97.9199981689453
1 -15 102.139999389648
1 -14 91.3499984741211
1 -13 90.8499984741211
1 -8 86.620002746582
1 1920 108.01000213623
1 1942 101.459999084473
1 1946 103.569999694824
1 1947 99.3000030517578
1 1963 105.139999389648
1 1979 101.080001831055
1 1992 106
1 1993 99.2399978637695
1 1994 100.550003051758
1 1999 105.900001525879
1 2034 103.819999694824
1 2037 104.930000305176
1 2127 102.889999389648
1 2254 107.550003051758
1 2257 95.5299987792969
1 2267 100.050003051758
1 2268 93.370002746582
1 2298 98.7900009155273
1 2305 105.919998168945
1 2308 94.6600036621094
1 2313 117.150001525879
1 2318 96.8399963378906
1 2389 102.550003051758
1 2391 93.5500030517578
1 2392 103.110000610352
1 2397 101.680000305176
1 2406 100.860000610352
1 2407 95.5800018310547
1 2408 91.6600036621094
1 2411 101.01000213623
1 2415 102.610000610352
1 2416 95.2600021362305
1 2418 100.949996948242
1 2419 100.279998779297
1 2420 102.419998168945
1 2424 104.680000305176
1 2425 95.3399963378906
1 2426 97.7300033569336
1 2427 95.6900024414062
1 2428 91.4000015258789
1 2429 98.0599975585938
1 2434 96.0699996948242
1 2435 106.339996337891
1 2436 95.9300003051758
1 2437 88.4899978637695
1 2438 92.8199996948242
1 2440 103.889999389648
1 2441 102.620002746582
1 2442 98.1800003051758
1 2445 109
1 2446 91.379997253418
1 2448 101.5
1 2449 100.430000305176
1 2450 98.9100036621094
1 2451 97.2300033569336
1 2452 98.4499969482422
1 2453 94.4000015258789
1 2454 96.4899978637695
1 2455 91.7600021362305
1 2456 103.970001220703
1 2458 92.4499969482422
1 2461 101.910003662109
1 2463 103.279998779297
1 2464 96.120002746582
1 2466 103.180000305176
1 2468 99.870002746582
1 2469 98.0599975585938
1 2470 94.4000015258789
1 2471 100.190002441406
1 2472 100.150001525879
1 2473 97.9899978637695
1 2474 107.129997253418
1 2477 99.0899963378906
1 2478 89.1999969482422
1 2481 100.940002441406
1 2483 97.5899963378906
1 2484 106.129997253418
1 2485 96.4899978637695
1 2489 101.699996948242
1 2490 97.5599975585938
1 2491 106.120002746582
1 2493 91.1500015258789
1 2495 91.2200012207031
1 2497 98.9899978637695
1 2498 108.830001831055
1 2499 107.970001220703
1 2500 101.51000213623
1 2501 100.589996337891
1 2502 91.2200012207031
1 2504 107.790000915527
1 2508 102.269996643066
1 2510 93.6600036621094
1 2513 105.900001525879
1 2516 100.589996337891
1 2518 105.080001831055
1 2519 106.220001220703
1 2521 100.400001525879
1 2524 88.3600006103516
1 2525 101.959999084473
1 2526 86.2900009155273
1 2527 91.4499969482422
1 2528 102.470001220703
1 2530 82.0599975585938
1 2533 92.9899978637695
1 2537 107.349998474121
1 2541 103.449996948242
1 2543 98.1900024414062
1 2548 91.4400024414062
1 2552 88.129997253418
1 2554 102.139999389648
1 2555 98.9599990844727
1 2556 101.860000610352
1 2557 105.900001525879
1 2564 101.349998474121
1 2566 98.5500030517578
1 2794 103.849998474121
1 2797 100.050003051758
1 2802 101.470001220703
1 2803 103.73999786377
1 2806 97.75
1 2809 97.1600036621094
1 2810 97.4899978637695
1 2815 101.25
1 2818 108.440002441406
1 2822 107.430000305176
1 2823 94.7200012207031
1 2824 95.129997253418
1 2825 98.379997253418
1 2827 103.669998168945
1 2831 109.900001525879
1 2833 101.160003662109
1 2835 98.1800003051758
1 2838 100.879997253418
1 2839 98.620002746582
1 2844 99.0999984741211
1 2846 101.430000305176
1 2848 101
1 2849 96.6699981689453
1 2855 105.519996643066
1 2857 103.589996337891
1 2859 105.23999786377
1 2862 98.7399978637695
1 2864 106.169998168945
1 2866 93.1600036621094
1 2867 96.5100021362305
1 2870 93.4499969482422
1 2875 92.120002746582
1 2876 104
1 2877 103.25
1 2886 106.48999786377
1 2887 96.7699966430664
1 2888 104.680000305176
1 2889 98.2600021362305
1 2890 103.73999786377
1 2891 103.550003051758
1 2893 101.709999084473
1 2895 101.01000213623
1 2896 102.660003662109
1 2897 99.3399963378906
1 2902 103.480003356934
1 2904 103.370002746582
1 2909 104.059997558594
1 2912 100.029998779297
1 2915 104.069999694824
1 2918 95.6600036621094
1 2919 93.5299987792969
1 2920 97.7699966430664
1 2922 100.889999389648
1 2926 99.1900024414062
1 2929 107.959999084473
1 2930 98.8899993896484
1 2932 97.4199981689453
1 2934 93.4800033569336
1 2935 100.940002441406
1 2937 91.7399978637695
1 2938 82.4700012207031
1 2939 82.3399963378906
1 2940 94.370002746582
1 2947 106.129997253418
1 2948 106.190002441406
1 2951 101.360000610352
1 2952 103.519996643066
1 2956 102.059997558594
1 2958 96.370002746582
1 2959 102.75
1 3000 103.779998779297
1 3005 103.449996948242
1 3006 111.180000305176
1 3007 101.620002746582
1 3008 99.1399993896484
1 3012 105.860000610352
1 3013 104.51000213623
1 3015 96.3499984741211
1 3016 105.139999389648
1 3017 104.339996337891
1 3018 102.180000305176
1 3019 94.5699996948242
1 3020 100.830001831055
1 3022 99.2699966430664
1 3023 104.110000610352
1 3025 89.0599975585938
1 3026 98.8300018310547
1 3028 103.110000610352
1 3029 96.8000030517578
1 3030 104.419998168945
1 3031 89.2799987792969
1 3032 98.4400024414062
1 3036 100.069999694824
1 3037 105.370002746582
1 3038 104.110000610352
1 3039 98.0999984741211
1 3042 105.980003356934
1 3044 104.470001220703
1 3045 98.9599990844727
1 3046 97.4100036621094
1 3047 93.8499984741211
1 3050 93.5899963378906
1 3051 99.5400009155273
1 3052 106.190002441406
1 3053 96.5999984741211
1 3054 101.769996643066
1 3055 103.220001220703
1 3059 103.629997253418
1 3062 100.430000305176
1 3063 106.860000610352
1 3066 83.9000015258789
1 3067 111.370002746582
1 3068 100.599998474121
1 3069 97.8600006103516
1 3070 96.9100036621094
1 3071 99.5400009155273
1 3074 102.930000305176
1 3077 101.839996337891
1 3078 97.2699966430664
1 3080 99.0899963378906
1 3081 100.680000305176
1 3082 98.7399978637695
1 3084 100.370002746582
1 3085 103.309997558594
1 3087 95.9899978637695
1 3090 97.4100036621094
1 3095 98.8199996948242
1 3096 88.7300033569336
1 3099 75.3499984741211
1 3103 85.1900024414062
1 3105 104.069999694824
1 3106 93.129997253418
1 3107 99.5699996948242
1 3108 103.400001525879
1 3114 94.3000030517578
1 3115 95.1999969482422
1 3117 92.6600036621094
1 3118 97.3199996948242
1 3122 96.3300018310547
1 3124 98.3399963378906
1 3125 98.6500015258789
1 3126 89.2200012207031
1 3127 96.4499969482422
1 3128 98.3499984741211
1 3130 106.440002441406
1 3131 100.099998474121
1 3135 98.4800033569336
1 3137 88.4899978637695
1 3139 103.720001220703
1 3208 97.4800033569336
1 3220 100.529998779297
1 3231 101.180000305176
1 3241 103.279998779297
1 3249 96.0199966430664
1 3269 97.8899993896484
1 3297 100.569999694824
1 3315 96.0899963378906
1 3398 106.150001525879
1 3399 94.8499984741211
1 3400 89.7300033569336
1 3403 97.5500030517578
1 3409 97.379997253418
1 3416 108.559997558594
1 3421 100.550003051758
1 3424 106.900001525879
1 3425 104.75
1 3426 102.209999084473
1 3429 103.680000305176
1 3430 102.519996643066
1 3432 100.580001831055
1 3433 101.360000610352
1 3434 96.370002746582
1 3436 109.220001220703
1 3437 109.309997558594
1 3438 101.599998474121
1 3441 106.330001831055
1 3444 106.199996948242
1 3448 96.8399963378906
1 3449 94.9100036621094
1 3453 93.9199981689453
1 3455 104.650001525879
1 3458 94.4700012207031
1 3459 102.040000915527
1 3460 96.5100021362305
1 3461 98.9499969482422
1 3462 99.7099990844727
1 3464 101.690002441406
1 3466 102.089996337891
1 3467 101.120002746582
1 3470 104.870002746582
1 3472 101.360000610352
1 3474 94.0699996948242
1 3475 111.470001220703
1 3479 99.6600036621094
1 3480 106.459999084473
1 3481 90.2900009155273
1 3482 101.199996948242
1 3483 81.7300033569336
1 3486 105.120002746582
1 3487 91.8300018310547
1 3491 104.48999786377
1 3492 95.129997253418
1 3494 88.2600021362305
1 3499 95.0899963378906
1 3500 97.7200012207031
1 3501 110.300003051758
1 3502 101.040000915527
1 3504 102.980003356934
1 3505 103.23999786377
1 3506 87.9899978637695
1 3513 92.5500030517578
1 3515 94.3300018310547
1 3517 97.5100021362305
1 3518 86.0199966430664
1 3519 89.9000015258789
1 3522 101.519996643066
1 3523 94.9300003051758
1 3527 107.900001525879
1 3529 91.129997253418
1 3532 106.080001831055
1 3535 90.629997253418
1 3536 89.4000015258789
1 3541 96.0199966430664
1 3543 100.669998168945
1 3544 92.879997253418
1 3546 100.110000610352
1 3547 84.9000015258789
1 3550 97.2399978637695
1 3551 105.449996948242
1 3558 107.269996643066
1 3566 101.959999084473
1 3575 98.7200012207031
1 3576 95.9800033569336
1 3580 91.6900024414062
1 3582 106.040000915527
1 3584 94.0299987792969
1 3587 102.599998474121
1 3588 106.319999694824
1 3591 82.2900009155273
1 3594 109.819999694824
1 3595 101.199996948242
1 3600 94.3600006103516
1 3603 101.349998474121
1 3646 100.5
1 3647 98.0699996948242
1 3649 66.120002746582
1 3650 102.559997558594
1 3655 90.3499984741211
1 3656 90.5
1 3663 96.7399978637695
1 3664 102.540000915527
1 3666 81.6500015258789
1 3667 94.5800018310547
1 3668 102.190002441406
1 3671 95.120002746582
1 3672 102.379997253418
1 3673 61.0299987792969
1 3674 90.0699996948242
1 3675 98.8600006103516
1 3678 94.379997253418
1 3684 104.550003051758
1 3685 98.0400009155273
1 3686 96.1900024414062
1 3687 97.5500030517578
1 3688 104.279998779297
1 3690 98.5699996948242
1 3691 103.199996948242
1 3694 104.430000305176
1 3696 104.139999389648
1 3697 97.0699996948242
1 3698 93.6999969482422
1 3701 102.930000305176
1 3709 105
1 3712 91.8300018310547
1 3713 90.0199966430664
1 3714 94.5100021362305
1 3715 104.540000915527
1 3719 99.3099975585938
1 3721 99.1999969482422
1 3722 101.029998779297
1 3723 105.849998474121
1 3724 95.3600006103516
1 3726 100.379997253418
1 3728 105.120002746582
1 3732 102.290000915527
1 3735 93.4100036621094
1 3737 98.0199966430664
1 3739 91.1100006103516
1 3741 93.3300018310547
1 3742 90.8000030517578
1 3744 96.5400009155273
1 3745 94.6600036621094
1 3746 104.360000610352
1 3747 96.2900009155273
1 3749 98.6800003051758
1 3751 91.0500030517578
1 3752 97.2300033569336
1 3756 101.110000610352
1 3757 106.23999786377
1 3760 100.639999389648
1 3761 99.2099990844727
1 3765 94.370002746582
1 3767 90.6800003051758
1 3769 99.9899978637695
1 3770 95.629997253418
1 3773 96.8000030517578
1 3775 95.5199966430664
1 3776 93.0999984741211
1 3777 91.8199996948242
1 3778 87.3899993896484
1 3781 92.6800003051758
1 3784 96.6500015258789
1 3785 101.290000915527
1 3788 100.650001525879
1 3791 105.029998779297
1 3792 96.3199996948242
1 3794 103.889999389648
1 3795 97.7200012207031
1 3798 102.76000213623
1 3800 88.5699996948242
1 3801 97.5899963378906
1 3806 94.6399993896484
1 3807 99.2799987792969
1 3808 97.1999969482422
1 3809 102.730003356934
1 3811 100.879997253418
1 3813 91.5
1 3819 99.3899993896484
1 3824 100.349998474121
1 3825 95.9499969482422
1 3826 92.6100006103516
1 3880 101.519996643066
1 3882 100.819999694824
1 3883 101.779998779297
1 3884 106.069999694824
1 3886 101.599998474121
1 3887 98.8099975585938
1 3888 103.279998779297
1 3890 99.1600036621094
1 3891 102.440002441406
1 3892 98.5800018310547
1 3893 94.870002746582
1 3894 92.4300003051758
1 3895 99.25
1 3896 106.029998779297
1 3897 96.1500015258789
1 3898 99.0699996948242
1 3899 92.9100036621094
1 3901 104.300003051758
1 3902 97.2200012207031
1 3903 101.059997558594
1 3904 100
1 3905 98.2799987792969
1 3906 106.529998779297
1 3907 101.660003662109
1 3908 109.059997558594
1 3909 100.019996643066
1 3910 99.0800018310547
1 3911 99.5800018310547
1 3912 92.5899963378906
1 3914 102.769996643066
1 3916 95.7099990844727
1 3917 92.9000015258789
1 3918 93.6600036621094
1 3920 99.0500030517578
1 3921 100.129997253418
1 3922 103.129997253418
1 3927 96.7799987792969
1 3929 101.589996337891
1 3932 97.9899978637695
1 3933 96.1500015258789
1 3934 99.0500030517578
1 3935 98.5800018310547
1 3936 98.620002746582
1 3937 100.48999786377
1 3938 93.2099990844727
1 3939 95.2399978637695
1 3940 93.370002746582
1 3942 101
1 3944 107.389999389648
1 3946 104.25
1 3947 101.730003356934
1 3948 100.129997253418
1 3949 103.860000610352
1 3951 97.8899993896484
1 3955 101.819999694824
1 3956 100.400001525879
1 3958 96.7399978637695
1 3959 99.5599975585938
1 3960 99.5199966430664
1 3962 102.279998779297
1 3963 97.8300018310547
1 3964 88.9400024414062
1 3965 93.0500030517578
1 3972 96.1999969482422
1 3973 94.4899978637695
1 3974 102.400001525879
1 3975 103.529998779297
1 3976 98.870002746582
1 3977 97.1500015258789
1 3978 97.1399993896484
1 3980 102.660003662109
1 3981 102.550003051758
1 3982 98.8600006103516
1 3983 98.4300003051758
1 3984 101.699996948242
1 3985 103.300003051758
1 3986 98.2799987792969
1 3989 100.680000305176
1 3990 101.809997558594
1 3992 95.8600006103516
1 3993 99.8399963378906
1 3994 103.410003662109
1 3995 106.370002746582
1 3996 100.779998779297
1 3998 94.4300003051758
1 3999 103.330001831055
1 4001 97.4400024414062
1 4003 94.4899978637695
1 4005 100.180000305176
1 4006 100.089996337891
1 4007 103.26000213623
1 4009 74.379997253418
1 4010 103.970001220703
1 4012 102.169998168945
1 4013 100.050003051758
1 4015 99.7300033569336
1 4016 100.169998168945
1 4018 100.01000213623
1 4019 98.0800018310547
1 4021 99.6699981689453
1 4022 97.0400009155273
1 4023 94
1 4024 107.330001831055
1 4025 96.1699981689453
1 4026 88.8300018310547
1 4028 96.1800003051758
1 4029 94.379997253418
1 4031 100.309997558594
1 4032 98.4300003051758
1 4033 92.5
1 4035 104.059997558594
1 4036 102.889999389648
1 4039 94.6600036621094
1 4040 105.48999786377
1 4041 99.0500030517578
1 4042 97.25
1 4044 97.3399963378906
1 4045 99.0199966430664
1 4046 97.6699981689453
1 4048 93.9599990844727
1 4049 98.5199966430664
1 4050 105.540000915527
1 4052 98.129997253418
1 4053 99.129997253418
1 4054 100.569999694824
1 4057 97.3899993896484
1 4058 97.129997253418
1 4059 103
1 4060 94.9899978637695
1 4061 89.8600006103516
1 4062 108.23999786377
1 4063 103.190002441406
1 4064 95.7200012207031
1 4066 101.870002746582
1 4067 87.4899978637695
1 4069 103.610000610352
1 4072 100.519996643066
1 4074 105.519996643066
1 4107 98.8300018310547
1 4108 98.0599975585938
1 4110 94.5500030517578
1 4111 100.099998474121
1 4113 99.879997253418
1 4115 103.800003051758
1 4122 93.9199981689453
1 4123 94.9000015258789
1 4124 99.4100036621094
1 4125 101.470001220703
1 4126 99.2099990844727
1 4135 98.3300018310547
1 4136 102.879997253418
1 4137 105.480003356934
1 4142 96.8099975585938
1 4143 99.2099990844727
1 4148 103.169998168945
1 4149 106.300003051758
1 4192 98.0999984741211
1 4248 89.8199996948242
1 4348 100.459999084473
1 4350 96.9100036621094
1 4360 104.120002746582
1 4363 101.190002441406
1 4384 109.680000305176
1 4388 96.6500015258789
1 4390 100.98999786377
1 4391 102.589996337891
1 4394 97.9599990844727
1 4401 97.7099990844727
1 4405 103.129997253418
1 4406 98.5500030517578
1 4408 96.4899978637695
1 4409 104.199996948242
1 4433 105.809997558594
1 4437 109.360000610352
1 4451 100.970001220703
1 4506 98.6500015258789
1 4508 96.0599975585938
1 4511 91.9899978637695
1 4514 94.9000015258789
1 4519 98.1699981689453
1 4563 89.5999984741211
1 4565 98.25
1 4566 93.6500015258789
1 4568 104.650001525879
1 4569 99.5999984741211
1 4571 100.699996948242
1 4576 99.0500030517578
1 4578 95.0500030517578
1 4579 100.650001525879
1 4580 85.0500030517578
1 4581 97.6999969482422
1 4582 85.6999969482422
1 4583 99.5500030517578
1 4584 95
1 4585 102.25
1 4586 100.150001525879
1 4588 95.5999984741211
1 4590 98.75
1 4592 98.1999969482422
1 4593 104.650001525879
1 4594 93.1999969482422
1 4595 98.6399993896484
1 4596 107.300003051758
1 4597 94.6999969482422
1 4599 101.699996948242
1 4600 103
1 4601 91.75
1 4602 91.75
1 4603 97
1 4604 96.25
1 4606 103.599998474121
1 4607 105.5
1 4609 97.3000030517578
1 4610 98.5
1 4612 93.9000015258789
1 4613 93
1 4615 90
1 4616 89.4499969482422
1 4617 98.5999984741211
1 4619 90.5999984741211
1 4620 108.849998474121
1 4621 94.5
1 4622 96.5999984741211
1 4623 92.4499969482422
1 4626 98.4000015258789
1 4627 103.099998474121
1 4638 104.5
1 4640 103.699996948242
1 4641 95.5500030517578
1 4642 95.6999969482422
1 4643 90.1999969482422
1 4644 101
1 4646 83.1500015258789
1 4647 95.1999969482422
1 4648 92.4499969482422
1 4649 98.5
1 4651 105.800003051758
1 4652 102.5
1 4653 105.699996948242
1 4654 101.199996948242
1 4655 94.5999984741211
1 4658 100.25
1 4660 89.1999969482422
1 4661 100.400001525879
1 4662 89.8000030517578
1 4664 106.050003051758
1 4665 101.449996948242
1 4667 103.300003051758
1 4668 103.800003051758
1 4669 96.8000030517578
1 4673 101.099998474121
1 4674 99.9000015258789
1 4675 98.9499969482422
1 4676 91.4000015258789
1 4677 93.1999969482422
1 4678 96.5500030517578
1 4679 95.9000015258789
1 4680 103.300003051758
1 4681 98.5
1 4682 94.4499969482422
1 4683 99.4499969482422
1 4684 96.9499969482422
1 4685 103.900001525879
1 4686 94.9000015258789
1 5257 96.2399978637695
1 5258 93.5299987792969
1 5259 96.2600021362305
1 5261 88.1800003051758
1 5264 92.0400009155273
1 5265 90.5999984741211
1 5270 105.5
1 5273 98.3099975585938
1 5277 103.319999694824
1 5278 104.75
1 5280 100.699996948242
1 5282 110.300003051758
1 5283 95.75
1 5285 101.080001831055
1 5286 104.949996948242
1 5288 95.0999984741211
1 5293 104.199996948242
1 5294 99.9899978637695
1 5298 101.959999084473
1 5299 101.51000213623
1 5301 97.25
1 5303 94.8399963378906
1 5304 96
1 5306 98.3000030517578
1 5308 95.3000030517578
1 5310 101.98999786377
1 5311 104.089996337891
1 5313 96.1500015258789
1 5315 92.4000015258789
1 5320 97.6500015258789
1 5325 99.25
1 5327 96.5
1 5329 105.300003051758
1 5333 103.150001525879
1 5335 92.0500030517578
1 5336 99.4199981689453
1 5337 105.849998474121
1 5339 100
1 5340 104.849998474121
1 5343 100.800003051758
1 5344 96.75
1 5346 101.75
1 5347 102.059997558594
1 5350 102.949996948242
1 5351 98.3000030517578
1 5352 98.379997253418
1 5353 102.160003662109
1 5354 100.190002441406
1 5355 99.4499969482422
1 5356 102.650001525879
1 5357 102.300003051758
1 5358 102.25
1 5359 104.25
1 5360 100
1 5362 100.690002441406
1 5363 102.569999694824
1 5366 100.599998474121
1 5369 103.330001831055
1 5370 96.5299987792969
1 5374 99.1500015258789
1 5375 102.599998474121
1 5377 97.5899963378906
1 5378 91.1999969482422
1 5380 100.23999786377
1 5383 91.879997253418
1 5385 94.6500015258789
1 5386 97.1900024414062
1 5388 102.809997558594
1 5390 102.629997253418
1 5391 105.410003662109
1 5393 90.0999984741211
1 5394 101.199996948242
1 5445 95.8600006103516
1 5454 96.0100021362305
1 5470 94.9400024414062
1 5474 111.319999694824
1 5482 98.5199966430664
1 5488 99.2799987792969
1 5497 88.4499969482422
1 5517 98.4800033569336
1 5522 97.2799987792969
1 5529 89.4100036621094
1 5534 94.2300033569336
1 5537 97.879997253418
1 5539 98.5999984741211
1 5615 102.709999084473
1 5637 107.26000213623
1 5682 86.4700012207031
1 5724 99.0100021362305
1 5725 95.0800018310547
1 5726 95.1999969482422
1 5727 90.8600006103516
1 5728 105.389999389648
1 5731 93.9599990844727
1 5732 97.3399963378906
1 5733 98.7600021362305
1 5734 92.5899963378906
1 5735 101.279998779297
1 5742 104.089996337891
1 5743 104.669998168945
1 5744 91.3300018310547
1 5745 102.5
1 5746 96
1 5747 94.4499969482422
1 5748 94.7300033569336
1 5749 97.2799987792969
1 5750 96.9800033569336
1 5752 98.4899978637695
1 5753 93.8000030517578
1 5754 103.569999694824
1 5755 96.5299987792969
1 5760 95.9700012207031
1 5761 94.5800018310547
1 5763 98.8399963378906
1 5764 100.569999694824
1 5767 93.9700012207031
1 5771 93.9599990844727
1 5772 101.849998474121
1 5773 96.0299987792969
1 5774 102.069999694824
1 5775 99.0199966430664
1 5776 98.2300033569336
1 5777 94.2200012207031
1 5778 90.4400024414062
1 5780 99.3499984741211
1 5782 95.6600036621094
1 5783 92.1500015258789
1 5784 71.7200012207031
1 5785 98.2900009155273
1 5786 92.9000015258789
1 5795 99.2099990844727
1 5796 96.3600006103516
1 5797 102.669998168945
1 5798 97.5699996948242
1 5799 97.9899978637695
1 5800 96.6699981689453
1 5801 98.4800033569336
1 5802 100.819999694824
1 5804 100.129997253418
1 5805 98.7699966430664
1 5808 106.080001831055
1 5810 94.620002746582
1 5811 101.029998779297
1 5813 91.629997253418
1 5814 95.8499984741211
1 5816 92.9899978637695
1 5817 98.629997253418
1 5818 107.830001831055
1 5820 101.440002441406
1 5821 103.269996643066
1 5822 91.3499984741211
1 5823 95.3600006103516
1 5824 95.7600021362305
1 5826 99.6600036621094
1 5827 94.8099975585938
1 5828 85.4100036621094
1 5829 98.5699996948242
1 5830 98.7300033569336
1 5832 94.7799987792969
1 5833 94.2799987792969
1 5834 95.5100021362305
1 5836 93.629997253418
1 5837 95.1800003051758
1 5838 93.9899978637695
1 5839 95.620002746582
1 5840 96.9000015258789
1 5842 96.379997253418
1 5844 96.3499984741211
1 5845 93.1699981689453
1 5847 96.0999984741211
1 5848 100.949996948242
1 5851 100.050003051758
1 5852 102.949996948242
1 5874 99.0699996948242
1 5876 90.1500015258789
1 5877 88.7099990844727
1 5878 85.5800018310547
1 5879 99.2799987792969
1 5880 102.430000305176
1 5881 87.879997253418
1 5883 100.069999694824
1 5885 104.480003356934
1 5886 102.360000610352
1 5887 98.5199966430664
1 5888 92.7300033569336
1 5889 103.610000610352
1 5892 95.0299987792969
1 5893 95.8300018310547
1 5894 98.9700012207031
1 5896 106.209999084473
1 5898 102.300003051758
1 5899 98.0400009155273
1 5900 83.0899963378906
1 5901 101.599998474121
1 5902 101.949996948242
1 5903 91.1100006103516
1 5904 101.73999786377
1 5905 96.0400009155273
1 5906 95.6699981689453
1 5907 92.9700012207031
1 5913 102.220001220703
1 5914 91.8000030517578
1 5916 94.379997253418
1 5919 104.660003662109
1 5921 97.5500030517578
1 5923 105.860000610352
1 5924 102.129997253418
1 5926 101.269996643066
1 5927 96.4700012207031
1 5928 89.2699966430664
1 5929 99.4899978637695
1 5930 94.7799987792969
1 5931 85.25
1 5932 89.0899963378906
1 5935 84.2799987792969
1 5972 95.4400024414062
1 5974 87.620002746582
1 5975 96.9499969482422
1 5977 87.9300003051758
1 5979 98.8199996948242
1 5980 98.4100036621094
1 5982 99.5299987792969
1 5983 96.9100036621094
1 5988 95.0599975585938
1 5989 97.8899993896484
1 5990 95.7600021362305
1 5991 106.860000610352
1 5992 100.190002441406
1 5993 105.430000305176
1 5997 98.6399993896484
1 5998 96.129997253418
1 6002 99.5999984741211
1 6015 101.199996948242
1 6016 101.029998779297
1 6020 89.8000030517578
1 6021 95.2099990844727
1 6022 95.3899993896484
1 6028 96.2200012207031
1 6036 99.3099975585938
1 6045 90.9400024414062
1 6050 99.3600006103516
1 6053 92.4700012207031
1 6085 102.930000305176
1 6090 98.9199981689453
1 6093 107.080001831055
1 6095 97.129997253418
1 6096 97.4300003051758
1 6101 100.5
1 6104 102.180000305176
1 6107 88.75
1 6108 101.129997253418
1 6109 97.2200012207031
1 6110 93.0199966430664
1 6111 91.4199981689453
1 6112 99.4599990844727
1 6113 90.7399978637695
1 6117 89.8300018310547
1 6122 98.2099990844727
1 6126 98.7600021362305
1 6131 101.860000610352
1 6134 101.620002746582
1 6135 90.5899963378906
1 6137 87.5500030517578
1 6138 90.5199966430664
1 6140 99.8899993896484
1 6142 89.0500030517578
1 6143 91.2399978637695
1 6144 92.8600006103516
1 6152 100.300003051758
1 6153 96.4000015258789
1 6157 91.3899993896484
1 6158 99.5
1 6160 92.6999969482422
1 6161 92.3300018310547
1 6163 100.349998474121
1 6165 101.98999786377
1 6166 101.550003051758
1 6167 101.720001220703
1 6175 97.3300018310547
1 6177 97.3600006103516
1 6178 89.379997253418
1 6179 71.9899978637695
1 6180 94.75
1 6183 89.25
1 6188 99.6100006103516
1 6191 101.879997253418
1 6192 81.8300018310547
1 6194 89.120002746582
1 6197 97.7399978637695
1 6198 93.7900009155273
1 6200 100.660003662109
1 6201 88.5199966430664
1 6276 77.75
1 6311 99.0199966430664
1 6316 97.1500015258789
1 6327 99.5199966430664
1 6335 105.599998474121
1 6336 96.6100006103516
1 6339 103.660003662109
1 6340 101.849998474121
1 6341 100.75
1 6343 98.6399993896484
1 6344 106.110000610352
1 6346 104.860000610352
1 6347 103.559997558594
1 6349 93.7900009155273
1 6350 94.2699966430664
1 6352 99.9599990844727
1 6355 100.120002746582
1 6356 97.5699996948242
1 6360 99.0699996948242
1 6363 97.7600021362305
1 6364 104.699996948242
1 6366 98.5599975585938
1 6368 105.779998779297
1 6378 106.650001525879
1 6379 103.589996337891
1 6380 100.830001831055
1 6384 103.830001831055
1 6385 104.51000213623
1 6387 102.900001525879
1 6388 94.2799987792969
1 6389 96.5400009155273
1 6390 103.01000213623
1 6391 88.7200012207031
1 6392 88.5199966430664
1 6393 104.720001220703
1 6394 104.779998779297
1 6395 88.5699996948242
1 6396 96.4800033569336
1 6397 85.0199966430664
1 6398 103.76000213623
1 6399 100.379997253418
1 6401 89.4599990844727
1 6402 96.129997253418
1 6403 100.279998779297
1 6405 90.7399978637695
1 6412 105.870002746582
1 6416 99.7799987792969
1 6417 98.8300018310547
1 6418 99.5299987792969
1 6420 103.01000213623
1 6424 103.190002441406
1 6426 101.160003662109
1 6427 100.580001831055
1 6429 103.419998168945
1 6438 104.26000213623
1 6442 101.019996643066
1 6445 100.629997253418
1 6446 101.839996337891
1 6447 91.4199981689453
1 6448 103.139999389648
1 6449 94.370002746582
1 6450 100.300003051758
1 6453 104.970001220703
1 6457 92.2399978637695
1 6460 105.080001831055
1 6464 104.980003356934
1 6466 98.7200012207031
1 6467 97.2300033569336
1 6468 94
1 6469 102.370002746582
1 6472 100.480003356934
1 6473 104.819999694824
1 6475 99.2399978637695
1 6476 103.459999084473
1 6478 101.199996948242
1 6480 96.0100021362305
1 6482 99.5299987792969
1 6487 92.9400024414062
1 6489 91.370002746582
1 6503 100.910003662109
1 6505 93.7799987792969
1 6517 101.5
1 6518 101.559997558594
1 6521 98.3499984741211
1 6522 91.9000015258789
1 6523 100.98999786377
1 6524 97.1100006103516
1 6527 104.709999084473
1 6532 102.51000213623
1 6539 106.419998168945
1 6564 105.569999694824
1 6574 96.9199981689453
1 6578 106.110000610352
1 6584 99.2900009155273
1 6586 102.98999786377
1 6587 104.790000915527
1 6590 94.5199966430664
1 6592 102.01000213623
1 6595 97.2399978637695
1 6596 95.620002746582
1 6597 101.839996337891
1 6607 103.73999786377
1 6611 93.0699996948242
1 6612 103.610000610352
1 6613 97.6500015258789
1 6614 92.8600006103516
1 6624 109.089996337891
1 6626 98.9899978637695
1 6628 101.209999084473
1 6630 100.919998168945
1 6635 96.7300033569336
1 6636 103.73999786377
1 6645 99.4199981689453
1 6647 93.3000030517578
1 6649 105.569999694824
1 6651 92.6999969482422
1 6652 102.089996337891
1 6655 97.9899978637695
1 6659 100.389999389648
1 6664 104.089996337891
1 6668 96.5100021362305
1 6669 100.569999694824
1 6670 95.5299987792969
1 6672 100.26000213623
1 6673 98.8000030517578
1 6677 99.4000015258789
1 6684 104.889999389648
1 6687 107.5
1 6698 103.129997253418
1 6699 101.220001220703
1 6700 98.9800033569336
1 6703 100.269996643066
1 6705 94.2600021362305
1 6710 92.6800003051758
1 6711 93.8399963378906
1 6712 106.050003051758
1 6714 99.5599975585938
1 6731 103.190002441406
1 6732 101.669998168945
1 6762 98.4400024414062
1 6766 96.7600021362305
1 6769 87.4000015258789
1 6772 87.7200012207031
1 6773 104.129997253418
1 6774 97.8499984741211
1 6783 102.480003356934
1 6807 95.5599975585938
1 6824 96.6600036621094
1 6825 101.129997253418
1 6826 104.839996337891
1 6832 105.199996948242
1 6835 101.839996337891
1 6839 104.050003051758
1 6840 101.319999694824
1 6844 103.050003051758
1 6845 102.959999084473
1 6846 96.2200012207031
1 6848 89.9899978637695
1 6850 105.589996337891
1 6852 95.5500030517578
1 6855 99.5699996948242
1 6858 104.680000305176
1 6862 96.3399963378906
1 6864 105.139999389648
1 6865 103.349998474121
1 6872 100.180000305176
1 6873 95.2300033569336
1 6875 102.930000305176
1 6876 108.120002746582
1 6877 104.139999389648
1 6878 96.3199996948242
1 6879 101.800003051758
1 6880 120.76000213623
1 6883 98.2399978637695
1 6885 101.800003051758
1 6887 94.7200012207031
1 6889 104.629997253418
1 6890 96.1100006103516
1 6891 96.8499984741211
1 6894 96.1900024414062
1 6897 91.3399963378906
1 6902 106.98999786377
1 6903 101.419998168945
1 6906 96.870002746582
1 6908 91.9300003051758
1 6912 104.51000213623
1 6914 99.7699966430664
1 6917 102.819999694824
1 6919 97.1600036621094
1 6922 101.300003051758
1 6924 110.75
1 6925 97.5699996948242
1 6926 107.23999786377
1 6931 103.540000915527
1 6932 102.26000213623
1 6934 99.9000015258789
1 6940 100.209999084473
1 6942 91.9100036621094
1 6946 101.180000305176
1 6950 96.5800018310547
1 6951 95.7099990844727
1 6952 98.9700012207031
1 6955 98.1699981689453
1 6956 101.220001220703
1 6959 91.8099975585938
1 6961 98.0999984741211
1 6963 106.919998168945
1 6964 102.75
1 6966 100.029998779297
1 6980 106.540000915527
1 6983 101.5
1 6984 99.2699966430664
1 7037 96.6500015258789
1 7041 103.709999084473
1 7042 106.480003356934
1 7044 97.1900024414062
1 7049 99.0100021362305
1 7054 91.7099990844727
1 7058 79.0299987792969
1 7059 90.6999969482422
1 7060 103.110000610352
1 7066 96.1699981689453
1 7087 98.629997253418
1 7088 102.269996643066
1 7105 89.870002746582
1 7106 105.839996337891
1 7111 99.9499969482422
1 7113 100.349998474121
1 7114 98.9599990844727
1 7117 97.0299987792969
1 7119 100.919998168945
1 7120 103.050003051758
1 7121 98.6100006103516
1 7123 94.6999969482422
1 7130 105.48999786377
1 7132 99.6900024414062
1 7136 98
1 7147 98.9300003051758
1 7150 93.370002746582
1 7151 87.8399963378906
1 7152 99.0199966430664
1 7153 90.379997253418
1 7154 93.7600021362305
1 7160 96.5299987792969
1 7161 89.5999984741211
1 7164 99.3600006103516
1 7165 96.7399978637695
1 7166 88.9599990844727
1 7167 98.3000030517578
1 7169 99.6900024414062
1 7170 92.2300033569336
1 7175 96.620002746582
1 7176 96.8099975585938
1 7177 93.5500030517578
1 7178 99.370002746582
1 7180 92.8499984741211
1 7181 93.4499969482422
1 7182 104.220001220703
1 7186 101.669998168945
1 7187 97.8300018310547
1 7188 99.5899963378906
1 7189 98.3899993896484
1 7195 97.6100006103516
1 7203 101.230003356934
1 7204 98.9300003051758
1 7207 107.809997558594
1 7211 103.819999694824
1 7214 97.8199996948242
1 7220 98.9599990844727
1 7221 95.4800033569336
1 7226 101.830001831055
1 7229 99.120002746582
1 7231 103.870002746582
1 7236 98.1600036621094
1 7239 101.559997558594
1 7240 102.690002441406
1 7242 102.370002746582
1 7243 103.730003356934
1 7246 94.8899993896484
1 7248 96.9599990844727
1 7254 94.2900009155273
1 7255 97.0100021362305
1 7258 100.610000610352
1 7266 106.970001220703
1 7307 95.8499984741211
1 7308 91.8199996948242
1 7315 92.9800033569336
1 7327 100.919998168945
1 7328 99.629997253418
1 7332 98.0599975585938
1 7335 103.610000610352
1 7337 96.2300033569336
1 7346 98.7399978637695
1 7437 94.8399963378906
1 7442 92.9700012207031
1 7444 97.1999969482422
1 7446 102.480003356934
1 7447 94.4000015258789
1 7448 101.190002441406
1 7450 103.839996337891
1 7452 98.879997253418
1 7453 101.959999084473
1 7456 101.330001831055
1 7457 96.9100036621094
1 7461 105.120002746582
1 7462 90.5199966430664
1 7463 91.7200012207031
1 7465 94.6399993896484
1 7467 98.2200012207031
1 7470 96.5299987792969
1 7471 98.5400009155273
1 7473 99.0699996948242
1 7474 93.5100021362305
1 7477 95.9100036621094
1 7478 98.3099975585938
1 7479 99.8300018310547
1 7481 102.129997253418
1 7483 97.7699966430664
1 7484 105.949996948242
1 7487 101.209999084473
1 7489 80.9199981689453
1 7490 90.6500015258789
1 7491 101.190002441406
1 7497 107.209999084473
1 7499 93.1399993896484
1 7500 99.5400009155273
1 7501 98.8600006103516
1 7502 86.5999984741211
1 7505 95.370002746582
1 7506 103.73999786377
1 7507 98.879997253418
1 7508 96.0299987792969
1 7509 96.2399978637695
1 7510 92.0500030517578
1 7512 96.5
1 7513 89.9199981689453
1 7515 100.160003662109
1 7517 100.720001220703
1 7518 102.309997558594
1 7519 83.7300033569336
1 7521 99.120002746582
1 7522 93
1 7523 95.4300003051758
1 7524 98.1100006103516
1 7528 97.870002746582
1 7529 95.6600036621094
1 7530 95.6699981689453
1 7531 89.4000015258789
1 7532 94.5699996948242
1 7534 103.610000610352
1 7535 101.379997253418
1 7536 99.7200012207031
1 7537 94.6699981689453
1 7539 97.9599990844727
1 7540 101.800003051758
1 7541 92.4599990844727
1 7544 97.4800033569336
1 7545 89.1100006103516
1 7548 92.3000030517578
1 7553 96.9000015258789
1 7554 95.2099990844727
1 7558 96.8300018310547
1 7561 97.3300018310547
1 7563 101.169998168945
1 7567 88.8499984741211
1 7571 88.6900024414062
1 7572 85.379997253418
1 7577 93.4300003051758
1 7578 86.4499969482422
1 7579 97.4400024414062
1 7580 96.0999984741211
1 7581 96.9499969482422
1 7582 102.900001525879
1 7583 100.309997558594
1 7584 84.629997253418
1 7586 106.129997253418
1 7591 102.599998474121
1 7595 95.6600036621094
1 7597 97.1500015258789
1 7601 83.8499984741211
1 7602 96.6100006103516
1 7604 106.599998474121
1 7681 87.9899978637695
1 7682 100.73999786377
1 7683 96.8499984741211
1 7684 92.9100036621094
1 7685 92.9599990844727
1 7689 105.129997253418
1 7690 104.319999694824
1 7691 97.5100021362305
1 7693 96.8099975585938
1 7709 103.349998474121
1 7711 94.120002746582
1 7712 97.8899993896484
1 7713 98.8199996948242
1 7716 94.0800018310547
1 7718 94.379997253418
1 7719 87.2300033569336
1 8214 102.930000305176
1 8215 97.7399978637695
1 8216 94.5100021362305
1 8218 97.9199981689453
1 8219 102.230003356934
1 8220 99.25
1 8222 103.680000305176
1 8225 98.9400024414062
1 8226 95.129997253418
1 8228 100.610000610352
1 8229 100.139999389648
1 8231 96.7699966430664
1 8232 106.099998474121
1 8233 97.370002746582
1 8234 104.059997558594
1 8235 96.9100036621094
1 8237 99.5899963378906
1 8238 92.7399978637695
1 8239 95.4599990844727
1 8241 99.2200012207031
1 8243 93.7900009155273
1 8244 92.25
1 8245 92.6900024414062
1 8246 92.5400009155273
1 8248 98.1999969482422
1 8250 93.9599990844727
1 8251 98.0899963378906
1 8252 98.7600021362305
1 8253 99.8000030517578
1 8255 94.2399978637695
1 8257 97.4800033569336
1 8259 100.800003051758
1 8260 85.4000015258789
1 8261 92.3300018310547
1 8262 85.3600006103516
1 8263 97.370002746582
1 8264 97.9199981689453
1 8268 94.5999984741211
1 8269 98.7799987792969
1 8271 98.6800003051758
1 8272 92.9300003051758
1 8273 86.1600036621094
1 8275 90.9300003051758
1 8277 87.2399978637695
1 8278 83.9400024414062
1 8279 94.0199966430664
1 8281 92.5199966430664
1 8282 97.5500030517578
1 8283 95.7799987792969
1 8284 101.389999389648
1 8285 95.4000015258789
1 8287 98.2900009155273
1 8289 98.7900009155273
1 8291 104.190002441406
1 8292 96.8499984741211
1 8293 96.5999984741211
1 8295 86.25
1 8296 96.0400009155273
1 8297 94.1800003051758
1 8299 101.059997558594
1 8300 98.0400009155273
1 8301 87.0500030517578
1 8303 92.120002746582
1 8306 96.5100021362305
1 8307 88.370002746582
1 8308 92.8899993896484
1 8309 90.2300033569336
1 8311 94.3399963378906
1 8313 101.089996337891
1 8314 92.620002746582
1 8315 102.730003356934
1 8317 91.7399978637695
1 8318 96.129997253418
1 8319 97.6600036621094
1 8320 95.0800018310547
1 8321 97.2099990844727
1 8322 98.0400009155273
1 8323 96.1500015258789
1 8324 100.910003662109
1 8325 99.5299987792969
1 8326 103.779998779297
1 8328 96.4800033569336
1 8329 93.6600036621094
1 8330 103.639999389648
1 8331 97.0299987792969
1 8333 97.5
1 8334 78.25
1 8336 93.4000015258789
1 8337 88.6399993896484
1 8338 89.4899978637695
1 8339 94.7099990844727
1 8341 93.3499984741211
1 8343 100.669998168945
1 8344 103.139999389648
1 8347 95.5299987792969
1 8348 98.1500015258789
1 8349 96.2900009155273
1 8351 92.0299987792969
1 8352 89.129997253418
1 8353 93.4499969482422
1 8354 96.6600036621094
1 8355 97.5100021362305
1 8356 101.230003356934
1 8359 101.709999084473
1 8360 99.7300033569336
1 8363 100.620002746582
1 8364 97.1699981689453
1 8450 99.4100036621094
1 8452 93.7399978637695
1 8453 99.5299987792969
1 8455 96.1600036621094
1 8456 96.4400024414062
1 8457 91.629997253418
1 8458 93.3199996948242
1 8459 96.5699996948242
1 8461 95.5800018310547
1 8462 93.3399963378906
1 8463 90.2300033569336
1 8464 98.8199996948242
1 8465 95.4700012207031
1 8468 88.8099975585938
1 8472 99.4400024414062
1 8474 108.050003051758
1 8484 93.6900024414062
1 8490 91.3399963378906
1 8492 106.180000305176
1 8493 93.120002746582
1 8495 100.370002746582
1 8501 96.4700012207031
1 8507 97.0400009155273
1 8513 99.129997253418
1 8517 99.6399993896484
1 8642 100.800003051758
1 8644 99.4000015258789
1 8647 97.6399993896484
1 8651 102.779998779297
1 8653 99.0100021362305
1 8654 97.5999984741211
1 8655 101.300003051758
1 8658 95.4000015258789
1 8661 95.25
1 8662 103.559997558594
1 8665 98.9499969482422
1 8667 96.5500030517578
1 8669 91.9199981689453
1 8673 100.76000213623
1 8676 98.9499969482422
1 8682 92.0500030517578
1 8685 96.5899963378906
1 8696 96.4300003051758
1 8697 96.4499969482422
1 8704 99.1699981689453
1 8737 90.4300003051758
1 8977 104.290000915527
1 9001 104.230003356934
1 9002 94.7099990844727
1 9004 101.180000305176
1 9005 102.669998168945
1 9006 109.849998474121
1 9007 100.819999694824
1 9008 102.959999084473
1 9009 95.8399963378906
1 9011 99.25
1 9013 105.660003662109
1 9015 112.279998779297
1 9017 108.730003356934
1 9018 106.040000915527
1 9019 103.73999786377
1 9020 106.269996643066
1 9021 103.940002441406
1 9024 109.620002746582
1 9025 98.120002746582
1 9026 100.639999389648
1 9027 107.819999694824
1 9028 93.7099990844727
1 9032 90.1999969482422
1 9033 99.0699996948242
1 9035 96.7900009155273
1 9037 98.0400009155273
1 9039 97.0999984741211
1 9041 99.9100036621094
1 9042 97.2099990844727
1 9043 100.940002441406
1 9045 97.4700012207031
1 9047 97.75
1 9048 96.6800003051758
1 9049 96.7099990844727
1 9050 98.7600021362305
1 9051 98.3099975585938
1 9052 95.2699966430664
1 9053 96.9700012207031
1 9054 104.559997558594
1 9055 93.5599975585938
1 9056 96.6600036621094
1 9057 94.120002746582
1 9058 97.5699996948242
1 9059 102.269996643066
1 9062 101.459999084473
1 9064 104.089996337891
1 9065 101.830001831055
1 9066 101.980003356934
1 9067 106.73999786377
1 9069 108.459999084473
1 9071 96.879997253418
1 9072 96.5299987792969
1 9073 95.1500015258789
1 9076 109.559997558594
1 9077 99.7699966430664
1 9078 104.26000213623
1 9080 101.180000305176
1 9081 96.3199996948242
1 9082 98.3000030517578
1 9084 105.169998168945
1 9085 107.620002746582
1 9087 91.8899993896484
1 9088 102.269996643066
1 9089 100.860000610352
1 9090 102.120002746582
1 9092 102.300003051758
1 9097 101.790000915527
1 9098 98.120002746582
1 9099 103.300003051758
1 9101 108.900001525879
1 9102 95.9199981689453
1 9103 102.5
1 9104 100.769996643066
1 9105 101.599998474121
1 9106 105.089996337891
1 9109 103.879997253418
1 9111 96.3499984741211
1 9112 99.3000030517578
1 9114 99.0400009155273
1 9115 93.5299987792969
1 9116 103.129997253418
1 9118 96.379997253418
1 9123 108.220001220703
1 9124 102.379997253418
1 9127 103.300003051758
1 9128 88.4499969482422
1 9129 89.6999969482422
1 9132 105.419998168945
1 9133 103.059997558594
1 9134 95.3199996948242
1 9135 92.8600006103516
1 9136 82.620002746582
1 9138 101.25
1 9140 97.2600021362305
1 9141 98.5599975585938
1 9142 104
1 9144 93.75
1 9145 93.0699996948242
1 9147 92.6600036621094
1 9148 93.2699966430664
1 9150 95.7699966430664
1 9151 96.1900024414062
1 9152 108.050003051758
1 9155 97.1999969482422
1 9156 97.9199981689453
1 9157 103.25
1 9158 91.0500030517578
1 9159 92.0999984741211
1 9160 104.069999694824
1 9161 104.699996948242
1 9162 96.8499984741211
1 9163 93.9700012207031
1 9164 103.540000915527
1 9168 100.110000610352
1 9203 105.98999786377
1 9209 104.089996337891
1 9220 91.8099975585938
1 9228 94.8199996948242
1 9230 99.5500030517578
1 9232 100.410003662109
1 9237 104.51000213623
1 9243 98.620002746582
1 9252 69.3000030517578
1 9256 91.4000015258789
1 9715 100.050003051758
1 9719 107.5
1 9752 100.430000305176
1 9753 107.379997253418
1 9754 98.0100021362305
1 9755 103.940002441406
1 9756 92
1 9758 102.199996948242
1 9761 104.73999786377
1 9762 92.6500015258789
1 9766 97.6100006103516
1 9770 100.720001220703
1 9776 104.550003051758
1 9777 100.449996948242
1 9781 91.9400024414062
1 9782 97.5100021362305
1 9783 92.3399963378906
1 9785 102.150001525879
1 9788 96.0699996948242
1 9794 103.319999694824
1 9798 101.01000213623
1 9799 102.199996948242
1 9801 94.4400024414062
1 9803 98.25
1 9811 85.6999969482422
1 9813 99.3199996948242
1 9814 103.209999084473
1 9821 99.1600036621094
1 9825 96.3899993896484
1 9826 93.9700012207031
1 9828 99.7799987792969
1 9829 101.660003662109
1 9831 96.4800033569336
1 9832 97.870002746582
1 9835 106.620002746582
1 9842 102.080001831055
1 9844 105.099998474121
1 9850 89.9800033569336
1 9851 100.51000213623
1 9852 99.9599990844727
1 9853 99.3499984741211
1 9854 94.7699966430664
1 9856 95.6800003051758
1 9857 87.4199981689453
1 9859 93.0599975585938
1 9860 95.4599990844727
1 9861 94.0199966430664
1 9862 96.7699966430664
1 9865 103.190002441406
1 9867 99.8600006103516
1 9877 100.279998779297
1 9878 105.650001525879
1 9879 102.330001831055
1 9882 86.0299987792969
1 9883 97.370002746582
1 9884 93.9400024414062
1 9885 101.639999389648
1 9886 98
1 9887 101.319999694824
1 9891 101.5
1 9893 98.1800003051758
1 9899 86.7399978637695
1 9900 107.309997558594
1 9901 93.379997253418
1 9902 86.5899963378906
1 9905 104.5
1 9906 100.75
1 9907 103.540000915527
1 9909 106.279998779297
1 9910 102.620002746582
1 9911 103.900001525879
1 9912 103.819999694824
1 9914 100.680000305176
1 9915 91.9300003051758
1 9916 97.9100036621094
1 9917 97.1699981689453
1 9918 99.4300003051758
1 9919 97.7099990844727
1 9920 90.1900024414062
1 10046 92.1800003051758
1 10049 106.940002441406
1 10050 104.25
1 10076 83.7799987792969
1 10080 106.73999786377
1 10121 94.0500030517578
1 10128 103.410003662109
1 10137 102.019996643066
1 10143 97.1600036621094
1 10179 94.870002746582
1 10185 97.7900009155273
1 10187 98.5100021362305
1 10188 95.879997253418
1 10189 101
1 10193 100.339996337891
1 10194 103.019996643066
1 10196 101.080001831055
1 10197 100
1 10199 96.0899963378906
1 10200 99.4300003051758
1 10203 103.75
1 10206 84.9800033569336
1 10208 98.870002746582
1 10209 96.6699981689453
1 10212 100.430000305176
1 10213 102.180000305176
1 10218 101.120002746582
1 10219 99.9899978637695
1 10222 105.51000213623
1 10223 92.2900009155273
1 10224 99.7699966430664
1 10227 102.529998779297
1 10228 96.120002746582
1 10229 89.2200012207031
1 10230 93.0500030517578
1 10233 101.449996948242
1 10234 98.8399963378906
1 10235 104.129997253418
1 10236 87.8099975585938
1 10241 93.870002746582
1 10245 98.5500030517578
1 10246 97.5299987792969
1 10249 93.3099975585938
1 10250 96.0500030517578
1 10252 92.0400009155273
1 10257 98.75
1 10259 95.0400009155273
1 10262 100.98999786377
1 10263 95.2699966430664
1 10266 98.0500030517578
1 10269 96.7200012207031
1 10270 96.4300003051758
1 10271 105.269996643066
1 10272 100.889999389648
1 10273 90.1999969482422
1 10274 87.4800033569336
1 10276 100.169998168945
1 10277 99.6699981689453
1 10280 103.589996337891
1 10281 88.9300003051758
1 10282 95.6800003051758
1 10285 94.7099990844727
1 10287 102.75
1 10288 103.5
1 10290 100.790000915527
1 10291 93.0999984741211
1 10292 96.7099990844727
1 10300 92.4499969482422
1 10304 91.8099975585938
1 10306 101.569999694824
1 10308 89.4400024414062
1 10309 100.190002441406
1 10310 103.580001831055
1 10311 98.1900024414062
1 10314 103.300003051758
1 10316 100.730003356934
1 10317 89.6699981689453
1 10320 97.129997253418
1 10321 93.5599975585938
1 10322 93.0100021362305
1 10323 86.0100021362305
1 10324 100.610000610352
1 10325 102.040000915527
1 10326 100.589996337891
1 10327 102.419998168945
1 10328 97.3399963378906
1 10331 97.1800003051758
1 10334 100.980003356934
1 10338 95.879997253418
1 10340 98.2799987792969
1 10341 102.800003051758
1 10342 93.8600006103516
1 10344 87.5800018310547
1 10350 94.870002746582
1 10355 100.029998779297
1 10435 106.309997558594
1 10437 98.9800033569336
1 10440 100.120002746582
1 10444 98.370002746582
1 10445 101.370002746582
1 10457 95.7699966430664
1 10516 96.6399993896484
1 10522 102.110000610352
1 10528 101.379997253418
1 10533 105.220001220703
1 10535 104.900001525879
1 10536 101.839996337891
1 10538 92.4899978637695
1 10540 100.959999084473
1 10541 102.959999084473
1 10548 102.25
1 10551 101.900001525879
1 10553 103.519996643066
1 10554 103.330001831055
1 10556 97.6500015258789
1 10558 98.1399993896484
1 10559 95.2600021362305
1 10562 92.4499969482422
1 10564 98.7200012207031
1 10566 106.110000610352
1 10570 93.0699996948242
1 10573 101.98999786377
1 10578 98.6800003051758
1 10579 97.4899978637695
1 10584 93.3199996948242
1 10587 101.529998779297
1 10589 97.9800033569336
1 10593 95.2799987792969
1 10595 100.699996948242
1 10600 94.25
1 10601 99.3499984741211
1 10604 99.2600021362305
1 10607 92.9499969482422
1 10610 101.809997558594
1 10615 92.3399963378906
1 10616 86.5400009155273
1 10620 99.9100036621094
1 10621 98.5199966430664
1 10629 102.800003051758
1 10631 98.0899963378906
1 10634 105.529998779297
1 10635 90.0500030517578
1 10638 106.860000610352
1 10639 101.900001525879
1 10640 100.959999084473
1 10643 103.98999786377
1 10645 95.75
1 10653 88.3199996948242
1 10658 94.7099990844727
1 10660 95.75
1 10663 90.4100036621094
1 10664 91.6999969482422
1 10711 95.9499969482422
1 11068 98.5500030517578
1 11069 90.75
1 11070 92.5100021362305
1 11073 93.4000015258789
1 11082 99.6800003051758
1 11086 95.3499984741211
1 11114 100.73999786377
1 11115 96.8099975585938
1 11116 95.5100021362305
1 11120 102.029998779297
1 11125 97.0500030517578
1 11126 98.4499969482422
1 11129 98.6999969482422
1 11130 92.8899993896484
1 11131 105.550003051758
1 11133 97.8199996948242
1 11134 92.8899993896484
1 11135 99.5800018310547
1 11136 98.5299987792969
1 11137 96.8099975585938
1 11139 94.8000030517578
1 11141 88.1500015258789
1 11143 101.900001525879
1 11144 97.7200012207031
1 11145 103.430000305176
1 11146 105.550003051758
1 11149 101.540000915527
1 11150 96.4599990844727
1 11151 98.25
1 11153 97.1500015258789
1 11154 102.779998779297
1 11155 99.6800003051758
1 11156 91.0599975585938
1 11158 99.5299987792969
1 11159 107.029998779297
1 11160 101.470001220703
1 11161 96.3600006103516
1 11162 102.349998474121
1 11163 99.4899978637695
1 11164 95.25
1 11165 95.1699981689453
1 11166 91.629997253418
1 11167 87.9199981689453
1 11168 101.529998779297
1 11169 103.019996643066
1 11170 97.6699981689453
1 11171 100.410003662109
1 11172 102.919998168945
1 11173 94.1699981689453
1 11174 90.4400024414062
1 11176 104.459999084473
1 11177 108.930000305176
1 11178 93.5299987792969
1 11179 99.8099975585938
1 11180 95.7099990844727
1 11181 98.6100006103516
1 11183 98.129997253418
1 11184 96.3499984741211
1 11185 90.5
1 11186 104.349998474121
1 11187 102.099998474121
1 11188 102.139999389648
1 11190 99.25
1 11193 98.1999969482422
1 11194 105.180000305176
1 11196 102.080001831055
1 11197 103.339996337891
1 11198 98.4199981689453
1 11199 100.970001220703
1 11200 104.040000915527
1 11201 104.330001831055
1 11203 100.190002441406
1 11204 92.8600006103516
1 11205 99.7699966430664
1 11208 92.4599990844727
1 11209 93.5299987792969
1 11210 97.1500015258789
1 11211 93.3000030517578
1 11213 98.4199981689453
1 11214 92.8399963378906
1 11215 89.7799987792969
1 11217 100.309997558594
1 11218 98.9499969482422
1 11219 100.819999694824
1 11221 93.7099990844727
1 11223 105.410003662109
1 11224 101.050003051758
1 11226 98.9199981689453
1 11227 102.599998474121
1 11229 102.5
1 11230 104.800003051758
1 11231 96.8199996948242
1 11232 100.980003356934
1 11233 104.930000305176
1 11234 96.879997253418
1 11235 97.629997253418
1 11236 103.800003051758
1 11238 97.7699966430664
1 11240 99.7600021362305
1 11242 92.6399993896484
1 11243 98.1800003051758
1 11244 103.910003662109
1 11245 88.25
1 11247 101.639999389648
1 11248 98.9300003051758
1 11249 93.5500030517578
1 11250 94.9000015258789
1 11251 99.4599990844727
1 11252 97.3199996948242
1 11253 100.389999389648
1 11254 100.919998168945
1 11255 98.0899963378906
1 11256 89.1999969482422
1 11257 90.1399993896484
1 11258 102.23999786377
1 11261 94.6100006103516
1 11263 93.5800018310547
1 11265 99.6600036621094
1 11268 96.7600021362305
1 11270 100.639999389648
1 11271 98.4800033569336
1 11272 88.9100036621094
1 11273 89.1100006103516
1 11274 103.419998168945
1 11276 97.0400009155273
1 11277 93.4300003051758
1 11279 84.8199996948242
1 11283 94.370002746582
1 11372 96.2300033569336
1 11373 91.879997253418
1 11374 94.7600021362305
1 11375 93.8499984741211
1 11377 85.0999984741211
1 11380 79.2799987792969
1 11382 94.0299987792969
1 11383 102.949996948242
1 11391 105.849998474121
1 11392 95.7600021362305
1 11394 103
1 11401 96.4599990844727
1 11514 100.089996337891
1 11517 98.6800003051758
1 11518 103.040000915527
1 11520 92.75
1 11527 89.879997253418
1 11528 94.4700012207031
1 11533 94.4800033569336
1 11535 97.25
1 11544 91.379997253418
1 11548 98.1900024414062
1 11550 94.7399978637695
1 11554 92.3600006103516
1 11557 106.220001220703
1 11558 95.5999984741211
1 11564 101.849998474121
1 11565 96.9400024414062
1 11566 98.5599975585938
1 11570 95.9199981689453
1 11578 102.48999786377
1 11583 102.629997253418
1 11586 95.7099990844727
1 11588 97.7099990844727
1 11591 95.3199996948242
1 11598 95.2600021362305
1 11605 87.879997253418
1 11607 92.8899993896484
1 11609 96.4100036621094
1 11610 95.0899963378906
1 11612 99.0999984741211
1 11617 104.519996643066
1 11627 102.819999694824
1 11629 91.25
1 11630 92.7600021362305
1 11800 102
1 11808 86.5800018310547
