1 7492 0.896167827715544
1 7261 0.87658478257913
1 7262 -1.5190115395351
1 6893 -3.92205637239132
1 6688 -5.71287077449112
1 7232 4.58380082075487
1 7267 1.76345777134721
1 7256 1.76322868383582
1 7710 2.17268795216832
1 6910 2.74180026917058
1 7135 -1.5019301837489
1 7173 3.18574428576785
1 7198 4.4096553888063
1 7139 -2.66549360591031
1 7140 0.595006129675113
1 7209 1.01575094437288
1 7245 -0.114887350681471
1 7257 0.0203200683575346
1 7063 0.851337897091796
1 7051 3.63427260067488
1 6653 -1.94598011409285
1 7124 -1.13847935403355
1 7043 -1.2390511925063
1 7068 0.877176922694161
1 7053 -1.06772947020538
1 7116 -0.801422681503823
1 7050 -1.32669910979627
1 7596 -2.77543102081715
1 7476 2.42004119310889
1 7158 -0.0655612195355673
1 7171 -2.08897690673858
1 7107 -0.888408428148978
1 7196 -1.34807581676161
1 7108 -1.10395960552616
1 7133 0.854577953813859
1 7109 0.561590693178402
1 7134 3.35266720194456
1 7146 -3.14922159952299
1 7472 -1.17425515676008
1 7095 5.15715910509815
1 7070 1.06203564964572
1 7056 -2.96729104185818
1 7069 -0.743291728675686
1 7055 -2.0956983192855
1 7215 2.72346994483266
1 7216 -3.3346399617547
1 7228 -3.14371893127782
1 7252 1.58822176808151
1 7206 2.41113507033774
1 7046 0.024855763677337
1 7071 -1.565419930856
1 7097 3.54733592368916
1 6155 -0.212867297285555
1 6722 2.23203056134369
1 7194 0.362296465814936
1 7118 0.708076125387436
1 7156 0.865469233334551
1 7131 1.6828155842241
1 7174 -4.61964117877521
1 7687 0.26943557398981
1 7201 -2.47232804800485
1 7125 0.238030399498626
1 7202 -11.8638965501905
1 7455 0.91012288543574
1 7155 -0.760777050333573
1 6696 0.895959717414271
1 6831 -1.13139042876695
1 6884 0.179894992792967
1 6860 3.60964206430857
1 6869 0.374572681383952
1 6892 -1.72923282433651
1 6857 -2.06797043139969
1 6833 0.492348948817465
1 6843 -0.983584539344719
1 6886 1.05435844158393
1 6851 1.42022929511748
1 6723 -0.525330973286358
1 6729 1.12140950753341
1 6715 -1.0318977386771
1 6927 -0.922742654791449
1 6974 -1.3539133251916
1 6962 0.831151387088894
1 6537 -1.80425791598152
1 6713 -0.798179002902629
1 6841 -0.148739392417383
1 6818 -3.56997149253982
1 6829 0.712512505728739
1 6888 -1.06156423453422
1 6719 3.00436393217264
1 6718 3.26199128498362
1 6789 1.05792219827492
1 6777 1.01270852349984
1 6776 -0.961381876609281
1 6834 2.31565021634611
1 6730 1.07502693644376
1 6795 0.88031083796696
1 6717 -1.01667005662122
1 6797 -0.779380639622715
1 6803 -2.46934176187523
1 6768 1.16986219908101
1 6779 0.0618332858531119
1 6941 -0.305933638178928
1 6929 -0.178634980292443
1 6928 -1.66235775243211
1 6916 -0.0734616880442331
1 6904 0.202363327630195
1 6909 -4.80162642154535
1 6979 2.64132167974931
1 6933 -1.75464791781465
1 6972 2.67118178296832
1 6938 -0.585749265058197
1 6949 -4.80688354493599
1 6937 -3.8212505582873
1 6935 -0.900922457306336
1 6958 -0.293720525388693
1 6923 1.04451813409285
1 6911 4.27241130320709
1 6981 3.44213381246858
1 6971 -0.349007106963597
1 6982 -0.223989512481253
1 6948 -2.85848661769508
1 6988 -0.150322828102475
1 6930 -5.81178967064585
1 6838 -0.758123342627826
1 6827 1.88639922193265
1 6849 1.64098992792621
1 6898 -0.751892515075824
1 1649 1.28700120272066
1 45 0.229603374348599
1 577 0.182449112209255
1 905 0.894813145886602
1 1073 -0.342895369747453
1 1077 0.340029970688875
1 1082 3.6067091138773
1 1090 4.42736907998629
1 1098 0.391115006513189
1 1101 3.32714908694736
1 1102 -1.58453118903327
1 1104 -0.67675688757754
1 1109 -1.75293855500954
1 1242 0.964715905444407
1 1244 -0.419216297758737
1 1251 -0.469010975844128
1 1252 1.54385187670641
1 1255 -2.39354946851654
1 1258 -4.2147067028513
1 1259 -1.46972184988401
1 1263 1.0367495160888
1 1264 -2.56250581143121
1 1288 -0.589736594227645
1 1592 -0.434726246473062
1 1597 1.17594882805906
1 1598 -4.75763456201798
1 1604 2.08684462708504
1 1605 -2.27700273403272
1 1610 -1.67121353358399
1 1614 1.96427463135922
1 1617 1.23039033197591
1 1621 -0.604646921448975
1 1622 -1.01886239584893
1 1623 0.990633963433368
1 1625 -0.732449782586201
1 1629 0.974150553546295
1 1632 0.495226231992049
1 1642 -0.808098617125367
1 1646 -0.2130714592857
1 1648 -0.114079388392014
1 1660 0.263823940845853
1 1666 -1.99050557548874
1 1741 -1.02261135143878
1 1820 2.42995118831281
1 1834 1.89861152983369
1 1835 1.72111127890503
1 1803 1.04547839006439
1 1876 -1.15902381604785
1 1877 2.40355985746446
1 1880 -3.97974527064612
1 1881 1.20726411925216
1 1883 -0.338602798795876
1 1884 2.38524183674868
1 1887 3.8604646403824
1 1825 -0.541548009010057
1 1890 -0.657122462531461
1 1891 -1.09338066344053
1 1899 4.3816645927712
1 1960 1.52444920578955
1 2067 -0.147989301753867
1 2068 1.00683304658234
1 2069 -0.0149128265870928
1 2070 0.205474944074979
1 2071 1.43530775060978
1 2072 3.00558893363579
1 2073 -1.05253430737854
1 2074 2.41516391169364
1 2075 -0.647688250222643
1 2076 -0.304098564308674
1 2096 2.14887931524351
1 2097 1.73290209065735
1 2099 -0.843126906302032
1 2106 2.62319831386343
1 2110 -2.91537805701451
1 2111 1.26603411654762
1 2115 6.16240648902634
1 2118 2.55573530593765
1 2120 3.20532568447243
1 2123 2.31819332114303
1 2124 0.428145543787721
1 2126 1.10843295256301
1 2128 -1.88982034833583
1 2132 -2.34518716435052
1 2133 -2.73992225607479
1 2135 0.190264092357353
1 2141 2.51421615100858
1 2142 3.29405147625147
1 2143 -5.76972769087178
1 2146 2.49930601064432
1 2149 4.70753315077076
1 2154 -1.78797490067913
1 2163 0.770835731194893
1 2164 -0.645569061871271
1 2167 -0.985334599314768
1 2168 -2.13213938034525
1 2175 1.56294008355216
1 2176 2.09810925109498
1 2177 0.437701440551677
1 2178 3.13325901921513
1 2180 -2.75546647118274
1 2214 0.450528829419994
1 2246 -0.865522613859198
1 2252 0.0224422947277674
1 2260 -0.2998314228212
1 2269 -0.215441983434587
1 2275 2.94669539634266
1 2278 -1.03302195970517
1 2282 -1.95806410471997
1 2285 -1.50977449285456
1 2287 -0.192825430103724
1 2292 0.636775851417141
1 2296 -2.32096885781051
1 2303 5.72247811516439
1 2312 3.3780209184626
1 2319 -2.2180973033809
1 2321 1.60087627216501
1 2323 -0.304914385301089
1 2218 1.16632562407008
1 2337 0.956147190255166
1 2236 -1.54597162673647
1 2340 0.745295989613027
1 2343 4.37424854603834
1 2239 2.00498511992795
1 2349 1.45736709543336
1 2351 -1.40266465970139
1 2353 -0.728930942796381
1 2355 -1.25804424863007
1 2356 2.86118160019838
1 2359 -0.333694442842187
1 2361 0.154743115459226
1 2362 0.0230648668349716
1 2363 1.47705760473454
1 2364 -0.194828499012658
1 2365 2.43738006305884
1 2366 1.66021029052928
1 2223 -0.513075842441253
1 2368 -3.11468062331359
1 2369 -1.04625412885571
1 2371 0.791666767820956
1 2374 -1.40089039729961
1 2375 1.61936746459109
1 2379 -2.05629169725738
1 2405 1.65706165005864
1 2409 1.34591020050712
1 2414 2.65580603702473
1 2417 1.94984197625482
1 2421 1.09837587262361
1 2431 -0.252345979374695
1 2432 -0.300717236023544
1 2447 0.489132147698314
1 2459 2.82824593122621
1 2460 0.622692879915732
1 2462 -8.54235001620943
1 2465 0.85072662506704
1 2475 -2.72124619816735
1 2479 -1.22411486996644
1 2488 2.04695413533683
1 2494 -0.173516920316501
1 2517 2.81329010910898
1 2523 -0.163565901384288
1 2532 -3.09585839977963
1 2534 0.431607673702175
1 2536 0.93354763874234
1 2540 2.93920144860992
1 2549 -0.609612171644883
1 2550 -1.18532364466989
1 2563 0.553488367297348
1 2569 2.10049853748872
1 2401 1.34564622519156
1 2571 -0.433979420601148
1 2572 0.653087497416294
1 2574 -2.08629857262909
1 2601 0.08533287822614
1 2605 -2.60360005260158
1 2606 -2.40212484844949
1 2607 -1.15995743136125
1 2610 -3.31548894245356
1 2611 0.731155660431909
1 2612 -1.24632276556262
1 2614 1.76423342788986
1 2617 -0.0383664921088638
1 2623 -2.45148836768284
1 2624 -1.30362065008396
1 2627 2.83075336893268
1 2631 0.396635738873258
1 2632 2.88831496991247
1 2635 -2.02765729112713
1 2637 3.28680493856452
1 2640 -0.409075097876283
1 2641 0.443939883224729
1 2644 -0.720887824989688
1 2647 0.97288830049655
1 2648 1.68071352393167
1 2649 -2.05910606624006
1 2650 1.38031197286487
1 2653 -0.58796904726546
1 2661 0.529913209701789
1 2666 6.32504909134221
1 2668 2.2459921554946
1 2669 -3.73252737826969
1 2671 -0.262899959543518
1 2674 0.832648013138368
1 2681 -1.51639001514674
1 2683 4.3481032013442
1 2597 -1.3475848055058
1 2685 -2.28172735341312
1 2688 2.60180903659449
1 2695 -2.555892551307
1 2697 -0.179895387302096
1 2699 -0.9629687364002
1 2700 -2.6150472236783
1 2703 -0.633564166175887
1 2706 -0.555714362735912
1 2707 -0.995319436077494
1 2709 3.9663045882112
1 2711 -0.177313588383569
1 2792 2.19089665456407
1 2800 -0.82928798673683
1 2804 0.78079300257572
1 2812 -0.339351995191848
1 2817 0.72159088199345
1 2819 -2.20818895619504
1 2829 3.04235338152887
1 2834 -1.06743516019338
1 2841 -3.90854481310764
1 2842 3.3964540950163
1 2843 3.83494290422894
1 2852 -7.39377715790859
1 2856 -3.42859401411926
1 2858 1.7681802548135
1 2860 1.87404312712371
1 2861 0.338422418925333
1 2873 -2.69188893746963
1 2880 -1.06942051611793
1 2882 -3.12320153316693
1 2884 0.388027760237293
1 2885 0.844217161128782
1 2892 0.17261845366211
1 2899 3.49086886754968
1 2903 1.37771160085843
1 2906 -0.905206444326211
1 2908 -0.966767967301223
1 2924 0.582237874408364
1 2925 -0.892791561651805
1 2931 0.448254826519772
1 2933 3.26898885072646
1 2941 0.499629924777153
1 2962 3.11639799616475
1 2964 -0.410195556749755
1 2968 3.19235786049452
1 2970 2.73892024794705
1 3024 1.23312308399635
1 3027 0.571269856529369
1 3033 0.0423372025405087
1 3061 0.524828127550322
1 3076 -1.86363748350421
1 3088 -0.977176070442454
1 3100 -1.58891525569032
1 3116 1.85258775713355
1 3121 2.90898718487658
1 3123 2.07369767178348
1 3129 -1.74455508431522
1 3140 0.545025777957505
1 3198 -4.6716759717403
1 3199 -2.23730647707283
1 3201 -0.714750366134368
1 3202 0.424864851132611
1 3203 0.798056738221362
1 3209 0.320733863006637
1 3221 3.15778040827996
1 3222 2.03295060567072
1 3223 0.617617922296461
1 3224 0.662705263236262
1 3227 -2.64214633949813
1 3229 0.281811151837701
1 3230 2.12138607298299
1 3234 -5.2881904139423
1 3236 -1.83796232483211
1 3237 -0.222541875379292
1 3242 0.76117182637833
1 3246 1.84805187077021
1 3250 -1.67502177609418
1 3253 -4.80538649545356
1 3255 -0.987431380061452
1 3259 -0.774972307370206
1 3260 0.504937609934103
1 3261 3.43909170986286
1 3262 -2.07342067326383
1 3263 4.65404598714061
1 3265 -2.30965507066013
1 3268 1.20194009675888
1 3270 1.24465186950984
1 3271 4.17509810560918
1 3272 -0.394833520704893
1 3275 -0.0958515050072606
1 3276 3.68312777804098
1 3278 -2.398544269583
1 3279 -0.886474201871096
1 3281 -0.560305636378573
1 3282 1.09534699433998
1 3286 0.615027948914829
1 3287 -0.519765935795419
1 3289 -0.594023418408199
1 3291 1.07593115145764
1 3292 -1.27186198275527
1 3295 0.725861609941092
1 3296 -0.0448893521268303
1 3300 -2.37435344222357
1 3301 -0.170345040820365
1 3306 -2.02466694090606
1 3308 -0.30288203654159
1 3310 0.0476357819563162
1 3314 0.577515816222814
1 3316 1.4964327739782
1 3318 3.88606094173269
1 3319 -0.938521376556892
1 3320 0.84709142554135
1 3324 -1.36967268245166
1 3325 -0.414342387745037
1 3327 1.15117394502866
1 3330 1.99640885220556
1 3333 -0.270411129791981
1 3336 -0.689434990771048
1 3341 -0.376156465196374
1 3343 0.842514316141106
1 3346 -3.29650360470112
1 3347 -0.628778230210685
1 3419 0.00686405352776376
1 3445 -2.21042056604847
1 3469 1.95474087727671
1 3471 3.25314494027008
1 3473 1.92883171099264
1 3477 -2.05728662744617
1 3478 -0.260134722225743
1 3524 -5.23861511341939
1 3538 2.46015264449306
1 3545 -2.46625300775146
1 3548 -0.653703194739194
1 3552 0.986746105747258
1 3555 -1.55321129058856
1 3556 0.948414396788593
1 3563 2.5069415705844
1 3567 2.29823586554784
1 3568 -4.31490088029464
1 3571 1.05638266514264
1 3577 0.200253957426185
1 3423 1.09865650437479
1 3581 -0.0627252904119047
1 3583 2.80056250954969
1 3593 3.85969109968811
1 3604 -1.89929553164238
1 3606 -3.55061851874406
1 3607 -0.789894290613148
1 3608 -2.60843423697123
1 3610 -0.988913580689072
1 3611 -2.40013979909506
1 3636 1.02675305280282
1 3641 0.0235241800407948
1 3651 1.33036074600507
1 3681 2.90600051355833
1 3692 -4.68690257689458
1 3700 -1.49374673077753
1 3704 0.825099932806111
1 3725 0.251824876436544
1 3734 0.375355134699674
1 3738 0.184026389100922
1 3748 -1.83073925503959
1 3759 1.26996773261111
1 3762 -1.61561976600912
1 3796 -1.14813346876042
1 3885 3.13896192043673
1 3945 -4.59516235475562
1 4004 -0.775911497305856
1 4008 3.08304747376367
1 4017 0.301502803088354
1 4129 1.90493517856379
1 4144 -0.445019937876438
1 4151 1.93424669521504
1 4155 1.21851416948839
1 4157 -2.47880095440662
1 4158 5.70838842382831
1 4159 3.43782959654777
1 4161 -0.0849093878810407
1 4164 1.80295223312825
1 4168 -3.50852762493344
1 4169 2.45820309147817
1 4170 1.75354282104796
1 4172 -3.99362679193609
1 4173 1.40563910042981
1 4175 -0.142417028303925
1 4176 1.22859910077705
1 4177 0.559688297537363
1 4183 -2.75169871414914
1 4184 1.12951992038413
1 4186 0.0552892223507939
1 4187 -1.51804789879419
1 4189 -3.6115808589294
1 4193 -1.94725395452329
1 4196 1.56015969420397
1 4197 -1.06904059888855
1 4198 -4.76978041616123
1 4200 3.45348939257636
1 4205 0.379056007856335
1 4206 1.17507368458305
1 4209 3.59027510696697
1 4210 -0.304238172955579
1 4212 1.50927373448147
1 4213 -0.730352735094499
1 4218 3.09192134742371
1 4219 0.525668398172186
1 4222 -0.515153333272465
1 4227 -2.63605567067222
1 4229 -1.97635700478303
1 4232 -3.57301335205064
1 4233 -5.99355281120373
1 4234 -0.244873401000248
1 4235 0.970910657682623
1 4238 0.650194746749435
1 4239 1.2835140654302
1 4240 0.839101706167696
1 4241 0.105705361307173
1 4242 0.481693223312575
1 4243 -2.55450335080172
1 4244 -0.00586956794865046
1 4245 -0.884419482545809
1 4246 -4.52615753847594
1 4249 -1.55682381165758
1 4251 -2.72856295973914
1 4256 2.02633363059647
1 4257 1.39922283344924
1 4258 1.52768942310595
1 4259 -1.26450283559124
1 4266 3.68487081726343
1 4312 1.50756935565478
1 4322 -1.50790746373427
1 4343 1.63954203556071
1 4346 -1.39684372661762
1 4353 1.37846758837998
1 4359 -1.61980929996669
1 4377 0.820216835189299
1 4378 3.01351511085424
1 4383 2.19388119587715
1 4385 4.00325892810066
1 4395 -2.85205540668045
1 4396 2.12892303116912
1 4398 4.25701625698973
1 4404 -0.32274843579556
1 4407 -1.29905484691777
1 4410 -7.43533486126412
1 4416 3.12453454160666
1 4420 -0.34495081187238
1 4454 1.43713724791951
1 4460 0.478185793102384
1 4465 -1.04366442374553
1 4466 0.747161903090387
1 4468 -4.61101939885128
1 4472 -0.895207763045534
1 4473 -0.936580624852724
1 4517 -0.26436961745091
1 4543 0.674238832297306
1 4575 -0.861370543215571
1 4628 -1.26435400191096
1 4635 2.04802534424812
1 4636 -1.71185514125705
1 4744 -3.45730815233294
1 4745 -1.46107751511026
1 5056 -0.746681755260738
1 5059 -0.3878324044462
1 5061 -0.454950452960517
1 5069 -0.69383024066272
1 5073 2.57591317508439
1 5075 -0.551682447441181
1 5076 2.91706112143632
1 5077 -0.352259593708908
1 5078 1.78922151148922
1 5080 -2.62109599288029
1 5083 -0.485990650279916
1 5084 1.63383921700712
1 5085 2.13170900382146
1 5087 2.24989250627755
1 5091 -1.66854591779243
1 5092 -3.63590262468379
1 5093 -1.20663218288942
1 5095 -0.41593273064862
1 5096 4.03454820198792
1 5097 2.2640752087856
1 5101 1.14656376809336
1 5103 -1.66768365303905
1 5105 1.13361945058298
1 5110 3.36185663223085
1 5111 0.305620859277568
1 5112 -0.801234003727245
1 5113 0.191152065671133
1 5114 -1.74018818718025
1 5116 -4.23568949075154
1 5120 -0.013164235341705
1 5122 -0.869572150447439
1 5124 -2.15118887249542
1 5127 -1.50107528633885
1 5129 -4.63053124848415
1 5130 3.86924806215112
1 5131 -4.61788544836452
1 5132 0.0166827670178407
1 5133 2.16825432370486
1 5135 -3.29547272382008
1 5138 -1.21793574252679
1 5142 -1.29683293957761
1 5144 -0.308179620523276
1 5145 -1.23321703322748
1 5148 4.05253958372974
1 5150 -0.613476049423667
1 5152 -2.88043432166297
1 5153 1.38792113752069
1 5156 1.01302865270631
1 5157 -0.405745517671718
1 5232 -1.21478719963061
1 5234 -0.467039333890938
1 5242 0.533438979170313
1 5244 -2.14289702205042
1 5247 -5.3723445202754
1 5248 0.157204573952754
1 5250 0.333283293868064
1 5326 -0.41321737510016
1 5403 -1.36503068692228
1 5420 5.09209818075988
1 5421 -2.10303040752969
1 5422 0.527339794416477
1 5427 -0.824385735944119
1 5428 0.691773177931282
1 5430 -0.0230033200941193
1 5433 1.01023888835616
1 5437 -0.846625301677022
1 5439 -1.11586465904298
1 5442 5.55250847573646
1 5443 -2.06549153697672
1 5444 0.0893061733239193
1 5447 0.772261951559074
1 5456 -3.32808540789216
1 5459 2.29149270576936
1 5466 -2.61591249589554
1 5468 -4.35770605930635
1 5469 -0.955060565338783
1 5480 1.53287245028227
1 5483 -0.25412860615333
1 5484 -1.87777659507815
1 5485 -4.3443981561976
1 5490 -1.71013633869195
1 5491 -3.18131769868327
1 5495 -3.99862685387697
1 5496 -0.762493386288241
1 5505 2.27314704793584
1 5506 -0.753804526074276
1 5510 -0.735002680130677
1 5513 0.420045001833529
1 5520 1.17421122621583
1 5525 0.387632597681986
1 5528 -0.468238227827214
1 5530 -2.7578489910961
1 5531 -1.11923514198114
1 5543 0.334708041737969
1 5544 -0.780418506903445
1 5547 2.0055509744094
1 5551 2.09143778348751
1 5562 0.707842595174256
1 5564 -2.20840639500946
1 5593 1.08167122616884
1 5594 1.48123459324776
1 5636 1.03894982592227
1 5662 -1.6207782816743
1 5683 2.23518548950875
1 5689 0.0196554890899705
1 5279 0.276624788078067
1 5704 1.7644340088717
1 5705 -0.801918646101541
1 5713 -1.07224354677503
1 5721 -0.109435245056218
1 5751 -0.583713419391842
1 5759 2.7672515260747
1 5762 0.564151144068092
1 5768 0.535811602762251
1 5891 -2.67973652841953
1 5917 0.258276040369751
1 5596 2.58990954923991
1 5589 3.0916717968973
1 6082 5.35103805751253
1 6084 -1.16727861555135
1 6086 -0.832331940669405
1 6088 0.505839797437332
1 6089 1.32150490092853
1 6099 2.61293519192205
1 6100 3.89155121954605
1 6102 1.95920534949255
1 6116 0.463554621722395
1 6118 0.465150011652639
1 6119 -2.12751112720778
1 6120 0.640835957105523
1 6125 -9.99753836663113
1 6127 -0.772512680554769
1 6136 0.536057908398675
1 6147 2.3275226041922
1 6150 0.891616863813894
1 6151 0.629201244176343
1 6159 -1.22201280967226
1 6164 3.15477083866161
1 6168 -3.70145641382955
1 6171 2.63219862178515
1 6176 -1.79196940795885
1 6182 -3.03185156987841
1 6186 -2.43460677508968
1 6189 -0.469931500792057
1 6193 1.5587356838149
1 6196 0.606337802683669
1 6278 -0.301613509264669
1 6280 -0.78657695439874
1 6281 1.9101230470707
1 6282 1.94110687319922
1 6283 0.99406722178432
1 6302 -1.52549080253667
1 6310 -2.57618024496408
1 6312 -1.87730633576
1 6322 -2.87027216768833
1 6325 0.63615155323393
1 6331 1.69769812244341
1 6332 0.226272326820194
1 6338 1.40839249451746
1 6342 -1.413251291988
1 6345 1.98131612382112
1 6348 -4.6542204984369
1 6354 -3.17969810515908
1 6362 -0.431138725528058
1 6365 1.41147732060254
1 6369 1.21056802554594
1 6408 1.1421511274274
1 6421 1.30242643743735
1 6425 2.05256918201259
1 6434 0.977511115393185
1 6435 0.262463593540204
1 6441 -4.80521896619895
1 6451 0.762198784317349
1 6452 1.03977058266203
1 6477 2.22230666305428
1 6479 1.77964272576122
1 6486 -0.379044377241286
1 6488 -1.09844984780217
1 6528 -2.73534398428068
1 6536 1.50623430766139
1 6557 2.1944310825458
1 6565 -1.4842122994163
1 6566 1.9390561070737
1 6567 3.19327030200073
1 6577 -0.257948512732966
1 6585 4.57970475499933
1 6591 -6.91987176993084
1 6605 -2.88003673055059
1 6608 1.84198216413634
1 6609 -3.49520065860659
1 6615 0.869495165187146
1 6616 0.943568047137802
1 6623 0.262812115640017
1 6625 -5.589528447966
1 6646 -1.19185584957762
1 6654 -4.43219855746442
1 6658 1.467164110608
1 6661 3.32532049045683
1 6666 3.37733870484368
1 6667 -0.611967632405339
1 6675 1.12629828751326
1 6678 -1.43188995164786
1 6679 1.34039742343889
1 6680 1.77500950803805
1 6682 0.285693817476357
1 6683 -0.509530928862446
1 6686 -2.81715881265045
1 6689 -0.786808334291294
1 6690 -0.551245960918152
1 6691 -0.105121412780363
1 6692 -0.15185102817189
1 6693 -1.48181092978426
1 6695 -2.58083842400588
1 6697 -3.52506171887768
1 6770 -2.02381296977418
1 7039 0.753634814825958
1 7696 1.7451064724897
1 7697 -3.34133019497875
1 7699 2.94369059693577
1 7700 2.40575136567801
1 7701 -0.0543508680505909
1 7703 -2.77526864777695
1 7704 0.764701120007501
1 7729 -1.64182427832701
1 7743 -1.23245468951043
1 7748 0.521954996385148
1 7749 -3.30987400623621
1 8240 -1.47009229988413
1 8265 -0.0509466317939058
1 8358 0.511186327220202
1 8362 -1.56860931560612
1 8365 -3.71848649468897
1 8471 -0.366680031933072
1 8473 1.95909663179653
1 3564 -1.04920388598482
1 3589 0.175370700637046
1 4051 -2.78818664944419
1 4068 -0.458779036701245
1 4103 3.06025507318785
1 4120 2.37981076695937
1 4121 0.385268272439319
1 4131 -1.85561105159431
1 4153 2.71352671705358
1 4156 1.90381259474702
1 4166 0.31859579565824
1 4211 -2.23755551592591
1 4216 0.957638345557939
1 4220 -0.169366561825314
1 4223 -0.992402181279147
1 4261 -3.01416219618942
1 4318 1.16605083657052
1 4321 -1.30280131191905
1 4361 -0.598512575916374
1 4399 -0.134155484440925
1 4459 -0.0407146741333548
1 4470 0.336134273456324
1 4546 2.09384676747651
1 4734 0.215927175945296
1 5063 1.88131545341935
1 5066 0.669568872106183
1 5089 4.27375869293434
1 5102 -2.99775909764317
1 5107 -0.245104011852675
1 5121 1.49608827845148
1 5246 -3.61528660754128
1 5387 2.14796614369519
1 5455 -0.43653139953345
1 5467 2.5325329757174
1 5552 2.81175609969097
1 5686 2.04680991772632
1 5692 -0.5087571343973
1 6471 1.95844315999778
1 6563 2.64047759868056
1 6583 -0.278806554540949
1 6598 -0.946689741999776
1 6620 1.34847576373896
1 6681 1.30029927686465
1 6694 -0.952590295625726
1 6859 2.29887754511697
1 6868 1.08025996959462
1 6907 2.51189893020043
1 6920 1.48887516132494
1 8710 -0.0955619887282353
1 8716 -0.477994560155338
1 8717 0.856485502517529
1 8718 2.79397936213948
1 8800 1.25919233088118
1 8754 0.822546451730943
1 8755 -1.36796631794887
1 8803 0.436108462368935
1 8734 1.01309270065185
1 8805 -2.31168293668387
1 8761 -1.16849849555233
1 8809 -0.404472806163469
1 2162 -0.313605050573926
1 8812 1.1831856716561
1 1663 -1.54448044039978
1 1769 5.40678274996601
1 1784 -6.40937435514678
1 1201 3.46741904628703
1 2966 0.945588434229677
1 3881 -0.79891701307649
1 1662 2.09588368803728
1 2262 -4.12058565721253
1 2645 -0.3454759753091
1 3488 -1.27081494081757
1 3954 1.06711076545655
1 2263 -0.0924411435418335
1 2324 0.609819068799197
1 2651 0.0305847409683366
1 3490 1.62951094908924
1 3573 -0.942549932600357
1 3968 0.957500033566561
1 2352 -0.830242443813489
1 2658 -0.728668556399484
1 3509 3.47346695305204
1 2354 0.635311629703878
1 1885 1.05213715399339
1 2271 1.748875857841
1 2358 -0.288783285596921
1 2686 0.851797238824091
1 2172 0.387818822390145
1 5604 -3.69070596252047
1 3439 -2.0255918278373
1 5606 -0.17306713516723
1 2602 -4.96190818676656
1 3442 0.608721932209335
1 3549 -2.98244866845145
1 8965 -5.47681673112609
1 5648 5.34814449892701
1 7349 -1.14551654813758
1 5652 -0.321588492430365
1 7144 -0.700101728553463
1 7351 1.25647277307101
1 7233 -1.39386575973258
1 5623 -2.81937015994242
1 7253 -0.72739314317397
1 7354 -1.64501956036203
1 5626 -1.56200622546037
1 5631 1.35984356133193
1 5678 1.58265031479245
1 5632 2.60531931808549
1 6701 0.0964639114557002
1 7325 -2.17717947748658
1 8999 3.36308478576392
1 9036 1.06501279668801
1 8992 -2.81276403567122
1 8984 -1.3556582484384
1 9250 -0.0652027449603878
1 9206 3.52912125510028
1 9741 1.52097460790415
1 9742 0.432283663475587
1 9800 -2.54678876274845
1 9768 -2.79096349843933
1 9757 -2.77215329215332
1 9747 -0.93898146800322
1 9793 2.59233272305276
1 9797 0.482506457481179
1 9809 -2.21914784271245
1 9834 -0.23157337637268
1 9870 0.881297767135038
1 9895 -1.7005405387951
1 9840 -3.49810942441101
1 9845 1.29617180765797
1 10077 0.608593980444738
1 2165 -0.763448794953632
1 5460 0.87294231998915
1 10149 -0.183131164758507
1 10159 1.21279750420052
1 3414 0.429636084435671
1 3420 -0.568084300598258
1 8866 -0.849250301476971
1 1094 -1.57420272531927
1 2360 -0.455659238606856
1 3428 1.75153514067647
1 5597 -3.20148393572551
1 2376 1.37600574745953
1 3431 -1.05284204680677
1 8868 1.03152241532013
1 2476 0.0682459772095143
1 3447 -1.04406805690581
1 8869 -2.36502510233484
1 10124 1.6284291175199
1 1821 1.91851735830542
1 2659 -0.627237197377809
1 3609 1.18936506702585
1 6588 3.64370166947602
1 8872 4.33448015832062
1 2680 1.11779951577839
1 3771 -2.77327301726872
1 8875 2.05833382475777
1 10155 1.2319461324343
1 2807 -1.11975206968253
1 7318 2.87510174073228
1 5094 0.567061727798645
1 10279 -5.27393943777972
1 10307 -0.848241389728102
1 11091 3.1935052464069
