1 7492 0.857724633818492
1 7261 -0.35422119897035
1 7262 -0.563711618405335
1 6893 -0.506881874132191
1 6688 -0.768458462411132
1 7232 3.51850131356687
1 7267 -0.193078407868796
1 7256 0.923512435283143
1 7710 1.67457552721299
1 6910 0.0139789468462084
1 7135 0.216870517645233
1 7173 2.85869437728431
1 7198 1.1773043758794
1 7139 -1.17123806475267
1 7140 1.57986724394114
1 7209 1.4638848650829
1 7245 0.560536453010286
1 7257 0.750192253641458
1 7063 0.389771257762447
1 7051 1.26815470081328
1 6653 0.323959285371387
1 7124 -1.42707401355919
1 7043 0.498550322075559
1 7068 0.213106874438921
1 7053 -0.49983471863267
1 7116 1.64671288604401
1 7050 -0.79949434651769
1 7596 -1.61205194734549
1 7476 0.717318993031753
1 7158 1.24727697488065
1 7171 -1.98983782142354
1 7107 4.14268565503281
1 7108 -0.340970835261658
1 7133 1.08702245220503
1 7109 2.05807037268869
1 7134 0.46588716476775
1 7146 -1.61909650478042
1 7472 0.582347417740763
1 7095 2.65921835992394
1 7070 -0.306804793602012
1 7056 -0.3690138121828
1 7069 1.02884596009778
1 7055 -0.109672453673767
1 7215 -1.03165519154328
1 7216 -2.25699935208678
1 7228 -2.46722869544706
1 7252 -2.50652817845271
1 7206 2.68485879237812
1 7046 -0.878542780008729
1 7071 0.24122221660231
1 7097 -0.206247794156923
1 6155 -0.975773048147644
1 6722 -0.373184507886762
1 7194 -2.01151405040241
1 7118 1.50290763486316
1 7156 0.455583719896921
1 7131 2.03075009029199
1 7174 -0.447078108778669
1 7687 1.04795748515532
1 7201 -5.2411194661895
1 7125 3.55586613908673
1 7202 -1.28330616846279
1 7455 -1.0753839064423
1 7155 0.242077842391907
1 6696 1.74035779142787
1 6831 0.39598281682251
1 6884 1.77578955188338
1 6860 1.09797209320891
1 6869 0.752739790670176
1 6892 0.611429587710887
1 6857 -2.5404627514401
1 6833 -2.06250573912894
1 6843 0.957943353573256
1 6886 -1.67504302587395
1 6851 0.466429740024708
1 6723 -1.83648991232354
1 6729 1.39393679033655
1 6715 -1.17691053019583
1 6927 1.47192042424201
1 6974 -0.448122424454652
1 6962 -1.59447245042503
1 6537 1.55083829499209
1 6713 -1.45983005461147
1 6841 1.13398107750606
1 6818 1.26132737920199
1 6888 -2.38769731465162
1 6719 -0.561719728439542
1 6718 1.67430146840172
1 6789 -0.440596929468924
1 6777 0.768559861685731
1 6776 0.785341432981667
1 6834 2.67618563246867
1 6730 0.0226893362031717
1 6795 -2.35280251925512
1 6717 -0.40944365458877
1 6797 -1.21649261206778
1 6803 0.247093446462173
1 6768 -0.34230008995803
1 6779 1.09197222613905
1 6941 -2.0390915294508
1 6929 -2.22958174507731
1 6928 -0.382224574636439
1 6916 -0.824686437140855
1 6904 -0.434253188940446
1 6909 -2.34370864408623
1 6979 -1.42552607202342
1 6933 0.287123799475012
1 6972 3.06191199467068
1 6938 1.59824908229189
1 6949 -1.24298252631844
1 6937 -2.70223082770924
1 6935 -0.709915503599291
1 6958 1.05782456510923
1 6923 1.04541395860696
1 6911 -0.191925400428886
1 6981 -0.934953270410134
1 6971 -2.9725815474708
1 6982 -0.689763899852267
1 6948 -1.35749480047505
1 6988 0.726424203132026
1 6930 -0.129900302934971
1 6838 0.698920925930992
1 6827 0.551067585301141
1 6849 1.93452683875304
1 6898 -1.52451118433487
1 1649 0.674077042839741
1 45 -2.46940401270807
1 577 -0.55577091396151
1 905 0.743406825088044
1 1073 1.06704022340161
1 1077 2.256027122353
1 1090 3.12629105432728
1 1098 1.42172013163444
1 1101 3.00944733593468
1 1104 1.38990400151279
1 1109 -2.01687354852564
1 1242 4.03723787605171
1 1244 -0.569143880263596
1 1251 0.79712944218916
1 1255 -1.83634570655092
1 1258 -1.4048753837555
1 1259 -0.670848932356606
1 1263 -1.32812193623489
1 1264 -3.17091169420482
1 1288 0.870404275798919
1 1660 -1.31160618479791
1 1666 -0.131034806061194
1 1741 0.0348025172379067
1 1820 3.23770776420847
1 1834 -0.590438897653726
1 1835 -0.283780149195579
1 1803 0.830335992135133
1 1876 -1.57208167045643
1 1877 1.64856553716044
1 1880 -2.11893593446412
1 1881 0.779422118394507
1 1883 -1.26816096086694
1 1884 -0.413380600361265
1 1887 0.507760054517362
1 1825 1.56198392425337
1 1890 -1.99898264670867
1 1891 0.126899323001382
1 1899 3.33522161562429
1 1960 -0.914337202919569
1 2067 1.30410591183512
1 2068 -0.626855623595347
1 2069 1.64967844508881
1 2070 2.27182929265615
1 2071 0.601794352801676
1 2072 0.791871596782215
1 2073 1.94990816735333
1 2074 -0.470392297816446
1 2075 0.240721063726056
1 2076 -0.635325274437292
1 2096 3.48716027748013
1 2097 -2.57313968812467
1 2099 -0.429104221408409
1 2106 1.28386292780932
1 2111 0.559678991655105
1 2115 3.93646474396657
1 2118 1.33639273067681
1 2123 0.167924678954904
1 2124 -0.801221757354909
1 2126 -1.29564859325578
1 2128 4.54567739490851
1 2132 -0.508517217136827
1 2133 -2.82814666902509
1 2135 0.85501784800735
1 2141 -1.28874488845192
1 2142 1.25480652815966
1 2143 -1.433561053674
1 2146 1.74994810920172
1 2154 0.301324602431208
1 2164 -1.1431445343915
1 2167 0.365992330824412
1 2168 -5.54961115919367
1 2175 0.830953232889641
1 2176 0.401027873752369
1 2177 1.19432162726827
1 2178 3.66629548127588
1 2180 -1.05644772426949
1 2214 -0.65465647389891
1 2246 -2.00385046678643
1 2252 0.282313948480024
1 2260 1.35021253114803
1 2269 2.17428360957717
1 2275 1.21325013999659
1 2278 0.110313759569962
1 2282 2.86735491349825
1 2285 -2.43215728296677
1 2287 -2.34287734085228
1 2292 2.22946124449183
1 2296 -2.45473510211954
1 2303 1.87701917174734
1 2312 1.29639731076654
1 2319 -1.30819357835225
1 2321 2.26836718746507
1 2323 1.22233649526913
1 2333 -3.88820630751412
1 2218 -1.73813528728243
1 2337 0.630167601257057
1 2236 0.972648980622267
1 2340 0.134917912364415
1 2343 2.21937973423471
1 2239 0.682284576057185
1 2349 -1.93333561489017
1 2351 -1.66762446153052
1 2353 -1.92624340082806
1 2355 -0.733228035757023
1 2356 2.18294719072
1 2359 -1.27950580080068
1 2361 0.68174511622135
1 2362 1.30597872061782
1 2363 0.17868907348614
1 2364 1.02359761864611
1 2365 1.28486118293706
1 2366 -0.115699624733466
1 2223 -1.31995717034488
1 2369 -0.166361664869001
1 2371 0.226361055943443
1 2374 0.424888907013894
1 2375 2.52374364322341
1 2379 0.774709805634629
1 2405 2.90670037527056
1 2409 0.262877564869754
1 2414 1.13812261451992
1 2417 0.45465777286968
1 2421 -0.235355248920015
1 2432 1.22143049561714
1 2447 1.32081309911267
1 2459 1.87371536042409
1 2460 0.439170682804928
1 2462 -2.95200626419529
1 2465 2.19323071785315
1 2475 -1.26125797135943
1 2488 0.525839603999913
1 2494 0.40005415612616
1 2517 0.487206404104256
1 2523 0.978902915514226
1 2532 -2.31439182571744
1 2534 1.10621114419989
1 2536 -0.783915034557992
1 2540 3.10934380693321
1 2549 -2.36813879523604
1 2550 0.138447533406762
1 2563 -1.1891476790959
1 2569 0.75571682068356
1 2401 -1.25643675127345
1 2571 0.167552028344289
1 2572 1.29014948982224
1 2574 0.452171943388109
1 2601 -1.88815499514835
1 2605 -1.15873111459237
1 2606 -2.01183795913791
1 2607 -0.628607111672835
1 2610 -0.0223994472460731
1 2611 0.366088902391894
1 2612 -0.135487217215129
1 2614 2.09619739742433
1 2617 0.660008796350681
1 2623 -3.88862232961804
1 2624 -1.79097328065014
1 2627 1.04399840650981
1 2631 0.504601514179285
1 2632 -1.45669544432846
1 2635 -0.911955661857377
1 2637 3.89283594109601
1 2640 -1.64315880039223
1 2641 2.4467811411819
1 2644 1.8649080536878
1 2647 1.16705443434979
1 2648 1.80979085870047
1 2649 -1.23236088824395
1 2650 2.98847888173295
1 2653 0.109767556959824
1 2661 1.1731821484595
1 2666 1.19632016561771
1 2668 0.812046442870908
1 2669 1.84185931818372
1 2671 0.268416476909806
1 2681 -1.83539426425672
1 2683 -1.54391808935611
1 2597 -1.65217080694842
1 2685 0.756222239638774
1 2695 -4.66615394160515
1 2697 -0.524469642761872
1 2699 -2.40251814739084
1 2700 -2.07671159697135
1 2703 -0.504315061465874
1 2706 -1.00422943385169
1 2707 -0.133018072149895
1 2709 -2.45589424675833
1 2711 -0.0135979988768895
1 2792 -1.12347153349772
1 2800 -0.673005904531607
1 2804 2.55412493377233
1 2812 0.347454446931607
1 2817 0.749077757033476
1 2819 -1.50058597112596
1 2829 0.460560977114582
1 2834 -2.35561534708336
1 2841 0.877567372353568
1 2842 1.59081334941965
1 2843 2.37858303597636
1 2852 -1.43862350969771
1 2856 -0.395738529811084
1 2858 -1.44041176699614
1 2860 0.0334098679681318
1 2861 -0.0477231859727283
1 2873 -1.3235702357883
1 2880 0.181337028074651
1 2882 -0.688178727261914
1 2884 1.04191983257077
1 2885 -1.31609615962935
1 2892 0.19817788070867
1 2899 -0.88653037724535
1 2903 -0.762382890811494
1 2906 4.33075002529266
1 2908 0.458487120910931
1 2924 -2.1881487029909
1 2925 0.361660304041393
1 2931 -0.698611602588883
1 2933 1.5176061141221
1 2941 1.03438073984346
1 2962 1.98824943983423
1 2964 0.279897787461735
1 2968 -0.508304252002773
1 2970 0.641146997955644
1 3024 -1.00270829325346
1 3027 2.76667168095298
1 3033 0.433335895488128
1 3061 3.31033942402861
1 3076 -3.50092569470684
1 3088 -1.06135262443213
1 3100 -0.985557158443982
1 3116 -0.352253565866704
1 3121 2.10225690947382
1 3123 -1.18392728817494
1 3129 -0.00837998277307861
1 3140 1.32823320720108
1 3199 -5.8433212586676
1 3201 0.301433145818834
1 3202 -0.0297691850614541
1 3209 -0.254743027173632
1 3221 -0.194719291263993
1 3222 -0.261352848502753
1 3223 1.14064955450347
1 3224 -1.8748280396541
1 3227 -0.0945410950948684
1 3229 1.95930253474398
1 3230 1.34198255576578
1 3234 -0.167007636036189
1 3236 0.451089374457638
1 3237 -0.760658630753596
1 3242 -1.74297123075799
1 3246 -0.19096051859762
1 3250 1.7974362955626
1 3253 1.54707675684389
1 3255 -1.89624508639788
1 3259 -1.67153014025639
1 3260 -1.17337165762743
1 3261 0.924098754738068
1 3262 -1.8430256984817
1 3263 2.57168097532688
1 3265 -2.14830552014914
1 3268 0.0987437644864571
1 3270 2.61001603326081
1 3271 1.43653378272137
1 3272 0.506224422460221
1 3275 -0.162476301897726
1 3276 -0.928757993766652
1 3278 -1.75647765911675
1 3279 1.79827127145067
1 3281 -0.553492794629236
1 3282 6.26425177677547
1 3287 -3.18448361472011
1 3289 -1.14007314098295
1 3291 0.175750443071294
1 3292 -1.53033182430283
1 3295 0.608238254931734
1 3296 0.33877223206359
1 3300 -1.74771619147359
1 3301 0.224575216195973
1 3306 -1.59285468267743
1 3308 -1.03587840990734
1 3310 0.197050006283334
1 3314 -0.133015849083634
1 3316 -0.137638112992377
1 3318 -0.590350569121426
1 3319 0.594985169867726
1 3320 0.471439229566769
1 3324 1.6955674155075
1 3325 1.47528984992449
1 3327 1.53137704823352
1 3330 0.742121679058911
1 3333 -0.140229289846658
1 3336 0.883413447571712
1 3341 -0.0217349355057195
1 3343 2.03566155186608
1 3346 -3.81314196971871
1 3347 -0.0597488935792256
1 3419 0.409151037308234
1 3445 -0.421378121422165
1 3469 -1.0853636422753
1 3471 1.27441412141887
1 3473 2.38562809832906
1 3477 0.268740305156868
1 3478 0.426606236137161
1 3524 -5.02978213506645
1 3538 -0.248663289970764
1 3545 0.0997675796090505
1 3548 1.8173116453832
1 3552 0.742466683999524
1 3555 -1.25314864818455
1 3556 -1.98546239522896
1 3563 -0.006180497757029
1 3567 2.51842844943612
1 3568 -1.99875944706905
1 3571 1.18665906992331
1 3577 -0.111922334896107
1 3423 -0.728378983939521
1 3581 0.587376993410146
1 3583 -0.766217533510812
1 3593 0.0861926580305266
1 3604 1.48840252122618
1 3606 -4.55905673424699
1 3607 0.440633092698434
1 3608 -0.018582626657107
1 3610 -0.127898099356926
1 3611 3.4711012133348
1 3636 -1.54766089919059
1 3641 -0.127812316078305
1 3681 1.75205875333518
1 3692 -1.65186021780301
1 3700 -0.706530126006101
1 3704 1.84334892960953
1 3725 1.03290385784713
1 3734 0.493970741772813
1 3738 0.0727958185681672
1 3748 -0.667249166305226
1 3759 1.82044315519633
1 3762 0.234648099911041
1 3796 -0.282275184958777
1 3885 0.518244042629433
1 3945 -0.20927030434207
1 4004 -0.45636016285151
1 4008 1.44146488106709
1 4017 -1.24034777675212
1 4129 1.76354435010811
1 4144 2.36854099217227
1 4151 -0.702341075538968
1 4155 0.664574490173692
1 4157 -0.858141539536845
1 4158 -0.0488914981608133
1 4159 -0.8797388957192
1 4161 -2.01551189954021
1 4164 0.633161351490472
1 4168 -3.33773521741767
1 4169 -0.157751672843091
1 4170 2.71915255393395
1 4172 -1.70367527974426
1 4173 1.33978435058235
1 4175 -1.60529687038107
1 4176 0.496712806529871
1 4177 2.04397780028263
1 4183 -0.265505460974566
1 4184 0.162638931141942
1 4186 -2.39922027902668
1 4187 -0.394717770141355
1 4189 0.898521314157151
1 4193 -1.6137854478628
1 4196 -0.648001951490983
1 4197 -1.95946168778273
1 4198 -4.39396768012905
1 4200 1.25387531965508
1 4205 -1.30474773821913
1 4206 -2.33369663299882
1 4209 2.23495707327773
1 4210 4.10074885278554
1 4212 1.2040196622834
1 4213 -2.10835352904719
1 4219 1.20826068373624
1 4227 2.40140280556376
1 4229 0.160059394857427
1 4232 2.0140541336289
1 4233 -0.82209075564802
1 4234 -1.26557774952481
1 4235 1.32937775891975
1 4238 0.543792072075547
1 4239 1.00480850335003
1 4240 -0.392727667123722
1 4241 -0.961875334908868
1 4242 1.12882150889591
1 4243 -1.35369889126159
1 4244 1.30740181702139
1 4245 -0.768219587124548
1 4246 -1.43172115978949
1 4249 -1.21364479913457
1 4251 -0.482540622102832
1 4256 -0.142076062502937
1 4257 1.69607068051057
1 4258 -0.178455798000087
1 4259 0.0354908328642978
1 4266 -0.903397639039383
1 4312 1.20646529466238
1 4322 -0.474010475348564
1 4343 1.80356513203465
1 4353 -4.88812642555089
1 4359 0.0699062181673185
1 4377 -1.1930348101495
1 4378 -0.918045429006
1 4383 -0.374252518515291
1 4385 -0.982911972199062
1 4395 -1.94853917644321
1 4396 2.42201122444786
1 4398 0.78823532844973
1 4404 0.57851261668219
1 4407 -2.58324272696012
1 4410 -0.451345836413338
1 4416 0.866496152919922
1 4420 2.76356143096812
1 4454 -1.56468709387468
1 4460 -0.0206909335386598
1 4465 0.0243923902851009
1 4466 -1.57136292057778
1 4468 -0.462060131149457
1 4472 -3.12252800788184
1 4473 -0.358264056725432
1 4517 0.220264643161158
1 4543 1.74352390284153
1 4575 -0.131662799732624
1 4628 0.369806377987771
1 4635 2.18969258165244
1 4636 0.693692245385904
1 4744 -3.76551456661237
1 4745 -2.27709813309215
1 5056 -1.03232941451211
1 5059 -2.5950606253851
1 5061 0.130356330569697
1 5069 1.34236516176665
1 5073 1.39501209297644
1 5076 0.585813964573077
1 5077 2.30792150217748
1 5078 -3.28207945229749
1 5080 0.362026622774522
1 5083 0.626204927841044
1 5084 -1.19823212973692
1 5085 0.855193916826352
1 5087 2.02501151980388
1 5091 0.631664391287799
1 5092 -0.83041045812223
1 5095 -0.0648045972500455
1 5096 1.33945553940796
1 5097 -1.27322666812663
1 5101 -1.72788418475869
1 5103 -3.92694450901222
1 5105 0.85104720335427
1 5110 3.28423404896311
1 5111 -1.57155197887836
1 5112 0.301248173760243
1 5113 0.0487140227626668
1 5114 0.18425532590453
1 5116 -2.76111821607813
1 5120 0.194403798940314
1 5122 -2.72850822700158
1 5124 -2.35912348603699
1 5127 -3.45566059896979
1 5129 -0.167219868911971
1 5130 0.268670811611898
1 5131 -2.50040595982527
1 5132 -1.19528862386963
1 5133 2.21789509391617
1 5135 0.537091428424844
1 5138 -0.435575805854526
1 5142 -0.688613046556441
1 5144 -2.06202643491737
1 5145 -0.698792382928829
1 5148 1.90760463559903
1 5150 0.723453281458745
1 5152 1.0720421674678
1 5153 -1.6219756918117
1 5156 0.0464155277391569
1 5157 -3.33771408869889
1 5232 -2.5073492989965
1 5234 0.0320920288184396
1 5242 -1.57098119044214
1 5244 -1.25946431882929
1 5247 0.544053645423986
1 5248 -6.05347148271613
1 5250 0.160316391830094
1 5326 1.17637830417227
1 5403 -1.74867207291273
1 5420 -0.161992491392795
1 5421 2.70836288079748
1 5422 1.8482963811293
1 5427 -0.335875010909746
1 5428 0.202380164737434
1 5430 1.58989203971315
1 5433 0.195958632502922
1 5437 0.918362953225724
1 5439 -0.911912209272344
1 5442 1.97771079282251
1 5443 -1.93737436161591
1 5444 0.620221063854984
1 5447 -1.66196634896596
1 5456 -0.822048412757155
1 5459 -1.91098405616961
1 5466 -2.5186055189685
1 5468 0.0474939775029242
1 5469 -0.753153934458766
1 5480 1.11245958857111
1 5483 -1.514678120163
1 5484 -3.23239554102382
1 5485 2.16952759903305
1 5490 0.0674932456078494
1 5491 -1.96806362620275
1 5495 -1.63016927539411
1 5496 2.17934125203297
1 5505 1.45376001186281
1 5506 -0.378968635310841
1 5510 2.26592010283822
1 5513 -1.08835245971051
1 5520 0.567053987218898
1 5525 1.29465643882561
1 5528 -1.91288263401934
1 5530 -4.33183481805597
1 5531 0.0818816226382069
1 5543 1.11147631123605
1 5544 -4.25113861865385
1 5547 -4.68623081071675
1 5551 2.1331696235025
1 5562 2.43382268351394
1 5564 -1.32307872113836
1 5593 0.0260127013169864
1 5594 -1.42626509846531
1 5636 2.0156311585355
1 5662 -1.26367393662721
1 5683 -0.761720695424287
1 5689 1.40923092200777
1 5279 0.167101269369383
1 5704 1.28445099300416
1 5705 -1.43930488452089
1 5713 -0.792020511128356
1 5721 1.94668642650971
1 5751 -1.92609618637164
1 5759 1.39887942872558
1 5762 2.58039996170473
1 5768 1.22271118467512
1 5891 -1.87497339553272
1 5917 0.667107521607605
1 5596 0.438871149017075
1 5589 -0.142225492601071
1 6082 1.92799366907563
1 6084 -1.20437483643201
1 6086 -1.35446532697797
1 6088 -3.65149881988148
1 6089 1.73393055589821
1 6099 -0.93077767085272
1 6100 0.606913850452685
1 6102 0.615994114271729
1 6116 0.642982426089389
1 6118 0.566584981659901
1 6119 -1.09666139135733
1 6120 1.92092639296023
1 6125 -0.170623759218515
1 6127 -0.711547465874673
1 6136 1.09189399917226
1 6147 -1.71244886859633
1 6150 0.592206301997066
1 6151 0.10466906699024
1 6159 2.76265714805344
1 6164 -1.38343584392378
1 6168 -2.43388836062437
1 6171 0.501667625148826
1 6176 0.627654437821391
1 6182 -0.0983216199784209
1 6186 -3.18733650662135
1 6189 -2.62738673554018
1 6193 1.10987187371522
1 6196 -1.20909552743092
1 6278 -0.145011054104032
1 6280 1.13767188081162
1 6281 2.5824277836153
1 6282 1.19835394773752
1 6283 0.972529518056533
1 6302 -1.13913758434069
1 6310 -0.824106966545429
1 6312 -0.854804146977912
1 6322 -2.56744079110429
1 6325 1.73535304756605
1 6331 1.37134687480089
1 6332 -0.944103078558967
1 6338 2.22053988233806
1 6342 1.7272075072776
1 6345 2.79158411297139
1 6348 -0.130685705224323
1 6354 0.118733087149408
1 6362 -0.994234342723757
1 6365 -2.09833992203303
1 6408 -0.05835914803788
1 6421 2.0312891260951
1 6425 1.24800618781926
1 6434 1.42050147151197
1 6435 0.669811476880525
1 6441 -2.25753082253539
1 6451 -1.1655572098191
1 6452 1.21007287431306
1 6477 -1.15414796203289
1 6479 -0.48258963735546
1 6486 2.33749919400627
1 6488 -1.80957373729657
1 6528 -0.495626958888252
1 6536 -3.51100669612043
1 6557 2.11906640778972
1 6565 1.62628535265503
1 6566 0.495469333114954
1 6567 -1.50469042391185
1 6577 0.553180595381406
1 6585 0.728221867337155
1 6591 -1.96882196566251
1 6605 -0.973047327739494
1 6608 0.0595852262298848
1 6609 -2.34703102201534
1 6615 0.636914270290092
1 6616 0.698251049617099
1 6623 0.286516013992781
1 6625 -1.0275695482605
1 6646 0.333411073276707
1 6654 -1.91526700724027
1 6658 1.19027139827993
1 6661 1.39609513709259
1 6666 -0.678329295577328
1 6667 -0.876314992995134
1 6675 1.98314373729117
1 6678 -0.199432618305622
1 6679 3.38437406624163
1 6680 0.945864933953189
1 6682 -0.912287600381589
1 6683 1.65389577405604
1 6686 -0.719173497610797
1 6689 1.09799948378091
1 6690 -1.53016191232869
1 6691 0.906429730671732
1 6692 -4.61299878640985
1 6693 0.819483722722623
1 6695 -0.671872616543155
1 6697 0.158599816615805
1 6770 -0.818277120496774
1 7039 2.12797724576525
1 7696 2.19338703333621
1 7697 -4.09389807010471
1 7699 2.07753260625591
1 7700 3.71996843157207
1 7701 -2.73033054303575
1 7703 -0.103301609541546
1 7704 -1.22923827765179
1 7729 -1.37794445911997
1 7743 -1.02709881644215
1 7748 -2.63628453388273
1 7749 -1.19197287735072
1 8240 0.33028801811102
1 8265 -0.836490490154077
1 8358 -1.06619055953408
1 8362 2.02365862992436
1 8365 -2.45004782007001
1 8471 0.456174837352776
1 8473 -0.558382737609975
1 3564 0.126944850001919
1 3589 0.102684592081573
1 4051 -2.93740783761481
1 4068 -0.393730215976703
1 4103 2.20193171519513
1 4120 0.872156924901503
1 4121 1.62213656402541
1 4131 -0.0815639832493105
1 4153 1.02804536070104
1 4156 -1.61546132199273
1 4166 0.66238167260363
1 4211 -0.0939923268226579
1 4216 0.220666490797782
1 4220 -1.95673853126277
1 4223 1.65311277982268
1 4261 -0.87391480232445
1 4318 -0.873896527405762
1 4321 -0.229417386600232
1 4361 1.49463830316007
1 4399 2.70858371124723
1 4459 0.709966035155531
1 4470 0.870095786245841
1 4546 1.02553002493761
1 4734 -0.992817527958465
1 5063 -0.164855524006384
1 5089 0.83088262710011
1 5102 1.23551232381676
1 5107 -1.91620981358298
1 5121 2.23505541364766
1 5246 -1.97080199447703
1 5387 -0.692629711432019
1 5455 -0.827942138157184
1 5467 3.59118761930364
1 5552 1.47224925675252
1 5686 -0.433540020905966
1 5692 -0.399076563669567
1 6471 -1.16396191186649
1 6563 2.43453542286125
1 6583 1.572611268938
1 6598 0.792208679285082
1 6620 0.258552305983798
1 6681 0.186242141691892
1 6694 -3.85293037797086
1 6859 2.11575215702823
1 6868 1.26971393542605
1 6907 2.17616075844977
1 6920 2.2863284865014
1 8710 0.707825572001639
1 8716 0.29577184007448
1 8717 -0.895280793721284
1 8718 1.73583351214789
1 8800 0.757254189363934
1 8754 0.0120730507293274
1 8755 1.1159449009829
1 8803 0.0449672132694303
1 8734 1.13823291101066
1 8805 -1.70704891796304
1 8761 -0.819697095635689
1 8809 -0.85332735311377
1 2162 0.898961711246272
1 8812 -0.991587365289149
1 1663 0.328994833120191
1 1769 2.90276731154853
1 1784 -4.22841151626857
1 2966 2.15056322343045
1 3881 1.98055963564829
1 1662 -0.971849608562493
1 2645 0.707934614044092
1 3488 0.692307335558226
1 3954 1.12215680131793
1 2263 0.489650143981891
1 2324 0.577338351854294
1 2651 0.0871375989758576
1 3490 0.185570199668234
1 3573 0.913268792299704
1 3968 0.560934792569739
1 2352 -1.01607862349709
1 2658 1.48260836178194
1 2354 -0.550925707302099
1 2271 -0.662498580856123
1 2358 2.76193602983325
1 2686 -0.17386499345335
1 2172 0.406887493787124
1 5604 0.322226643604751
1 3439 -1.32468217565737
1 5606 -0.0967015946814485
1 2602 -2.25689831815346
1 3442 0.965496073342891
1 3549 -0.65163855089564
1 8965 -4.46862573023611
1 5648 1.82315673285038
1 7349 -0.213393653715556
1 5652 0.310154801217493
1 7144 -0.4795737720587
1 7351 2.23334817322019
1 7233 0.526953805511681
1 5623 1.16825156673963
1 7253 -2.19651490079487
1 7354 -1.40239598916789
1 5626 -2.35399668676826
1 5631 -1.23569423612145
1 5678 3.58561247643112
1 5632 3.18208149575106
1 6701 -0.588690418696785
1 7325 1.7965966987591
1 8999 3.73837542654999
1 9036 1.78073245265382
1 8992 -1.46269755552341
1 8984 -1.4687547794227
1 9250 -0.42274777757747
1 9206 0.592089327359588
1 9741 -1.53246256259786
1 9742 -1.57730797410207
1 9800 0.66785764213644
1 9768 -1.84134220478279
1 9757 -0.86633391382108
1 9747 0.591322131326308
1 9793 1.62852731613113
1 9797 -3.19604364451544
1 9809 -0.600943057717132
1 9834 -0.0205175803254605
1 9870 3.27712315729573
1 9895 -0.767109078000644
1 9840 -1.76762039451773
1 9845 0.300234540455392
1 10077 0.865876471916565
1 2165 -0.429133068042773
1 5460 -0.136242160776689
1 10149 -4.14328875394808
1 10159 0.929888721209551
1 3414 -0.213605173860145
1 3420 -0.463628680855209
1 8866 -1.81526719754082
1 1094 -0.969919707925612
1 2360 -0.702006115747324
1 3428 1.18688694021965
1 5597 -1.49562775654016
1 2376 0.7223354768565
1 3431 0.0590966909299198
1 8868 1.80765307189654
1 2476 0.853737227716792
1 3447 -1.09855420818769
1 8869 0.835326284942312
1 10124 1.26124809281369
1 1821 1.92779058948496
1 2659 0.912250014695644
1 6588 0.397296364364252
1 8872 3.31443147338801
1 2680 1.48325862326695
1 3771 -1.62746160152236
1 8875 2.05592111851709
1 10155 2.71893434347348
1 2807 -1.07830588595534
1 7318 -0.327448225214852
1 5094 -0.547365211807772
1 10279 0.0508995301761956
1 10307 1.1533920999244
1 11091 -1.81398313151084
