1 45 2
1 577 1
1 905 1
1 1073 1
1 1077 1
1 1090 1
1 1094 1
1 1098 1
1 1101 1
1 1104 1
1 1109 1
1 1242 1
1 1244 1
1 1251 1
1 1255 1
1 1258 1
1 1259 1
1 1263 1
1 1264 1
1 1288 1
1 1649 1
1 1660 1
1 1662 1
1 1663 1
1 1666 1
1 1741 1
1 1769 1
1 1784 1
1 1803 2
1 1820 1
1 1821 1
1 1825 1
1 1834 1
1 1835 1
1 1876 1
1 1877 1
1 1880 1
1 1881 2
1 1883 2
1 1884 2
1 1887 1
1 1890 2
1 1891 1
1 1899 1
1 1960 2
1 2067 1
1 2068 1
1 2069 1
1 2070 1
1 2071 1
1 2072 1
1 2073 1
1 2074 1
1 2075 1
1 2076 1
1 2096 2
1 2097 1
1 2099 2
1 2106 2
1 2111 2
1 2115 2
1 2118 2
1 2123 2
1 2124 2
1 2126 2
1 2128 1
1 2132 2
1 2133 2
1 2135 2
1 2141 2
1 2142 2
1 2143 1
1 2146 1
1 2154 1
1 2162 2
1 2164 1
1 2165 1
1 2167 1
1 2168 1
1 2172 1
1 2175 1
1 2176 1
1 2177 1
1 2178 1
1 2180 1
1 2214 1
1 2218 1
1 2223 1
1 2236 1
1 2239 2
1 2246 2
1 2252 1
1 2260 1
1 2263 2
1 2269 2
1 2271 2
1 2275 1
1 2278 1
1 2282 2
1 2285 2
1 2287 2
1 2292 1
1 2296 2
1 2303 2
1 2312 2
1 2319 1
1 2321 2
1 2323 1
1 2324 2
1 2333 2
1 2337 1
1 2340 1
1 2343 1
1 2349 1
1 2351 1
1 2352 2
1 2353 1
1 2354 2
1 2355 1
1 2356 1
1 2358 1
1 2359 1
1 2360 1
1 2361 1
1 2362 1
1 2363 1
1 2364 1
1 2365 1
1 2366 1
1 2369 1
1 2371 1
1 2374 1
1 2375 1
1 2376 1
1 2379 1
1 2401 1
1 2405 2
1 2409 1
1 2414 1
1 2417 1
1 2421 1
1 2432 2
1 2447 1
1 2459 2
1 2460 1
1 2462 1
1 2465 1
1 2475 1
1 2476 1
1 2488 2
1 2494 2
1 2517 2
1 2523 1
1 2532 1
1 2534 1
1 2536 1
1 2540 2
1 2549 1
1 2550 2
1 2563 2
1 2569 1
1 2571 1
1 2572 1
1 2574 2
1 2597 1
1 2601 1
1 2602 2
1 2605 2
1 2606 2
1 2607 1
1 2610 1
1 2611 1
1 2612 1
1 2614 2
1 2617 1
1 2623 1
1 2624 2
1 2627 1
1 2631 1
1 2632 1
1 2635 2
1 2637 1
1 2640 1
1 2641 1
1 2644 1
1 2645 2
1 2647 1
1 2648 2
1 2649 2
1 2650 2
1 2651 1
1 2653 1
1 2658 1
1 2659 1
1 2661 2
1 2666 1
1 2668 1
1 2669 2
1 2671 1
1 2680 2
1 2681 2
1 2683 1
1 2685 2
1 2686 1
1 2695 1
1 2697 1
1 2699 1
1 2700 2
1 2703 1
1 2706 1
1 2707 1
1 2709 2
1 2711 2
1 2792 1
1 2800 1
1 2804 1
1 2807 1
1 2812 2
1 2817 2
1 2819 1
1 2829 1
1 2834 1
1 2841 1
1 2842 1
1 2843 1
1 2852 2
1 2856 2
1 2858 2
1 2860 1
1 2861 1
1 2873 1
1 2880 2
1 2882 1
1 2884 2
1 2885 1
1 2892 1
1 2899 1
1 2903 1
1 2906 1
1 2908 1
1 2924 2
1 2925 1
1 2931 1
1 2933 2
1 2941 1
1 2962 2
1 2964 1
1 2966 1
1 2968 2
1 2970 2
1 3024 1
1 3027 1
1 3033 1
1 3061 2
1 3076 1
1 3088 1
1 3100 1
1 3116 1
1 3121 1
1 3123 1
1 3129 1
1 3140 1
1 3199 1
1 3201 1
1 3202 1
1 3209 1
1 3221 1
1 3222 1
1 3223 1
1 3224 1
1 3227 2
1 3229 1
1 3230 2
1 3234 1
1 3236 1
1 3237 1
1 3242 1
1 3246 2
1 3250 1
1 3253 2
1 3255 1
1 3259 1
1 3260 1
1 3261 2
1 3262 2
1 3263 1
1 3265 1
1 3268 1
1 3270 2
1 3271 2
1 3272 1
1 3275 1
1 3276 1
1 3278 2
1 3279 1
1 3281 2
1 3282 1
1 3287 2
1 3289 1
1 3291 1
1 3292 2
1 3295 2
1 3296 2
1 3300 1
1 3301 1
1 3306 2
1 3308 2
1 3310 2
1 3314 1
1 3316 1
1 3318 2
1 3319 1
1 3320 2
1 3324 1
1 3325 2
1 3327 2
1 3330 1
1 3333 2
1 3336 2
1 3341 2
1 3343 2
1 3346 2
1 3347 2
1 3414 1
1 3419 2
1 3420 1
1 3423 2
1 3428 1
1 3431 1
1 3439 2
1 3442 2
1 3445 1
1 3447 2
1 3469 1
1 3471 1
1 3473 1
1 3477 2
1 3478 1
1 3488 1
1 3490 1
1 3524 1
1 3538 1
1 3545 2
1 3548 1
1 3549 2
1 3552 1
1 3555 2
1 3556 2
1 3563 1
1 3564 1
1 3567 1
1 3568 2
1 3571 1
1 3573 2
1 3577 1
1 3581 2
1 3583 1
1 3589 1
1 3593 2
1 3604 2
1 3606 1
1 3607 1
1 3608 2
1 3610 2
1 3611 2
1 3636 1
1 3641 1
1 3681 1
1 3692 1
1 3700 2
1 3704 1
1 3725 1
1 3734 1
1 3738 1
1 3748 1
1 3759 1
1 3762 1
1 3771 1
1 3796 1
1 3881 1
1 3885 1
1 3945 1
1 3954 1
1 3968 1
1 4004 1
1 4008 1
1 4017 1
1 4051 1
1 4068 1
1 4103 1
1 4120 1
1 4121 1
1 4129 2
1 4131 2
1 4144 2
1 4151 1
1 4153 1
1 4155 1
1 4156 2
1 4157 1
1 4158 1
1 4159 2
1 4161 1
1 4164 2
1 4166 1
1 4168 2
1 4169 1
1 4170 1
1 4172 2
1 4173 2
1 4175 2
1 4176 2
1 4177 2
1 4183 1
1 4184 1
1 4186 2
1 4187 1
1 4189 2
1 4193 1
1 4196 2
1 4197 2
1 4198 1
1 4200 2
1 4205 2
1 4206 2
1 4209 2
1 4210 2
1 4211 2
1 4212 1
1 4213 2
1 4216 2
1 4219 1
1 4220 1
1 4223 1
1 4227 1
1 4229 2
1 4232 1
1 4233 2
1 4234 2
1 4235 2
1 4238 1
1 4239 1
1 4240 1
1 4241 1
1 4242 1
1 4243 1
1 4244 1
1 4245 1
1 4246 1
1 4249 2
1 4251 2
1 4256 1
1 4257 1
1 4258 1
1 4259 1
1 4261 1
1 4266 1
1 4312 1
1 4318 2
1 4321 1
1 4322 1
1 4343 2
1 4353 2
1 4359 1
1 4361 1
1 4377 1
1 4378 1
1 4383 2
1 4385 1
1 4395 1
1 4396 1
1 4398 1
1 4399 1
1 4404 1
1 4407 1
1 4410 1
1 4416 1
1 4420 1
1 4454 1
1 4459 1
1 4460 1
1 4465 1
1 4466 2
1 4468 1
1 4470 1
1 4472 1
1 4473 1
1 4517 1
1 4543 2
1 4546 2
1 4575 1
1 4628 1
1 4635 1
1 4636 1
1 4734 1
1 4744 2
1 4745 2
1 5056 2
1 5059 2
1 5061 1
1 5063 1
1 5069 2
1 5073 1
1 5076 1
1 5077 2
1 5078 1
1 5080 2
1 5083 2
1 5084 1
1 5085 2
1 5087 2
1 5089 1
1 5091 2
1 5092 2
1 5094 1
1 5095 1
1 5096 2
1 5097 2
1 5101 1
1 5102 2
1 5103 1
1 5105 2
1 5107 1
1 5110 1
1 5111 1
1 5112 1
1 5113 2
1 5114 2
1 5116 2
1 5120 1
1 5121 1
1 5122 1
1 5124 2
1 5127 1
1 5129 2
1 5130 1
1 5131 1
1 5132 2
1 5133 1
1 5135 1
1 5138 2
1 5142 2
1 5144 1
1 5145 2
1 5148 1
1 5150 1
1 5152 1
1 5153 2
1 5156 2
1 5157 2
1 5232 1
1 5234 2
1 5242 1
1 5244 1
1 5246 2
1 5247 2
1 5248 1
1 5250 1
1 5279 2
1 5326 1
1 5387 2
1 5403 2
1 5420 2
1 5421 1
1 5422 2
1 5427 1
1 5428 1
1 5430 1
1 5433 1
1 5437 2
1 5439 1
1 5442 2
1 5443 1
1 5444 1
1 5447 1
1 5455 1
1 5456 1
1 5459 1
1 5460 1
1 5466 1
1 5467 2
1 5468 2
1 5469 1
1 5480 2
1 5483 1
1 5484 2
1 5485 1
1 5490 1
1 5491 1
1 5495 1
1 5496 1
1 5505 1
1 5506 1
1 5510 1
1 5513 2
1 5520 1
1 5525 1
1 5528 1
1 5530 1
1 5531 1
1 5543 1
1 5544 2
1 5547 1
1 5551 2
1 5552 1
1 5562 1
1 5564 2
1 5589 1
1 5593 1
1 5594 1
1 5596 1
1 5597 1
1 5604 1
1 5606 1
1 5623 2
1 5626 1
1 5631 1
1 5632 1
1 5636 2
1 5648 1
1 5652 1
1 5662 1
1 5678 2
1 5683 2
1 5686 2
1 5689 2
1 5692 2
1 5704 2
1 5705 2
1 5713 2
1 5721 2
1 5751 1
1 5759 1
1 5762 1
1 5768 2
1 5891 1
1 5917 1
1 6082 1
1 6084 1
1 6086 1
1 6088 2
1 6089 1
1 6099 1
1 6100 1
1 6102 2
1 6116 2
1 6118 1
1 6119 2
1 6120 1
1 6125 1
1 6127 1
1 6136 1
1 6147 1
1 6150 1
1 6151 1
1 6155 1
1 6159 1
1 6164 1
1 6168 1
1 6171 1
1 6176 1
1 6182 1
1 6186 1
1 6189 1
1 6193 1
1 6196 1
1 6278 2
1 6280 2
1 6281 2
1 6282 2
1 6283 2
1 6302 2
1 6310 2
1 6312 2
1 6322 2
1 6325 2
1 6331 1
1 6332 2
1 6338 1
1 6342 1
1 6345 2
1 6348 1
1 6354 1
1 6362 1
1 6365 1
1 6408 1
1 6421 1
1 6425 1
1 6434 2
1 6435 1
1 6441 1
1 6451 2
1 6452 1
1 6471 2
1 6477 2
1 6479 2
1 6486 2
1 6488 1
1 6528 1
1 6536 2
1 6537 1
1 6557 2
1 6563 2
1 6565 2
1 6566 2
1 6567 2
1 6577 2
1 6583 1
1 6585 1
1 6588 1
1 6591 2
1 6598 1
1 6605 1
1 6608 1
1 6609 1
1 6615 1
1 6616 2
1 6620 2
1 6623 2
1 6625 1
1 6646 1
1 6653 2
1 6654 1
1 6658 2
1 6661 2
1 6666 1
1 6667 2
1 6675 2
1 6678 1
1 6679 1
1 6680 1
1 6681 1
1 6682 1
1 6683 1
1 6686 2
1 6688 1
1 6689 2
1 6690 1
1 6691 1
1 6692 1
1 6693 2
1 6694 2
1 6695 1
1 6696 2
1 6697 1
1 6701 2
1 6713 1
1 6715 1
1 6717 1
1 6718 1
1 6719 2
1 6722 2
1 6723 1
1 6729 2
1 6730 1
1 6768 1
1 6770 1
1 6776 1
1 6777 1
1 6779 1
1 6789 2
1 6795 2
1 6797 2
1 6803 2
1 6818 2
1 6827 1
1 6831 1
1 6833 1
1 6834 1
1 6838 1
1 6841 1
1 6843 2
1 6849 2
1 6851 1
1 6857 1
1 6859 1
1 6860 1
1 6868 2
1 6869 2
1 6884 2
1 6886 2
1 6888 2
1 6892 1
1 6893 2
1 6898 2
1 6904 1
1 6907 1
1 6909 1
1 6910 1
1 6911 1
1 6916 1
1 6920 1
1 6923 2
1 6927 1
1 6928 1
1 6929 1
1 6930 1
1 6933 2
1 6935 2
1 6937 1
1 6938 1
1 6941 2
1 6948 1
1 6949 2
1 6958 1
1 6962 1
1 6971 1
1 6972 1
1 6974 1
1 6979 1
1 6981 2
1 6982 1
1 6988 1
1 7039 1
1 7043 1
1 7046 1
1 7050 2
1 7051 1
1 7053 1
1 7055 1
1 7056 1
1 7063 1
1 7068 1
1 7069 2
1 7070 2
1 7071 1
1 7095 2
1 7097 2
1 7107 2
1 7108 1
1 7109 1
1 7116 1
1 7118 1
1 7124 1
1 7125 2
1 7131 1
1 7133 1
1 7134 2
1 7135 2
1 7139 2
1 7140 1
1 7144 1
1 7146 1
1 7155 1
1 7156 2
1 7158 2
1 7171 1
1 7173 2
1 7174 2
1 7194 1
1 7198 1
1 7201 1
1 7202 1
1 7206 1
1 7209 2
1 7215 1
1 7216 2
1 7228 1
1 7232 1
1 7233 2
1 7245 1
1 7252 1
1 7253 1
1 7256 2
1 7257 1
1 7261 1
1 7262 1
1 7267 1
1 7318 1
1 7325 2
1 7349 2
1 7351 2
1 7354 2
1 7455 1
1 7472 1
1 7476 1
1 7492 2
1 7596 1
1 7687 1
1 7696 2
1 7697 2
1 7699 2
1 7700 1
1 7701 2
1 7703 2
1 7704 2
1 7710 1
1 7729 2
1 7743 2
1 7748 2
1 7749 2
1 8240 1
1 8265 1
1 8358 1
1 8362 1
1 8365 1
1 8471 1
1 8473 1
1 8710 2
1 8716 1
1 8717 1
1 8718 1
1 8734 1
1 8754 2
1 8755 2
1 8761 2
1 8800 1
1 8803 2
1 8805 2
1 8809 2
1 8812 1
1 8866 2
1 8868 2
1 8869 2
1 8872 2
1 8875 2
1 8965 1
1 8984 2
1 8992 2
1 8999 2
1 9036 1
1 9206 2
1 9250 2
1 9741 2
1 9742 2
1 9747 2
1 9757 2
1 9768 1
1 9793 1
1 9797 1
1 9800 2
1 9809 2
1 9834 1
1 9840 2
1 9845 1
1 9870 1
1 9895 1
1 10077 2
1 10124 2
1 10149 2
1 10155 2
1 10159 2
1 10279 2
1 10307 2
1 11091 2
