1 45 74.9000015258789
1 577 78.379997253418
1 905 86.1999969482422
1 1073 86.5699996948242
1 1077 89.5599975585938
1 1090 87.5800018310547
1 1094 79.2099990844727
1 1098 83.7399978637695
1 1101 87.0699996948242
1 1104 83.1100006103516
1 1109 80.7200012207031
1 1242 89.2099990844727
1 1244 82.1100006103516
1 1251 82.4000015258789
1 1255 81.9300003051758
1 1258 78.9700012207031
1 1259 81.8499984741211
1 1263 77.0299987792969
1 1264 71.7399978637695
1 1288 82.879997253418
1 1649 84.4899978637695
1 1660 78.0199966430664
1 1662 81.4599990844727
1 1663 84.3000030517578
1 1666 84.0500030517578
1 1741 86.4899978637695
1 1769 87.5999984741211
1 1784 71.7099990844727
1 1803 79.0400009155273
1 1820 89.8899993896484
1 1821 83.5800018310547
1 1825 84.0500030517578
1 1834 79.4700012207031
1 1835 77.7200012207031
1 1876 79.5299987792969
1 1877 84.0999984741211
1 1880 77.5100021362305
1 1881 81.5100021362305
1 1883 80.2099990844727
1 1884 80.8300018310547
1 1887 81.9300003051758
1 1890 82.2399978637695
1 1891 84.379997253418
1 1899 85.629997253418
1 1960 81
1 2067 87.0999984741211
1 2068 81
1 2069 85.9000015258789
1 2070 86.9300003051758
1 2071 83.2200012207031
1 2072 82.1699981689453
1 2073 83.629997253418
1 2074 80.0100021362305
1 2075 83.5
1 2076 80.8399963378906
1 2096 92.1100006103516
1 2097 74.1399993896484
1 2099 78.2600021362305
1 2106 88.8499984741211
1 2111 83.8600006103516
1 2115 92.5800018310547
1 2118 86.5899963378906
1 2123 84.6500015258789
1 2124 83.4800033569336
1 2126 81.75
1 2128 88.3399963378906
1 2132 86.2200012207031
1 2133 77.0299987792969
1 2135 83.1399993896484
1 2141 78.6100006103516
1 2142 89.120002746582
1 2143 76.6999969482422
1 2146 82.8099975585938
1 2154 79.8199996948242
1 2162 87.7900009155273
1 2164 73.4800033569336
1 2165 81.0999984741211
1 2167 81.4100036621094
1 2168 69.1800003051758
1 2172 83.1999969482422
1 2175 79.3099975585938
1 2176 83.9700012207031
1 2177 83.2099990844727
1 2178 87.2799987792969
1 2180 75.9899978637695
1 2214 80.4499969482422
1 2218 78.5500030517578
1 2223 76.9499969482422
1 2236 89.7200012207031
1 2239 84
1 2246 82.3199996948242
1 2252 80.8899993896484
1 2260 85.5699996948242
1 2263 85.7600021362305
1 2269 88.1399993896484
1 2271 80.8399963378906
1 2275 86.1800003051758
1 2278 83.7300033569336
1 2282 81.0699996948242
1 2285 79.9700012207031
1 2287 78.25
1 2292 81.2799987792969
1 2296 77.3899993896484
1 2303 86.0299987792969
1 2312 83.870002746582
1 2319 77.379997253418
1 2321 88.0100021362305
1 2323 82.8499984741211
1 2324 82.2799987792969
1 2333 73.75
1 2337 80.8899993896484
1 2340 83.0199966430664
1 2343 86.9800033569336
1 2349 76.2300033569336
1 2351 74.9199981689453
1 2352 80.6800003051758
1 2353 75.8099975585938
1 2354 83.4800033569336
1 2355 77.0599975585938
1 2356 86.6900024414062
1 2358 87.0800018310547
1 2359 80.4300003051758
1 2360 80.5
1 2361 81.9599990844727
1 2362 80.8000030517578
1 2363 78.3899993896484
1 2364 80.8000030517578
1 2365 82.2600021362305
1 2366 78.7099990844727
1 2369 77.9899978637695
1 2371 78.9100036621094
1 2374 81.7099990844727
1 2375 81.5999984741211
1 2376 77.0800018310547
1 2379 83.5
1 2401 79.5
1 2405 88.1999969482422
1 2409 79.6800003051758
1 2414 83.3499984741211
1 2417 85.8300018310547
1 2421 80.7099990844727
1 2432 86
1 2447 86.8199996948242
1 2459 90.8300018310547
1 2460 79.5
1 2462 75.6100006103516
1 2465 81.25
1 2475 81.5699996948242
1 2476 78.0800018310547
1 2488 82.6900024414062
1 2494 85.6900024414062
1 2517 83.5800018310547
1 2523 82.6699981689453
1 2532 75.379997253418
1 2534 79.879997253418
1 2536 77.9800033569336
1 2540 87.4899978637695
1 2549 78.6999969482422
1 2550 84.4700012207031
1 2563 78.9199981689453
1 2569 83.7399978637695
1 2571 82.4700012207031
1 2572 85.120002746582
1 2574 80.5999984741211
1 2597 72.5199966430664
1 2601 76.4100036621094
1 2602 77.5800018310547
1 2605 82.8000030517578
1 2606 79.3199996948242
1 2607 77
1 2610 80.2099990844727
1 2611 84.8399963378906
1 2612 81.6900024414062
1 2614 87.5599975585938
1 2617 81.7799987792969
1 2623 69.6500015258789
1 2624 77.870002746582
1 2627 83.5500030517578
1 2631 79
1 2632 76.620002746582
1 2635 77.6600036621094
1 2637 90.8600006103516
1 2640 75.7099990844727
1 2641 83.7699966430664
1 2644 82.4000015258789
1 2645 86.5999984741211
1 2647 84.5500030517578
1 2648 87.6900024414062
1 2649 83.0999984741211
1 2650 90.2900009155273
1 2651 78.8499984741211
1 2653 81.4000015258789
1 2658 80.9499969482422
1 2659 83.8499984741211
1 2661 86.3600006103516
1 2666 83.2699966430664
1 2668 83.1999969482422
1 2669 83.8399963378906
1 2671 81.8300018310547
1 2680 84.75
1 2681 77.870002746582
1 2683 79.3000030517578
1 2685 84.0800018310547
1 2686 82.6999969482422
1 2695 71.4499969482422
1 2697 73.5500030517578
1 2699 80.4199981689453
1 2700 79.1900024414062
1 2703 82.5
1 2706 80.4199981689453
1 2707 83.1800003051758
1 2709 80.7099990844727
1 2711 82.2600021362305
1 2792 81.0299987792969
1 2800 81.1999969482422
1 2804 85
1 2807 80.2900009155273
1 2812 84.1100006103516
1 2817 81.5800018310547
1 2819 78.7799987792969
1 2829 81.75
1 2834 72.9899978637695
1 2841 83.1500015258789
1 2842 86.8300018310547
1 2843 91.4499969482422
1 2852 79.4400024414062
1 2856 80.6699981689453
1 2858 83.8399963378906
1 2860 73.3099975585938
1 2861 84.0999984741211
1 2873 77.5
1 2880 79.9100036621094
1 2882 77.8399963378906
1 2884 85.5
1 2885 77.1399993896484
1 2892 80.3499984741211
1 2899 78.0299987792969
1 2903 79.9000015258789
1 2906 89.1999969482422
1 2908 83.0800018310547
1 2924 77.3000030517578
1 2925 80.5
1 2931 79.6999969482422
1 2933 82.0100021362305
1 2941 80.8000030517578
1 2962 89.0500030517578
1 2964 85
1 2966 84.3399963378906
1 2968 80.3899993896484
1 2970 84.4499969482422
1 3024 76.4899978637695
1 3027 89.8899993896484
1 3033 80.4400024414062
1 3061 87.4400024414062
1 3076 69.879997253418
1 3088 75.9000015258789
1 3100 79.6900024414062
1 3116 76.9800033569336
1 3121 83.8000030517578
1 3123 75.4899978637695
1 3129 80.8000030517578
1 3140 82.120002746582
1 3199 69.8499984741211
1 3201 81.870002746582
1 3202 80.120002746582
1 3209 81.3300018310547
1 3221 82.4499969482422
1 3222 78.6999969482422
1 3223 84.4100036621094
1 3224 76.5500030517578
1 3227 80.6999969482422
1 3229 79.6699981689453
1 3230 88.9199981689453
1 3234 78.0999984741211
1 3236 79.370002746582
1 3237 79.7600021362305
1 3242 75.4700012207031
1 3246 80.4000015258789
1 3250 84.6500015258789
1 3253 88.8499984741211
1 3255 79.4800033569336
1 3259 84.8099975585938
1 3260 78.6999969482422
1 3261 84.8399963378906
1 3262 80.4700012207031
1 3263 91.6699981689453
1 3265 78.0800018310547
1 3268 82.5
1 3270 88.3499984741211
1 3271 88.5500030517578
1 3272 80.0100021362305
1 3275 82.9700012207031
1 3276 78.1399993896484
1 3278 80.7200012207031
1 3279 84.9700012207031
1 3281 83.3000030517578
1 3282 92.7699966430664
1 3287 71.7699966430664
1 3289 78.2799987792969
1 3291 83.5
1 3292 78.1500015258789
1 3295 83.3600006103516
1 3296 84.8499984741211
1 3300 80.6999969482422
1 3301 82.8499984741211
1 3306 77.6999969482422
1 3308 81.4700012207031
1 3310 78.75
1 3314 83.6500015258789
1 3316 79.0999984741211
1 3318 85.25
1 3319 81.6100006103516
1 3320 84.4300003051758
1 3324 81.6500015258789
1 3325 84.6699981689453
1 3327 85.8499984741211
1 3330 81.4000015258789
1 3333 82.370002746582
1 3336 87.7699966430664
1 3341 80.9000015258789
1 3343 86.0299987792969
1 3346 77
1 3347 82.5100021362305
1 3414 76.3000030517578
1 3419 85.25
1 3420 80.1399993896484
1 3423 81.2699966430664
1 3428 83.8499984741211
1 3431 83.6800003051758
1 3439 77.7900009155273
1 3442 84.6500015258789
1 3445 76.7799987792969
1 3447 80.1999969482422
1 3469 76.8499984741211
1 3471 77.6999969482422
1 3473 85.5500030517578
1 3477 83.0999984741211
1 3478 82.3499984741211
1 3488 79.5100021362305
1 3490 84.3399963378906
1 3524 72.7900009155273
1 3538 84.2799987792969
1 3545 86.4300003051758
1 3548 82.9499969482422
1 3549 84.0999984741211
1 3552 77.6699981689453
1 3555 81.4199981689453
1 3556 79.8000030517578
1 3563 80.3000030517578
1 3564 82.2099990844727
1 3567 84.7399978637695
1 3568 77.7799987792969
1 3571 81.6800003051758
1 3573 84.6699981689453
1 3577 77.9800033569336
1 3581 83.2900009155273
1 3583 77.8300018310547
1 3589 82.8899993896484
1 3593 84.6500015258789
1 3604 83.129997253418
1 3606 70.8600006103516
1 3607 82.5299987792969
1 3608 83.7699966430664
1 3610 84.7699966430664
1 3611 89.2900009155273
1 3636 81.5800018310547
1 3641 79.6999969482422
1 3681 86.8499984741211
1 3692 77.4100036621094
1 3700 85.4499969482422
1 3704 88.4000015258789
1 3725 82.6800003051758
1 3734 84.5100021362305
1 3738 77.4800033569336
1 3748 79.3199996948242
1 3759 80.620002746582
1 3762 79.3899993896484
1 3771 76.4499969482422
1 3796 79.8000030517578
1 3881 85.2600021362305
1 3885 78.4100036621094
1 3945 73.0299987792969
1 3954 83.1999969482422
1 3968 80.5500030517578
1 4004 79.9800033569336
1 4008 82.4199981689453
1 4017 78.3499984741211
1 4051 75.8300018310547
1 4068 77.2399978637695
1 4103 85.7900009155273
1 4120 79.5999984741211
1 4121 86.6900024414062
1 4129 83.2900009155273
1 4131 81.2099990844727
1 4144 88.0999984741211
1 4151 76.9000015258789
1 4153 81.4499969482422
1 4155 80.5699996948242
1 4156 80.4300003051758
1 4157 77.6800003051758
1 4158 78.5999984741211
1 4159 81.5
1 4161 77.0699996948242
1 4164 83.9000015258789
1 4166 79.2699966430664
1 4168 78.5
1 4169 79.4899978637695
1 4170 85.6900024414062
1 4172 79.5999984741211
1 4173 87.1500015258789
1 4175 77.8000030517578
1 4176 85.1999969482422
1 4177 88.25
1 4183 78.4000015258789
1 4184 83
1 4186 77.8000030517578
1 4187 79.8499984741211
1 4189 81.6999969482422
1 4193 79.2200012207031
1 4196 80.5999984741211
1 4197 77.6500015258789
1 4198 70
1 4200 83.9100036621094
1 4205 76.6500015258789
1 4206 74.2600021362305
1 4209 84.75
1 4210 90.6999969482422
1 4211 83.4000015258789
1 4212 82.5
1 4213 74.4000015258789
1 4216 79.3000030517578
1 4219 84.8199996948242
1 4220 74.6500015258789
1 4223 80.2900009155273
1 4227 84.6999969482422
1 4229 84.6500015258789
1 4232 83.5500030517578
1 4233 80.5
1 4234 79.5999984741211
1 4235 84.3399963378906
1 4238 83.5299987792969
1 4239 81.8499984741211
1 4240 76.6500015258789
1 4241 79.6100006103516
1 4242 80.620002746582
1 4243 80.5500030517578
1 4244 81.6999969482422
1 4245 79.8499984741211
1 4246 78.6999969482422
1 4249 79.6500015258789
1 4251 80.5800018310547
1 4256 81.1500015258789
1 4257 83.4100036621094
1 4258 76.6800003051758
1 4259 79.4599990844727
1 4261 76.75
1 4266 79.5
1 4312 79.6500015258789
1 4318 81.3499984741211
1 4321 79.4000015258789
1 4322 82.9499969482422
1 4343 88.7699966430664
1 4353 75.0899963378906
1 4359 83.8600006103516
1 4361 82.4899978637695
1 4377 80.0699996948242
1 4378 76.0400009155273
1 4383 83.870002746582
1 4385 79.5599975585938
1 4395 78.2099990844727
1 4396 83.3300018310547
1 4398 81.0199966430664
1 4399 82.5899963378906
1 4404 81.5100021362305
1 4407 76.9599990844727
1 4410 79.4300003051758
1 4416 82.7099990844727
1 4420 87.1699981689453
1 4454 76.4400024414062
1 4459 85
1 4460 82.4199981689453
1 4465 83.7699966430664
1 4466 81
1 4468 81.3199996948242
1 4470 80.5
1 4472 75.5
1 4473 78.870002746582
1 4517 84.6399993896484
1 4543 86.1999969482422
1 4546 86
1 4575 81.2300033569336
1 4628 82.7900009155273
1 4635 86.0400009155273
1 4636 85.6500015258789
1 4734 78.5899963378906
1 4744 72.9000015258789
1 4745 77.1999969482422
1 5056 79.3300018310547
1 5059 79.8099975585938
1 5061 78.0999984741211
1 5063 81.0599975585938
1 5069 83.7200012207031
1 5073 79
1 5076 82.1699981689453
1 5077 84.1800003051758
1 5078 68.9199981689453
1 5080 82.2300033569336
1 5083 80.8000030517578
1 5084 82.0299987792969
1 5085 80.8600006103516
1 5087 85.7799987792969
1 5089 84.5699996948242
1 5091 81.870002746582
1 5092 85.7699966430664
1 5094 80.7200012207031
1 5095 80.6999969482422
1 5096 82.8199996948242
1 5097 81.129997253418
1 5101 76.6500015258789
1 5102 85.8099975585938
1 5103 75.9599990844727
1 5105 80.8399963378906
1 5107 75
1 5110 84.4599990844727
1 5111 74.5100021362305
1 5112 79.8300018310547
1 5113 85.3099975585938
1 5114 84.8899993896484
1 5116 76.6900024414062
1 5120 76.0699996948242
1 5121 84.25
1 5122 75.2900009155273
1 5124 75.879997253418
1 5127 72.8899993896484
1 5129 83.370002746582
1 5130 81.879997253418
1 5131 74.1999969482422
1 5132 82.8899993896484
1 5133 84.0400009155273
1 5135 78.0999984741211
1 5138 83.9599990844727
1 5142 81.25
1 5144 74.1800003051758
1 5145 80.4100036621094
1 5148 81.2600021362305
1 5150 80.3600006103516
1 5152 84.7600021362305
1 5153 81.4300003051758
1 5156 83.1600036621094
1 5157 72.9899978637695
1 5232 76.3300018310547
1 5234 83.1500015258789
1 5242 74.6600036621094
1 5244 76.0400009155273
1 5246 80.0400009155273
1 5247 84.2699966430664
1 5248 68.120002746582
1 5250 81.25
1 5279 84.5299987792969
1 5326 84.0199966430664
1 5387 81.1600036621094
1 5403 77.379997253418
1 5420 83.4899978637695
1 5421 88.3499984741211
1 5422 85.4899978637695
1 5427 80.4700012207031
1 5428 81.2099990844727
1 5430 80.0899963378906
1 5433 79.7099990844727
1 5437 85.1999969482422
1 5439 84.5699996948242
1 5442 83.8099975585938
1 5443 80.4599990844727
1 5444 83.5999984741211
1 5447 80.6600036621094
1 5455 80.4199981689453
1 5456 77.4499969482422
1 5459 74.8499984741211
1 5460 81.3399963378906
1 5466 76.7799987792969
1 5467 87.5899963378906
1 5468 84.379997253418
1 5469 80.9599990844727
1 5480 83.0500030517578
1 5483 72.4199981689453
1 5484 75.8899993896484
1 5485 81.6800003051758
1 5490 77.8899993896484
1 5491 76.4000015258789
1 5495 76.8600006103516
1 5496 83
1 5505 80.4499969482422
1 5506 80.9000015258789
1 5510 86.879997253418
1 5513 84.3399963378906
1 5520 80.9000015258789
1 5525 85.2799987792969
1 5528 81.5400009155273
1 5530 68.8199996948242
1 5531 80.1900024414062
1 5543 84.2600021362305
1 5544 76.7600021362305
1 5547 72.7200012207031
1 5551 90.3099975585938
1 5552 84.4300003051758
1 5562 85.6500015258789
1 5564 78.0599975585938
1 5589 77.3899993896484
1 5593 79.8099975585938
1 5594 79.75
1 5596 82.9000015258789
1 5597 72.879997253418
1 5604 82.8099975585938
1 5606 83.8899993896484
1 5623 90.0899963378906
1 5626 74.5
1 5631 71.1600036621094
1 5632 83.3399963378906
1 5636 81.9499969482422
1 5648 83.0800018310547
1 5652 82.8600006103516
1 5662 77.4499969482422
1 5678 88.7600021362305
1 5683 82.6399993896484
1 5686 81.2399978637695
1 5689 82.9899978637695
1 5692 79.129997253418
1 5704 84
1 5705 83.2300033569336
1 5713 82.2200012207031
1 5721 83.7600021362305
1 5751 75.4700012207031
1 5759 85.9100036621094
1 5762 88.8099975585938
1 5768 87.7200012207031
1 5891 80.1500015258789
1 5917 82.3099975585938
1 6082 81.9000015258789
1 6084 76.5100021362305
1 6086 74.5400009155273
1 6088 74.3499984741211
1 6089 83.5400009155273
1 6099 78.9199981689453
1 6100 86.7099990844727
1 6102 87.5599975585938
1 6116 85.9499969482422
1 6118 75.4499969482422
1 6119 82.8899993896484
1 6120 82.4899978637695
1 6125 82.0800018310547
1 6127 78.2300033569336
1 6136 82.7600021362305
1 6147 79
1 6150 81.8600006103516
1 6151 80.2200012207031
1 6155 76.9300003051758
1 6159 87.0400009155273
1 6164 77.120002746582
1 6168 72.879997253418
1 6171 85.2399978637695
1 6176 79.3899993896484
1 6182 82.4300003051758
1 6186 74.9100036621094
1 6189 75.9100036621094
1 6193 83.8000030517578
1 6196 78.0699996948242
1 6278 81.9199981689453
1 6280 83.5800018310547
1 6281 88.8199996948242
1 6282 83.1100006103516
1 6283 84.7300033569336
1 6302 86.3199996948242
1 6310 84.2900009155273
1 6312 79.3899993896484
1 6322 77.1100006103516
1 6325 87.8199996948242
1 6331 82.0599975585938
1 6332 79.9700012207031
1 6338 83.120002746582
1 6342 84.5800018310547
1 6345 89.4499969482422
1 6348 77.9100036621094
1 6354 83.5100021362305
1 6362 83.25
1 6365 79.2699966430664
1 6408 75.9800033569336
1 6421 84.2600021362305
1 6425 81.1100006103516
1 6434 86.4000015258789
1 6435 83.5500030517578
1 6441 76.3199996948242
1 6451 80.9000015258789
1 6452 83.879997253418
1 6471 78.5599975585938
1 6477 81.8199996948242
1 6479 86.379997253418
1 6486 92.0400009155273
1 6488 73.5899963378906
1 6528 81.2399978637695
1 6536 75.8300018310547
1 6537 84.6699981689453
1 6557 87.9499969482422
1 6563 87.3199996948242
1 6565 88.620002746582
1 6566 83.0999984741211
1 6567 78.3300018310547
1 6577 82.3300018310547
1 6583 85.9300003051758
1 6585 83.9499969482422
1 6588 79.370002746582
1 6591 80.7699966430664
1 6598 82.3899993896484
1 6605 82.1699981689453
1 6608 79.4800033569336
1 6609 76.75
1 6615 77.9100036621094
1 6616 84.1900024414062
1 6620 84.2799987792969
1 6623 86.4700012207031
1 6625 77.9100036621094
1 6646 77.2200012207031
1 6653 84.129997253418
1 6654 77.7200012207031
1 6658 83.9300003051758
1 6661 88.9400024414062
1 6666 76.8899993896484
1 6667 84.1600036621094
1 6675 84.9000015258789
1 6678 80.2200012207031
1 6679 84.0199966430664
1 6680 83.5199966430664
1 6681 79.8300018310547
1 6682 79.5100021362305
1 6683 83.6600036621094
1 6686 81.9700012207031
1 6688 77.4499969482422
1 6689 86.6900024414062
1 6690 75.379997253418
1 6691 80.2900009155273
1 6692 70.4899978637695
1 6693 81.1600036621094
1 6694 78.1699981689453
1 6695 77.1900024414062
1 6696 85.629997253418
1 6697 76.8899993896484
1 6701 81.7799987792969
1 6713 77.3899993896484
1 6715 80.120002746582
1 6717 80.8499984741211
1 6718 85.7300033569336
1 6719 82.629997253418
1 6722 80.1999969482422
1 6723 77.0199966430664
1 6729 87.5699996948242
1 6730 79.7799987792969
1 6768 82.6999969482422
1 6770 81.8399963378906
1 6776 83.3000030517578
1 6777 84.0800018310547
1 6779 84.5400009155273
1 6789 84.75
1 6795 78.6399993896484
1 6797 81.9899978637695
1 6803 81.9300003051758
1 6818 87.0500030517578
1 6827 82.0800018310547
1 6831 80.9599990844727
1 6833 77.3499984741211
1 6834 88.370002746582
1 6838 83.4199981689453
1 6841 80.0400009155273
1 6843 85.0599975585938
1 6849 82.129997253418
1 6851 82.5500030517578
1 6857 77.6699981689453
1 6859 88.4599990844727
1 6860 84.7900009155273
1 6868 84.6500015258789
1 6869 80.1699981689453
1 6884 86.1100006103516
1 6886 81.1999969482422
1 6888 76
1 6892 81.4800033569336
1 6893 82.0500030517578
1 6898 77.620002746582
1 6904 82.8499984741211
1 6907 86.3099975585938
1 6909 76.2699966430664
1 6910 80.7900009155273
1 6911 79.9199981689453
1 6916 76.8899993896484
1 6920 85.2900009155273
1 6923 87.870002746582
1 6927 81.0999984741211
1 6928 79.4000015258789
1 6929 75.7099990844727
1 6930 82.2099990844727
1 6933 86.1699981689453
1 6935 82.1999969482422
1 6937 78.3600006103516
1 6938 85.7600021362305
1 6941 79.2300033569336
1 6948 77.75
1 6949 82.25
1 6958 86.5500030517578
1 6962 76.7200012207031
1 6971 72.9800033569336
1 6972 85.8199996948242
1 6974 80.7099990844727
1 6979 76.9599990844727
1 6981 83.2399978637695
1 6982 78.5100021362305
1 6988 81.9300003051758
1 7039 89.3000030517578
1 7043 80.0100021362305
1 7046 78.6100006103516
1 7050 80.2300033569336
1 7051 79.0299987792969
1 7053 80.8899993896484
1 7055 84.6500015258789
1 7056 80.6600036621094
1 7063 83.0299987792969
1 7068 80.6100006103516
1 7069 84.870002746582
1 7070 79.6100006103516
1 7071 81.1100006103516
1 7095 91.629997253418
1 7097 81.6900024414062
1 7107 88.3000030517578
1 7108 78.3600006103516
1 7109 85.5
1 7116 85.25
1 7118 83.0100021362305
1 7124 79.9100036621094
1 7125 89
1 7131 87.0899963378906
1 7133 87.0899963378906
1 7134 82.1100006103516
1 7135 81.8399963378906
1 7139 81.8399963378906
1 7140 81.7900009155273
1 7144 80.6100006103516
1 7146 75.7399978637695
1 7155 82.120002746582
1 7156 84.5400009155273
1 7158 85.1500015258789
1 7171 77.5400009155273
1 7173 89.1100006103516
1 7174 79.7900009155273
1 7194 73.2699966430664
1 7198 83.5100021362305
1 7201 67.5500030517578
1 7202 77.4100036621094
1 7206 85.7799987792969
1 7209 83.1500015258789
1 7215 76.5999984741211
1 7216 79.0199966430664
1 7228 75.4199981689453
1 7232 87.879997253418
1 7233 85.629997253418
1 7245 81.0599975585938
1 7252 77.629997253418
1 7253 74.5400009155273
1 7256 87.7300033569336
1 7257 80.4400024414062
1 7261 80.6100006103516
1 7262 76.8600006103516
1 7267 81.370002746582
1 7318 79.1800003051758
1 7325 87.8300018310547
1 7349 81.5
1 7351 90.370002746582
1 7354 80.5500030517578
1 7455 75.6600036621094
1 7472 77.7900009155273
1 7476 82.7699966430664
1 7492 83.0100021362305
1 7596 77.3499984741211
1 7687 80.1999969482422
1 7696 89.0800018310547
1 7697 74.0800018310547
1 7699 90.4400024414062
1 7700 87.4899978637695
1 7701 74.1100006103516
1 7703 82.620002746582
1 7704 81.5699996948242
1 7710 84.3600006103516
1 7729 81.5199966430664
1 7743 80.7699966430664
1 7748 77.0100021362305
1 7749 81.3899993896484
1 8240 82.75
1 8265 77.4100036621094
1 8358 81.2200012207031
1 8362 84.120002746582
1 8365 74.9000015258789
1 8471 82.5199966430664
1 8473 78.8499984741211
1 8710 82.620002746582
1 8716 84.1100006103516
1 8717 80.6399993896484
1 8718 84.4300003051758
1 8734 81.7099990844727
1 8754 83.5299987792969
1 8755 88.7200012207031
1 8761 83.1699981689453
1 8800 82.1800003051758
1 8803 81.0899963378906
1 8805 76.75
1 8809 80.3499984741211
1 8812 78.6699981689453
1 8866 78.8199996948242
1 8868 88.6100006103516
1 8869 82.3600006103516
1 8872 93.1600036621094
1 8875 88.4300003051758
1 8965 69.7099990844727
1 8984 75.75
1 8992 79.1699981689453
1 8999 93.9300003051758
1 9036 85.8899993896484
1 9206 81.75
1 9250 84.0699996948242
1 9741 78.7699966430664
1 9742 81.2200012207031
1 9747 86.2799987792969
1 9757 82.1900024414062
1 9768 78.2399978637695
1 9793 84.3399963378906
1 9797 74.1600036621094
1 9800 83.5400009155273
1 9809 87.0699996948242
1 9834 81.8600006103516
1 9840 79.379997253418
1 9845 80.6600036621094
1 9870 88.7200012207031
1 9895 81.1900024414062
1 10077 84.8600006103516
1 10124 87.5299987792969
1 10149 72.8899993896484
1 10155 88.120002746582
1 10159 85.7799987792969
1 10279 82.5899963378906
1 10307 86.7799987792969
1 11091 78.0899963378906
