FID IID BirthYear
1 45 1992
1 577 1980
1 905 1982
1 1073 1983
1 1077 1983
1 1090 1983
1 1094 1983
1 1098 1983
1 1101 1983
1 1104 1983
1 1109 1983
1 1242 1984
1 1244 1984
1 1251 1984
1 1255 1984
1 1258 1984
1 1259 1984
1 1263 1984
1 1264 1984
1 1288 1984
1 1649 1986
1 1660 1986
1 1662 1986
1 1663 1986
1 1666 1986
1 1741 1987
1 1769 1987
1 1784 1987
1 1803 1987
1 1820 1987
1 1821 1987
1 1825 1987
1 1834 1987
1 1835 1987
1 1876 1987
1 1877 1987
1 1880 1987
1 1881 1987
1 1883 1987
1 1884 1987
1 1887 1987
1 1890 1987
1 1891 1987
1 1899 1987
1 1960 1988
1 2067 1988
1 2068 1988
1 2069 1988
1 2070 1988
1 2071 1988
1 2072 1988
1 2073 1988
1 2074 1988
1 2075 1988
1 2076 1988
1 2096 1989
1 2097 1989
1 2099 1989
1 2106 1989
1 2111 1989
1 2115 1989
1 2118 1989
1 2123 1989
1 2124 1989
1 2126 1989
1 2128 1989
1 2132 1989
1 2133 1989
1 2135 1989
1 2141 1989
1 2142 1989
1 2143 1989
1 2146 1989
1 2154 1989
1 2162 1989
1 2164 1989
1 2165 1989
1 2167 1989
1 2168 1989
1 2172 1989
1 2175 1989
1 2176 1989
1 2177 1989
1 2178 1989
1 2180 1989
1 2214 1989
1 2218 1990
1 2223 1990
1 2236 1990
1 2239 1990
1 2246 1990
1 2252 1990
1 2260 1990
1 2263 1990
1 2269 1990
1 2271 1990
1 2275 1990
1 2278 1990
1 2282 1990
1 2285 1990
1 2287 1990
1 2292 1990
1 2296 1990
1 2303 1990
1 2312 1990
1 2319 1990
1 2321 1990
1 2323 1990
1 2324 1990
1 2333 1990
1 2337 1990
1 2340 1990
1 2343 1990
1 2349 1990
1 2351 1990
1 2352 1990
1 2353 1990
1 2354 1990
1 2355 1990
1 2356 1990
1 2358 1990
1 2359 1990
1 2360 1990
1 2361 1990
1 2362 1990
1 2363 1990
1 2364 1990
1 2365 1990
1 2366 1990
1 2369 1990
1 2371 1990
1 2374 1990
1 2375 1990
1 2376 1990
1 2379 1990
1 2401 1991
1 2405 1991
1 2409 1991
1 2414 1991
1 2417 1991
1 2421 1991
1 2432 1991
1 2447 1991
1 2459 1991
1 2460 1991
1 2462 1991
1 2465 1991
1 2475 1991
1 2476 1991
1 2488 1991
1 2494 1991
1 2517 1991
1 2523 1991
1 2532 1991
1 2534 1991
1 2536 1991
1 2540 1991
1 2549 1991
1 2550 1991
1 2563 1991
1 2569 1991
1 2571 1991
1 2572 1991
1 2574 1991
1 2597 1992
1 2601 1992
1 2602 1992
1 2605 1992
1 2606 1992
1 2607 1992
1 2610 1992
1 2611 1992
1 2612 1992
1 2614 1992
1 2617 1992
1 2623 1992
1 2624 1992
1 2627 1992
1 2631 1992
1 2632 1992
1 2635 1992
1 2637 1992
1 2640 1992
1 2641 1992
1 2644 1992
1 2645 1992
1 2647 1992
1 2648 1992
1 2649 1992
1 2650 1992
1 2651 1992
1 2653 1992
1 2658 1992
1 2659 1992
1 2661 1992
1 2666 1992
1 2668 1992
1 2669 1992
1 2671 1992
1 2680 1992
1 2681 1992
1 2683 1992
1 2685 1992
1 2686 1992
1 2695 1992
1 2697 1992
1 2699 1992
1 2700 1992
1 2703 1992
1 2706 1992
1 2707 1992
1 2709 1992
1 2711 1992
1 2792 1993
1 2800 1993
1 2804 1993
1 2807 1993
1 2812 1993
1 2817 1993
1 2819 1993
1 2829 1993
1 2834 1993
1 2841 1993
1 2842 1993
1 2843 1993
1 2852 1993
1 2856 1993
1 2858 1993
1 2860 1993
1 2861 1993
1 2873 1993
1 2880 1993
1 2882 1993
1 2884 1993
1 2885 1993
1 2892 1993
1 2899 1993
1 2903 1993
1 2906 1993
1 2908 1993
1 2924 1993
1 2925 1993
1 2931 1993
1 2933 1993
1 2941 1993
1 2962 1993
1 2964 1993
1 2966 1993
1 2968 1993
1 2970 1993
1 3024 1994
1 3027 1994
1 3033 1994
1 3061 1994
1 3076 1994
1 3088 1994
1 3100 1994
1 3116 1994
1 3121 1994
1 3123 1994
1 3129 1994
1 3140 1994
1 3199 1995
1 3201 1995
1 3202 1995
1 3209 1995
1 3221 1995
1 3222 1995
1 3223 1995
1 3224 1995
1 3227 1995
1 3229 1995
1 3230 1995
1 3234 1995
1 3236 1995
1 3237 1995
1 3242 1995
1 3246 1995
1 3250 1995
1 3253 1995
1 3255 1995
1 3259 1995
1 3260 1995
1 3261 1995
1 3262 1995
1 3263 1995
1 3265 1995
1 3268 1995
1 3270 1995
1 3271 1995
1 3272 1995
1 3275 1995
1 3276 1995
1 3278 1995
1 3279 1995
1 3281 1995
1 3282 1995
1 3287 1995
1 3289 1995
1 3291 1995
1 3292 1995
1 3295 1995
1 3296 1995
1 3300 1995
1 3301 1995
1 3306 1995
1 3308 1995
1 3310 1995
1 3314 1995
1 3316 1995
1 3318 1995
1 3319 1995
1 3320 1995
1 3324 1995
1 3325 1995
1 3327 1995
1 3330 1995
1 3333 1995
1 3336 1995
1 3341 1995
1 3343 1995
1 3346 1995
1 3347 1995
1 3414 1996
1 3419 1996
1 3420 1996
1 3423 1996
1 3428 1996
1 3431 1996
1 3439 1996
1 3442 1996
1 3445 1996
1 3447 1996
1 3469 1996
1 3471 1996
1 3473 1996
1 3477 1996
1 3478 1996
1 3488 1996
1 3490 1996
1 3524 1996
1 3538 1996
1 3545 1996
1 3548 1996
1 3549 1996
1 3552 1996
1 3555 1996
1 3556 1996
1 3563 1996
1 3564 1996
1 3567 1996
1 3568 1996
1 3571 1996
1 3573 1996
1 3577 1996
1 3581 1996
1 3583 1996
1 3589 1996
1 3593 1996
1 3604 1996
1 3606 1996
1 3607 1996
1 3608 1996
1 3610 1996
1 3611 1996
1 3636 1997
1 3641 1997
1 3681 1997
1 3692 1997
1 3700 1997
1 3704 1997
1 3725 1997
1 3734 1997
1 3738 1997
1 3748 1997
1 3759 1997
1 3762 1997
1 3771 1997
1 3796 1997
1 3881 1998
1 3885 1998
1 3945 1998
1 3954 1998
1 3968 1998
1 4004 1998
1 4008 1998
1 4017 1998
1 4051 1998
1 4068 1998
1 4103 1997
1 4120 1998
1 4121 1998
1 4129 1993
1 4131 1996
1 4144 1998
1 4151 1999
1 4153 1999
1 4155 1999
1 4156 1999
1 4157 1999
1 4158 1999
1 4159 1999
1 4161 1999
1 4164 1999
1 4166 1999
1 4168 1999
1 4169 1999
1 4170 1999
1 4172 1999
1 4173 1999
1 4175 1999
1 4176 1999
1 4177 1999
1 4183 1999
1 4184 1999
1 4186 1999
1 4187 1999
1 4189 1999
1 4193 1999
1 4196 1999
1 4197 1999
1 4198 1999
1 4200 1999
1 4205 1999
1 4206 1999
1 4209 1999
1 4210 1999
1 4211 1999
1 4212 1999
1 4213 1999
1 4216 1999
1 4219 1999
1 4220 1999
1 4223 1999
1 4227 1999
1 4229 1999
1 4232 1999
1 4233 1999
1 4234 1999
1 4235 1999
1 4238 1999
1 4239 1999
1 4240 1999
1 4241 1999
1 4242 1999
1 4243 1999
1 4244 1999
1 4245 1999
1 4246 1999
1 4249 1999
1 4251 1999
1 4256 1999
1 4257 1999
1 4258 1999
1 4259 1999
1 4261 1999
1 4266 1999
1 4312 1999
1 4318 1999
1 4321 1998
1 4322 1996
1 4343 2000
1 4353 2000
1 4359 2000
1 4361 2000
1 4377 2000
1 4378 2000
1 4383 2000
1 4385 2000
1 4395 2000
1 4396 2000
1 4398 2000
1 4399 2000
1 4404 2000
1 4407 2000
1 4410 2000
1 4416 2000
1 4420 2000
1 4454 2000
1 4459 2000
1 4460 2000
1 4465 2000
1 4466 2000
1 4468 2000
1 4470 2000
1 4472 2000
1 4473 2000
1 4517 2000
1 4543 1999
1 4546 1997
1 4575 2001
1 4628 2001
1 4635 2001
1 4636 2001
1 4734 2000
1 4744 1999
1 4745 1999
1 5056 2002
1 5059 2002
1 5061 2002
1 5063 2002
1 5069 2002
1 5073 2002
1 5076 2002
1 5077 2002
1 5078 2002
1 5080 2002
1 5083 2002
1 5084 2002
1 5085 2002
1 5087 2002
1 5089 2002
1 5091 2002
1 5092 2002
1 5094 2002
1 5095 2002
1 5096 2002
1 5097 2002
1 5101 2002
1 5102 2002
1 5103 2002
1 5105 2002
1 5107 2002
1 5110 2002
1 5111 2002
1 5112 2002
1 5113 2002
1 5114 2002
1 5116 2002
1 5120 2002
1 5121 2002
1 5122 2002
1 5124 2002
1 5127 2002
1 5129 2002
1 5130 2002
1 5131 2002
1 5132 2002
1 5133 2002
1 5135 2002
1 5138 2002
1 5142 2002
1 5144 2002
1 5145 2002
1 5148 2002
1 5150 2002
1 5152 2002
1 5153 2002
1 5156 2002
1 5157 2002
1 5232 2002
1 5234 2002
1 5242 2002
1 5244 2002
1 5246 2002
1 5247 2002
1 5248 2002
1 5250 2000
1 5279 2001
1 5326 2001
1 5387 2001
1 5403 2002
1 5420 2003
1 5421 2003
1 5422 2003
1 5427 2003
1 5428 2003
1 5430 2003
1 5433 2003
1 5437 2003
1 5439 2003
1 5442 2003
1 5443 2003
1 5444 2003
1 5447 2003
1 5455 2003
1 5456 2003
1 5459 2003
1 5460 2003
1 5466 2003
1 5467 2003
1 5468 2003
1 5469 2003
1 5480 2003
1 5483 2003
1 5484 2003
1 5485 2003
1 5490 2003
1 5491 2003
1 5495 2003
1 5496 2003
1 5505 2003
1 5506 2003
1 5510 2003
1 5513 2003
1 5520 2003
1 5525 2003
1 5528 2003
1 5530 2003
1 5531 2003
1 5543 2003
1 5544 2003
1 5547 2003
1 5551 2003
1 5552 2003
1 5562 2003
1 5564 2003
1 5589 2003
1 5593 2003
1 5594 2003
1 5596 2003
1 5597 2003
1 5604 2003
1 5606 2003
1 5623 2003
1 5626 2003
1 5631 2003
1 5632 2003
1 5636 2003
1 5648 2003
1 5652 2003
1 5662 2003
1 5678 2003
1 5683 2003
1 5686 2003
1 5689 2002
1 5692 2003
1 5704 2002
1 5705 2003
1 5713 2002
1 5721 2000
1 5751 2004
1 5759 2004
1 5762 2004
1 5768 2004
1 5891 2004
1 5917 2004
1 6082 2005
1 6084 2005
1 6086 2005
1 6088 2005
1 6089 2005
1 6099 2005
1 6100 2005
1 6102 2005
1 6116 2005
1 6118 2005
1 6119 2005
1 6120 2005
1 6125 2005
1 6127 2005
1 6136 2005
1 6147 2005
1 6150 2005
1 6151 2005
1 6155 2005
1 6159 2005
1 6164 2005
1 6168 2005
1 6171 2005
1 6176 2005
1 6182 2005
1 6186 2005
1 6189 2005
1 6193 2005
1 6196 2005
1 6278 2002
1 6280 2002
1 6281 2002
1 6282 2000
1 6283 2002
1 6302 2004
1 6310 1999
1 6312 2001
1 6322 2005
1 6325 2000
1 6331 2006
1 6332 2006
1 6338 2006
1 6342 2006
1 6345 2006
1 6348 2006
1 6354 2006
1 6362 2006
1 6365 2006
1 6408 2006
1 6421 2006
1 6425 2006
1 6434 2006
1 6435 2006
1 6441 2006
1 6451 2006
1 6452 2006
1 6471 2006
1 6477 2006
1 6479 2006
1 6486 2006
1 6488 2006
1 6528 2005
1 6536 2006
1 6537 2006
1 6557 2003
1 6563 2007
1 6565 2007
1 6566 2007
1 6567 2007
1 6577 2007
1 6583 2007
1 6585 2007
1 6588 2007
1 6591 2007
1 6598 2007
1 6605 2007
1 6608 2007
1 6609 2007
1 6615 2007
1 6616 2007
1 6620 2007
1 6623 2007
1 6625 2007
1 6646 2007
1 6653 2007
1 6654 2007
1 6658 2007
1 6661 2007
1 6666 2007
1 6667 2007
1 6675 2007
1 6678 2007
1 6679 2007
1 6680 2007
1 6681 2007
1 6682 2007
1 6683 2007
1 6686 2007
1 6688 2007
1 6689 2007
1 6690 2007
1 6691 2007
1 6692 2007
1 6693 2007
1 6694 2007
1 6695 2007
1 6696 2007
1 6697 2007
1 6701 2007
1 6713 2007
1 6715 2007
1 6717 2007
1 6718 2007
1 6719 2007
1 6722 2007
1 6723 2007
1 6729 2007
1 6730 2007
1 6768 2006
1 6770 2007
1 6776 2007
1 6777 2007
1 6779 2006
1 6789 2007
1 6795 2007
1 6797 2005
1 6803 2007
1 6818 2005
1 6827 2008
1 6831 2008
1 6833 2008
1 6834 2008
1 6838 2008
1 6841 2008
1 6843 2008
1 6849 2008
1 6851 2008
1 6857 2008
1 6859 2008
1 6860 2008
1 6868 2008
1 6869 2008
1 6884 2008
1 6886 2008
1 6888 2008
1 6892 2008
1 6893 2008
1 6898 2008
1 6904 2008
1 6907 2008
1 6909 2008
1 6910 2008
1 6911 2008
1 6916 2008
1 6920 2008
1 6923 2008
1 6927 2008
1 6928 2008
1 6929 2008
1 6930 2008
1 6933 2008
1 6935 2008
1 6937 2008
1 6938 2008
1 6941 2008
1 6948 2008
1 6949 2008
1 6958 2008
1 6962 2008
1 6971 2008
1 6972 2008
1 6974 2008
1 6979 2008
1 6981 2008
1 6982 2008
1 6988 2008
1 7039 2008
1 7043 2008
1 7046 2008
1 7050 2008
1 7051 2008
1 7053 2008
1 7055 2008
1 7056 2008
1 7063 2008
1 7068 2007
1 7069 2007
1 7070 2007
1 7071 2007
1 7095 2008
1 7097 2007
1 7107 2009
1 7108 2009
1 7109 2009
1 7116 2009
1 7118 2009
1 7124 2009
1 7125 2009
1 7131 2009
1 7133 2009
1 7134 2009
1 7135 2009
1 7139 2009
1 7140 2009
1 7144 2009
1 7146 2009
1 7155 2009
1 7156 2009
1 7158 2009
1 7171 2009
1 7173 2009
1 7174 2009
1 7194 2009
1 7198 2009
1 7201 2009
1 7202 2009
1 7206 2009
1 7209 2009
1 7215 2009
1 7216 2009
1 7228 2009
1 7232 2009
1 7233 2009
1 7245 2009
1 7252 2009
1 7253 2009
1 7256 2009
1 7257 2009
1 7261 2009
1 7262 2009
1 7267 2009
1 7318 2009
1 7325 2009
1 7349 2009
1 7351 2008
1 7354 2005
1 7455 2010
1 7472 2010
1 7476 2010
1 7492 2010
1 7596 2010
1 7687 2010
1 7696 2009
1 7697 2009
1 7699 2009
1 7700 2009
1 7701 2009
1 7703 2009
1 7704 2009
1 7710 2010
1 7729 2007
1 7743 2008
1 7748 2007
1 7749 2006
1 8240 2011
1 8265 2011
1 8358 2011
1 8362 2011
1 8365 2011
1 8471 2011
1 8473 2011
1 8710 2012
1 8716 2012
1 8717 2012
1 8718 2012
1 8734 2012
1 8754 2012
1 8755 2012
1 8761 2012
1 8800 2012
1 8803 2012
1 8805 2012
1 8809 2012
1 8812 2012
1 8866 2008
1 8868 2003
1 8869 2009
1 8872 2005
1 8875 2009
1 8965 2012
1 8984 2012
1 8992 2011
1 8999 2008
1 9036 2013
1 9206 2013
1 9250 2012
1 9741 2011
1 9742 2011
1 9747 2010
1 9757 2014
1 9768 2014
1 9793 2014
1 9797 2014
1 9800 2014
1 9809 2014
1 9834 2014
1 9840 2014
1 9845 2014
1 9870 2014
1 9895 2014
1 10077 2014
1 10124 2012
1 10149 2013
1 10155 2011
1 10159 2007
1 10279 2015
1 10307 2015
1 11091 2012
