1 45 7
1 577 14
1 905 12
1 1073 11
1 1077 16
1 1090 9
1 1094 8
1 1098 11
1 1101 11
1 1104 11
1 1109 15
1 1242 11
1 1244 11
1 1251 13
1 1255 13
1 1258 11
1 1259 11
1 1263 8
1 1264 11
1 1288 10
1 1649 12
1 1660 9
1 1662 9
1 1663 16
1 1666 12
1 1741 11
1 1769 5
1 1784 11
1 1803 3
1 1820 8
1 1821 8
1 1825 8
1 1834 12
1 1835 5
1 1876 12
1 1877 11
1 1880 12
1 1881 8
1 1883 5
1 1884 8
1 1887 8
1 1890 8
1 1891 11
1 1899 8
1 1960 2
1 2067 4
1 2068 14
1 2069 11
1 2070 14
1 2071 10
1 2072 11
1 2073 11
1 2074 4
1 2075 11
1 2076 11
1 2096 9
1 2097 6
1 2099 6
1 2106 6
1 2111 3
1 2115 6
1 2118 3
1 2123 3
1 2124 3
1 2126 6
1 2128 3
1 2132 3
1 2133 3
1 2135 6
1 2141 6
1 2142 3
1 2143 10
1 2146 10
1 2154 10
1 2162 9
1 2164 4
1 2165 6
1 2167 10
1 2168 10
1 2172 9
1 2175 3
1 2176 9
1 2177 10
1 2178 10
1 2180 3
1 2214 10
1 2218 9
1 2223 12
1 2236 9
1 2239 9
1 2246 5
1 2252 4
1 2260 9
1 2263 4
1 2269 5
1 2271 5
1 2275 9
1 2278 9
1 2282 5
1 2285 5
1 2287 5
1 2292 9
1 2296 5
1 2303 7
1 2312 4
1 2319 9
1 2321 5
1 2323 12
1 2324 4
1 2333 4
1 2337 9
1 2340 15
1 2343 5
1 2349 4
1 2351 4
1 2352 9
1 2353 9
1 2354 5
1 2355 7
1 2356 5
1 2358 9
1 2359 9
1 2360 12
1 2361 9
1 2362 9
1 2363 8
1 2364 12
1 2365 7
1 2366 8
1 2369 9
1 2371 5
1 2374 7
1 2375 12
1 2376 9
1 2379 12
1 2401 11
1 2405 4
1 2409 8
1 2414 4
1 2417 8
1 2421 8
1 2432 4
1 2447 8
1 2459 8
1 2460 11
1 2462 4
1 2465 7
1 2475 13
1 2476 8
1 2488 6
1 2494 8
1 2517 3
1 2523 6
1 2532 7
1 2534 8
1 2536 8
1 2540 8
1 2549 11
1 2550 3
1 2563 8
1 2569 4
1 2571 8
1 2572 8
1 2574 4
1 2597 11
1 2601 6
1 2602 3
1 2605 3
1 2606 7
1 2607 10
1 2610 7
1 2611 7
1 2612 7
1 2614 7
1 2617 7
1 2623 7
1 2624 7
1 2627 13
1 2631 10
1 2632 7
1 2635 3
1 2637 7
1 2640 13
1 2641 6
1 2644 7
1 2645 10
1 2647 3
1 2648 5
1 2649 2
1 2650 3
1 2651 7
1 2653 10
1 2658 6
1 2659 10
1 2661 6
1 2666 7
1 2668 10
1 2669 3
1 2671 3
1 2680 7
1 2681 7
1 2683 10
1 2685 5
1 2686 10
1 2695 7
1 2697 7
1 2699 12
1 2700 5
1 2703 10
1 2706 13
1 2707 13
1 2709 10
1 2711 5
1 2792 6
1 2800 12
1 2804 9
1 2807 12
1 2812 5
1 2817 6
1 2819 12
1 2829 9
1 2834 12
1 2841 9
1 2842 5
1 2843 6
1 2852 6
1 2856 6
1 2858 6
1 2860 12
1 2861 9
1 2873 9
1 2880 6
1 2882 6
1 2884 4
1 2885 6
1 2892 9
1 2899 6
1 2903 6
1 2906 6
1 2908 12
1 2924 6
1 2925 9
1 2931 9
1 2933 6
1 2941 9
1 2962 6
1 2964 6
1 2966 6
1 2968 6
1 2970 6
1 3024 5
1 3027 5
1 3033 5
1 3061 5
1 3076 11
1 3088 8
1 3100 5
1 3116 3
1 3121 8
1 3123 7
1 3129 8
1 3140 5
1 3199 4
1 3201 10
1 3202 10
1 3209 13
1 3221 6
1 3222 7
1 3223 10
1 3224 7
1 3227 4
1 3229 4
1 3230 4
1 3234 7
1 3236 10
1 3237 10
1 3242 4
1 3246 4
1 3250 12
1 3253 4
1 3255 13
1 3259 15
1 3260 7
1 3261 4
1 3262 4
1 3263 4
1 3265 12
1 3268 12
1 3270 4
1 3271 4
1 3272 4
1 3275 12
1 3276 4
1 3278 4
1 3279 10
1 3281 7
1 3282 10
1 3287 4
1 3289 10
1 3291 10
1 3292 7
1 3295 4
1 3296 7
1 3300 7
1 3301 7
1 3306 10
1 3308 4
1 3310 4
1 3314 7
1 3316 6
1 3318 7
1 3319 12
1 3320 4
1 3324 10
1 3325 4
1 3327 4
1 3330 7
1 3333 4
1 3336 4
1 3341 4
1 3343 4
1 3346 7
1 3347 4
1 3414 6
1 3419 3
1 3420 13
1 3423 3
1 3428 9
1 3431 15
1 3439 3
1 3442 6
1 3445 9
1 3447 6
1 3469 6
1 3471 6
1 3473 6
1 3477 3
1 3478 6
1 3488 9
1 3490 11
1 3524 3
1 3538 9
1 3545 3
1 3548 3
1 3549 3
1 3552 11
1 3555 3
1 3556 6
1 3563 9
1 3564 13
1 3567 11
1 3568 3
1 3571 12
1 3573 3
1 3577 3
1 3581 3
1 3583 9
1 3589 9
1 3593 6
1 3604 3
1 3606 3
1 3607 11
1 3608 3
1 3610 3
1 3611 3
1 3636 10
1 3641 10
1 3681 10
1 3692 11
1 3700 5
1 3704 10
1 3725 9
1 3734 8
1 3738 10
1 3748 8
1 3759 8
1 3762 10
1 3771 10
1 3796 12
1 3881 7
1 3885 7
1 3945 9
1 3954 4
1 3968 4
1 4004 12
1 4008 9
1 4017 4
1 4051 9
1 4068 7
1 4103 10
1 4120 4
1 4121 10
1 4129 6
1 4131 9
1 4144 4
1 4151 3
1 4153 3
1 4155 8
1 4156 6
1 4157 6
1 4158 3
1 4159 3
1 4161 8
1 4164 3
1 4166 8
1 4168 3
1 4169 6
1 4170 6
1 4172 3
1 4173 6
1 4175 3
1 4176 3
1 4177 3
1 4183 3
1 4184 6
1 4186 3
1 4187 3
1 4189 3
1 4193 16
1 4196 3
1 4197 3
1 4198 3
1 4200 8
1 4205 3
1 4206 8
1 4209 3
1 4210 3
1 4211 3
1 4212 3
1 4213 3
1 4216 3
1 4219 6
1 4220 2
1 4223 8
1 4227 3
1 4229 3
1 4232 3
1 4233 3
1 4234 3
1 4235 8
1 4238 11
1 4239 3
1 4240 3
1 4241 10
1 4242 6
1 4243 3
1 4244 6
1 4245 8
1 4246 3
1 4249 3
1 4251 3
1 4256 3
1 4257 7
1 4258 10
1 4259 8
1 4261 3
1 4266 3
1 4312 3
1 4318 6
1 4321 7
1 4322 9
1 4343 7
1 4353 4
1 4359 12
1 4361 12
1 4377 9
1 4378 5
1 4383 5
1 4385 5
1 4395 11
1 4396 5
1 4398 10
1 4399 10
1 4404 10
1 4407 11
1 4410 11
1 4416 7
1 4420 9
1 4454 12
1 4459 7
1 4460 7
1 4465 14
1 4466 5
1 4468 9
1 4470 8
1 4472 9
1 4473 10
1 4517 7
1 4543 3
1 4546 5
1 4575 10
1 4628 11
1 4635 4
1 4636 16
1 4734 7
1 4744 3
1 4745 3
1 5056 8
1 5059 3
1 5061 3
1 5063 9
1 5069 9
1 5073 3
1 5076 6
1 5077 3
1 5078 3
1 5080 3
1 5083 3
1 5084 10
1 5085 5
1 5087 3
1 5089 10
1 5091 3
1 5092 3
1 5094 10
1 5095 9
1 5096 9
1 5097 5
1 5101 9
1 5102 3
1 5103 10
1 5105 3
1 5107 10
1 5110 3
1 5111 8
1 5112 5
1 5113 3
1 5114 3
1 5116 3
1 5120 3
1 5121 10
1 5122 7
1 5124 3
1 5127 10
1 5129 3
1 5130 10
1 5131 3
1 5132 9
1 5133 10
1 5135 3
1 5138 3
1 5142 3
1 5144 9
1 5145 5
1 5148 3
1 5150 9
1 5152 10
1 5153 9
1 5156 3
1 5157 3
1 5232 8
1 5234 3
1 5242 9
1 5244 3
1 5246 3
1 5247 3
1 5248 9
1 5250 9
1 5279 6
1 5326 10
1 5387 4
1 5403 3
1 5420 9
1 5421 8
1 5422 9
1 5427 9
1 5428 4
1 5430 8
1 5433 9
1 5437 8
1 5439 8
1 5442 11
1 5443 9
1 5444 9
1 5447 9
1 5455 9
1 5456 8
1 5459 9
1 5460 9
1 5466 9
1 5467 7
1 5468 9
1 5469 8
1 5480 9
1 5483 4
1 5484 7
1 5485 9
1 5490 15
1 5491 8
1 5495 12
1 5496 16
1 5505 9
1 5506 9
1 5510 9
1 5513 7
1 5520 13
1 5525 9
1 5528 11
1 5530 9
1 5531 9
1 5543 8
1 5544 6
1 5547 12
1 5551 4
1 5552 8
1 5562 9
1 5564 8
1 5589 8
1 5593 9
1 5594 11
1 5596 9
1 5597 12
1 5604 9
1 5606 6
1 5623 8
1 5626 8
1 5631 9
1 5632 7
1 5636 8
1 5648 12
1 5652 8
1 5662 10
1 5678 7
1 5683 9
1 5686 7
1 5689 3
1 5692 9
1 5704 8
1 5705 4
1 5713 3
1 5721 5
1 5751 10
1 5759 10
1 5762 8
1 5768 8
1 5891 7
1 5917 7
1 6082 7
1 6084 9
1 6086 10
1 6088 6
1 6089 9
1 6099 7
1 6100 7
1 6102 7
1 6116 7
1 6118 11
1 6119 7
1 6120 7
1 6125 6
1 6127 9
1 6136 11
1 6147 7
1 6150 7
1 6151 8
1 6155 8
1 6159 7
1 6164 5
1 6168 12
1 6171 7
1 6176 8
1 6182 9
1 6186 7
1 6189 7
1 6193 7
1 6196 9
1 6278 3
1 6280 3
1 6281 3
1 6282 5
1 6283 3
1 6302 7
1 6310 8
1 6312 6
1 6322 4
1 6325 9
1 6331 6
1 6332 8
1 6338 6
1 6342 4
1 6345 3
1 6348 12
1 6354 11
1 6362 4
1 6365 8
1 6408 10
1 6421 5
1 6425 8
1 6434 6
1 6435 10
1 6441 6
1 6451 6
1 6452 6
1 6471 6
1 6477 6
1 6479 9
1 6486 6
1 6488 6
1 6528 7
1 6536 5
1 6537 5
1 6557 5
1 6563 5
1 6565 7
1 6566 5
1 6567 5
1 6577 7
1 6583 11
1 6585 5
1 6588 5
1 6591 8
1 6598 8
1 6605 8
1 6608 8
1 6609 5
1 6615 6
1 6616 9
1 6620 5
1 6623 5
1 6625 9
1 6646 5
1 6653 4
1 6654 11
1 6658 5
1 6661 4
1 6666 9
1 6667 8
1 6675 5
1 6678 9
1 6679 11
1 6680 7
1 6681 5
1 6682 9
1 6683 9
1 6686 5
1 6688 9
1 6689 5
1 6690 11
1 6691 9
1 6692 5
1 6693 5
1 6694 5
1 6695 3
1 6696 5
1 6697 4
1 6701 5
1 6713 5
1 6715 4
1 6717 11
1 6718 5
1 6719 5
1 6722 8
1 6723 7
1 6729 5
1 6730 5
1 6768 6
1 6770 9
1 6776 9
1 6777 11
1 6779 10
1 6789 5
1 6795 5
1 6797 7
1 6803 3
1 6818 3
1 6827 10
1 6831 9
1 6833 8
1 6834 6
1 6838 4
1 6841 3
1 6843 4
1 6849 4
1 6851 10
1 6857 6
1 6859 4
1 6860 9
1 6868 4
1 6869 6
1 6884 6
1 6886 4
1 6888 3
1 6892 10
1 6893 3
1 6898 4
1 6904 4
1 6907 6
1 6909 4
1 6910 4
1 6911 6
1 6916 8
1 6920 4
1 6923 4
1 6927 10
1 6928 4
1 6929 8
1 6930 10
1 6933 4
1 6935 4
1 6937 10
1 6938 10
1 6941 4
1 6948 8
1 6949 4
1 6958 10
1 6962 10
1 6971 4
1 6972 4
1 6974 3
1 6979 8
1 6981 4
1 6982 10
1 6988 4
1 7039 6
1 7043 10
1 7046 8
1 7050 8
1 7051 6
1 7053 9
1 7055 10
1 7056 10
1 7063 10
1 7068 8
1 7069 5
1 7070 5
1 7071 8
1 7095 8
1 7097 5
1 7107 3
1 7108 7
1 7109 9
1 7116 3
1 7118 9
1 7124 3
1 7125 3
1 7131 9
1 7133 10
1 7134 5
1 7135 3
1 7139 3
1 7140 3
1 7144 9
1 7146 3
1 7155 3
1 7156 3
1 7158 3
1 7171 3
1 7173 7
1 7174 3
1 7194 9
1 7198 5
1 7201 5
1 7202 7
1 7206 7
1 7209 3
1 7215 7
1 7216 6
1 7228 8
1 7232 6
1 7233 3
1 7245 7
1 7252 9
1 7253 3
1 7256 7
1 7257 9
1 7261 5
1 7262 10
1 7267 7
1 7318 5
1 7325 3
1 7349 3
1 7351 4
1 7354 9
1 7455 6
1 7472 8
1 7476 8
1 7492 4
1 7596 8
1 7687 4
1 7696 5
1 7697 3
1 7699 6
1 7700 9
1 7701 7
1 7703 3
1 7704 7
1 7710 6
1 7729 7
1 7743 8
1 7748 5
1 7749 6
1 8240 7
1 8265 7
1 8358 7
1 8362 3
1 8365 5
1 8471 7
1 8473 7
1 8710 6
1 8716 4
1 8717 6
1 8718 6
1 8734 6
1 8754 6
1 8755 3
1 8761 3
1 8800 6
1 8803 6
1 8805 6
1 8809 6
1 8812 6
1 8866 4
1 8868 9
1 8869 3
1 8872 7
1 8875 3
1 8965 6
1 8984 6
1 8992 7
1 8999 9
1 9036 5
1 9206 3
1 9250 6
1 9741 3
1 9742 3
1 9747 6
1 9757 4
1 9768 4
1 9793 4
1 9797 4
1 9800 4
1 9809 4
1 9834 4
1 9840 4
1 9845 4
1 9870 4
1 9895 4
1 10077 4
1 10124 6
1 10149 3
1 10155 6
1 10159 8
1 10279 3
1 10307 3
1 11091 6
