1 1770 1554 184
1 1923 1554 182
1 691 1554 182
1 1336 1554 181
1 743 1597 179
1 661 1598 176
1 660 1592 179
1 635 1605 172
1 713 1610 175
1 763 1614 183
1 662 1604 193
1 770 1617 189
1 665 1621 184
1 771 1625 177
1 694 1629 183
1 638 1632 164
1 686 1648 193
1 2113 1649 173
1 2449 1649 181
1 646 1660 183
1 1699 1660 185
1 2188 1660 188
1 1174 1660 187
1 1366 1660 186
1 1664 1662 185
1 4426 1663 186
1 2147 1663 173
1 1425 1663 186
1 2514 1663 186
1 2043 1664 187
1 1367 1664 185
1 1787 1664 186
1 645 1664 182
1 1100 1664 187
1 2435 1664 186
1 1720 1666 183
1 2965 1666 184
1 2209 1666 183
1 1031 1666 183
1 2437 1666 183
1 1108 1741 188
1 1385 1741 189
1 2504 1741 187
1 1025 1746 182
1 1622 1741 188
1 1173 1769 191
1 1365 1769 190
1 1698 1784 160
1 2049 1784 162
1 2697 1784 158
1 2969 1784 161
1 1482 1784 162
1 1099 1784 158
1 2306 1784 161
1 1016 1803 187
1 1218 1803 184
1 1502 1820 183
1 1205 1821 188
1 2148 1821 189
1 1039 1825 188
1 1540 1825 189
1 1193 1825 185
1 2145 1825 172
1 2966 1834 172
1 1291 1834 172
1 1718 1834 171
1 1856 1834 173
1 2387 1834 172
1 2207 1834 172
1 1270 1835 177
1 1019 1835 176
1 2967 1876 182
1 1111 1876 179
1 1719 1876 181
1 2727 1876 182
1 1293 1876 182
1 1857 1876 181
1 1048 1876 182
1 2208 1876 182
1 2378 1876 181
1 1112 1877 190
1 2111 1877 190
1 1786 1877 193
1 1023 1878 184
1 2081 1880 178
1 2814 1880 179
1 1424 1880 176
1 1127 1880 177
1 1756 1880 178
1 1035 1880 176
1 2968 1880 178
1 1646 1882 190
1 1423 1882 188
1 1022 1883 182
1 1926 1884 186
1 1875 1885 186
1 1324 1885 186
1 1757 1885 185
1 2285 1885 186
1 2187 1887 181
1 1364 1887 184
1 1041 1887 185
1 1487 1890 183
1 1876 1890 186
1 2970 1891 190
1 1110 1891 186
1 1049 1891 189
1 1292 1891 185
1 2892 1891 189
1 1988 1899 193
1 2112 1899 188
1 1703 1899 190
1 1390 1899 191
1 2284 1878 186
1 1161 1960 192
1 1644 1981 188
1 2053 2064 190
1 2803 2064 192
1 1696 2064 193
1 1363 2064 190
1 1972 2066 180
1 3797 2066 180
1 3519 2066 179
1 1676 2066 178
1 1126 2067 185
1 1323 2067 185
1 2590 2068 189
1 2146 2068 178
1 1191 2068 188
1 1532 2069 192
1 1998 2069 193
1 2891 2069 191
1 1716 2069 182
1 2122 2069 187
1 2460 2069 193
1 1383 2069 191
1 1446 2070 188
1 1659 2070 189
1 1774 2071 189
1 2412 2071 189
1 2323 2071 190
1 2971 2071 190
1 3377 2071 188
1 1645 2072 183
1 2972 2072 185
1 3378 2072 184
1 1422 2072 183
1 1192 2072 183
1 2367 2073 185
1 3379 2073 188
1 2973 2073 188
1 1697 2073 188
1 1848 2073 188
1 1269 2073 187
1 1172 2073 187
1 2205 2073 186
1 2206 2075 182
1 2389 2075 183
1 1717 2075 182
1 1858 2075 183
1 2877 2075 187
1 2844 2076 183
1 2510 2076 180
1 1941 2076 180
1 1621 2076 179
1 3173 2076 181
1 1384 2076 180
1 1472 2066 181
1 1751 2096 197
1 2974 2096 200
1 1419 2096 198
1 2879 2096 200
1 2175 2099 179
1 1878 2099 178
1 1752 2099 178
1 1320 2099 177
1 1501 2110 167
1 1766 2115 203
1 2177 2115 201
1 1333 2115 200
1 1877 2096 201
1 1443 2120 195
1 1322 2123 196
1 1879 2126 190
1 1754 2126 188
1 1420 2126 185
1 1346 2133 178
1 1780 2135 193
1 1471 2135 192
1 1486 2138 190
1 1334 2141 192
1 1495 2142 200
1 1918 2115 202
1 1421 2143 170
1 2594 2143 173
1 2064 2146 183
1 2283 2149 204
1 2975 2154 178
1 1694 2159 186
1 2052 2159 185
1 1361 2159 184
1 2787 2159 187
1 2176 2162 193
1 1321 2162 195
1 2400 2162 198
1 1643 2143 172
1 2871 2162 197
1 2976 2162 199
1 1753 2162 197
1 2726 2163 185
1 1849 2163 182
1 2203 2163 183
1 1695 2163 184
1 2363 2163 180
1 2977 2163 182
1 1266 2163 181
1 3373 2163 179
1 1715 2164 171
1 1381 2164 168
1 1940 2165 182
1 2268 2165 180
1 1611 2165 182
1 1514 2165 182
1 1620 2167 180
1 2121 2167 179
1 1995 2167 179
1 3174 2167 180
1 1382 2167 179
1 2508 2167 178
1 3518 2168 174
1 1993 2168 177
1 1543 2169 178
1 2303 2169 180
1 1335 2169 177
1 2097 2169 181
1 3151 2169 182
1 2408 2169 180
1 2691 2169 180
1 1812 2169 181
1 3374 2169 180
1 1340 2170 186
1 2089 2170 189
1 2713 2170 187
1 3375 2170 183
1 2248 2170 186
1 1880 2162 199
1 2186 2171 191
1 2980 2171 193
1 2890 2171 195
1 2048 2171 193
1 1265 2171 193
1 2978 2172 180
1 2243 2172 176
1 2805 2172 182
1 1445 2172 179
1 1960 2172 181
1 1347 2173 188
1 2785 2174 188
1 1362 2174 185
1 3760 2174 185
1 2042 2174 186
1 1755 2174 187
1 1267 2175 176
1 1444 2176 186
1 1658 2176 184
1 2596 2176 186
1 1962 2176 187
1 2480 2177 185
1 2149 2177 184
1 1507 2177 184
1 1663 2177 186
1 3239 2177 186
1 2981 2178 191
1 1714 2178 189
1 2382 2178 190
1 2732 2178 190
1 3376 2178 188
1 1290 2178 189
1 2204 2178 188
1 1859 2178 186
1 1268 2180 171
1 1704 2214 175
1 1835 2214 177
1 2862 2214 177
1 2369 2214 176
1 3148 2214 177
1 2189 2214 175
1 2979 2170 190
1 2045 2219 191
1 2626 2223 175
1 4034 2223 174
1 2448 2218 174
1 4424 2223 175
1 3756 2223 175
1 2202 2223 182
1 3436 2223 170
1 2990 2223 176
1 1796 2236 193
1 3512 2236 188
1 2056 2223 175
1 2142 2236 194
1 3552 2239 182
1 2824 2239 195
1 3178 2239 197
1 2512 2239 197
1 1976 2245 185
1 3553 2245 178
1 2489 2245 182
1 4624 2245 182
1 1672 2245 180
1 3175 2245 181
1 2556 2248 185
1 2011 2236 194
1 1784 2252 183
1 1989 2252 185
1 3516 2260 184
1 1948 2260 190
1 2762 2260 189
1 1639 2260 188
1 3515 2262 173
1 2087 2262 176
1 3755 2262 176
1 2423 2262 177
1 1640 2265 193
1 1674 2270 181
1 1638 2248 182
1 2447 2275 194
1 2982 2275 198
1 1818 2276 198
1 2041 2278 185
1 1819 2279 194
1 1777 2280 190
1 1744 2282 184
1 1795 2285 190
1 2172 2287 177
1 1881 2287 180
1 1745 2287 178
1 1778 2292 179
1 1927 2292 179
1 2983 2292 179
1 3372 2292 176
1 1675 2296 177
1 2327 2296 177
1 1641 2297 198
1 2491 2297 200
1 2763 2297 162
1 3176 2297 199
1 1883 2300 189
1 1747 2300 187
1 1884 2303 196
1 2173 2303 197
1 2873 2303 200
1 1748 2303 197
1 2391 2303 198
1 1820 2312 188
1 1885 2321 201
1 1749 2321 200
1 1750 2323 191
1 2428 2323 192
1 3758 2323 193
1 3177 2323 193
1 1886 2323 192
1 2236 2323 191
1 2764 2323 192
1 2822 2337 181
1 1742 2271 194
1 2517 2339 187
1 1642 2339 185
1 1651 2340 185
1 7769 2340 184
1 1693 2341 179
1 2623 2341 181
1 7623 2341 181
1 7194 2341 181
1 2312 2341 181
1 2984 2341 181
1 1850 2341 181
1 2351 2341 181
1 4564 2341 180
1 4565 2342 179
1 2060 2342 176
1 1806 2342 179
1 4094 2342 181
1 2985 2342 179
1 2200 2342 179
1 3826 2342 179
1 2859 2342 179
1 1814 2343 190
1 2091 2343 188
1 1817 2344 204
1 2502 2344 207
1 2823 2344 209
1 1761 2349 176
1 1838 2349 180
1 2170 2350 194
1 1690 2350 198
1 1839 2350 197
1 1887 2351 173
1 1740 2351 174
1 2174 2352 191
1 1689 2352 191
1 2986 2352 192
1 2872 2352 184
1 1851 2352 189
1 2364 2352 191
1 3435 2352 181
1 1852 2353 181
1 2624 2353 183
1 1691 2353 179
1 2987 2353 183
1 3368 2353 180
1 2352 2353 178
1 1928 2354 192
1 1779 2354 189
1 1765 2355 176
1 2242 2355 176
1 1919 2355 177
1 2185 2356 191
1 1938 2356 191
1 3370 2358 187
1 2324 2358 187
1 1813 2358 186
1 2988 2358 187
1 2088 2358 187
1 2860 2358 190
1 2119 2359 183
1 1788 2359 182
1 2000 2359 183
1 2160 2360 182
1 1800 2360 185
1 4139 2360 186
1 4478 2360 186
1 3513 2361 172
1 2483 2361 183
1 2166 2361 181
1 2110 2362 182
1 2544 2362 182
1 2465 2363 175
1 2017 2363 174
1 1741 2363 175
1 2143 2363 173
1 2848 2363 177
1 3554 2364 181
1 2010 2364 181
1 2466 2364 181
1 2144 2364 161
1 1789 2365 183
1 1996 2365 181
1 2603 2365 184
1 2509 2365 181
1 2120 2365 181
1 1853 2366 179
1 2989 2366 182
1 2353 2366 177
1 1692 2366 179
1 2625 2366 180
1 2201 2366 175
1 2025 2368 174
1 2239 2368 177
1 2627 2368 176
1 2406 2368 175
1 2991 2368 178
1 1764 2368 175
1 4093 2368 174
1 2291 2369 176
1 2540 2369 174
1 1974 2369 176
1 1673 2369 175
1 3514 2369 175
1 2826 2369 178
1 2292 2370 169
1 1803 2370 171
1 1713 2371 171
1 1860 2371 174
1 2271 2371 173
1 2281 2372 188
1 1743 2372 186
1 2718 2373 190
1 1882 2373 193
1 2282 2373 189
1 1746 2373 189
1 2272 2374 182
1 2002 2374 181
1 2499 2375 187
1 2765 2375 189
1 2267 2375 183
1 1954 2339 184
1 2527 2376 180
1 1657 2376 178
1 3179 2376 180
1 2286 2376 177
1 3517 2376 176
1 2766 2376 180
1 2305 2377 185
1 2373 2377 188
1 4423 2377 184
1 7597 2377 185
1 2992 2377 187
1 2050 2377 184
1 3757 2377 185
1 4033 2377 181
1 7125 2377 184
1 2628 2377 186
1 3369 2377 184
1 3152 2378 188
1 4425 2378 185
1 3371 2378 186
1 2861 2378 185
1 2066 2378 184
1 2319 2378 184
1 3759 2379 186
1 4035 2379 185
1 2993 2379 187
1 4623 2379 183
1 2490 2379 185
1 2047 2379 185
1 1785 2379 186
1 2751 2379 185
1 1610 2375 188
1 1891 2393 189
1 4091 2401 189
1 3001 2401 179
1 2618 2409 183
1 1861 2409 182
1 2031 2401 177
1 2349 2409 180
1 2994 2409 175
1 3364 2409 180
1 2198 2409 183
1 2392 2417 182
1 2318 2417 186
1 2887 2417 186
1 2079 2417 185
1 3434 2417 179
1 3365 2421 171
1 2199 2421 171
1 1862 2421 172
1 2996 2421 174
1 2619 2421 175
1 2350 2421 172
1 2029 2431 180
1 2152 2431 178
1 2574 2443 171
1 2464 2447 191
1 2140 2447 189
1 2007 2447 191
1 2500 2459 203
1 3551 2459 202
1 2530 2460 180
1 3511 2460 177
1 1964 2460 181
1 3180 2460 182
1 2554 2460 176
1 4422 2460 177
1 3901 2460 179
1 1888 2462 174
1 1982 2465 177
1 4092 2475 191
1 7274 2475 189
1 2555 2475 189
1 3433 2476 180
1 2759 2476 182
1 2420 2476 183
1 3549 2479 173
1 2528 2479 179
1 1980 2479 176
1 2576 2479 177
1 3900 2479 177
1 2995 2417 186
1 2830 2488 193
1 2520 2488 191
1 3181 2494 199
1 3550 2494 191
1 2760 2494 200
1 2519 2494 196
1 4138 2505 172
1 2109 2505 172
1 2604 2505 174
1 2545 2505 172
1 1889 2517 193
1 2280 2520 192
1 2107 2523 191
1 2620 2523 179
1 2095 2523 180
1 2761 2532 171
1 2997 2534 179
1 2621 2534 180
1 3367 2534 179
1 2301 2534 180
1 2082 2534 179
1 2733 2536 180
1 2998 2536 179
1 2393 2536 180
1 3362 2536 178
1 1890 2536 179
1 2235 2536 176
1 2141 2540 161
1 2875 2540 198
1 2999 2540 197
1 2065 2540 194
1 3000 2545 183
1 3366 2545 180
1 2311 2545 184
1 2371 2545 182
1 2061 2545 185
1 2622 2545 185
1 4090 2549 174
1 2293 2569 190
1 2290 2487 189
1 2153 2571 182
1 2549 2571 182
1 2030 2571 184
1 2599 2571 183
1 2372 2572 188
1 3363 2572 184
1 2708 2572 190
1 1840 2572 188
1 3002 2572 189
1 2184 2572 190
1 3510 2571 183
1 2233 2597 170
1 3016 2597 174
1 3354 2597 168
1 2884 2597 174
1 7123 2597 170
1 7595 2597 171
1 4420 2597 172
1 2279 2600 190
1 3003 2601 173
1 3361 2601 172
1 2195 2601 172
1 2608 2601 174
1 2377 2601 173
1 2253 2605 178
1 2856 2606 188
1 3004 2606 187
1 3751 2597 172
1 2182 2606 183
1 3182 2607 178
1 2432 2607 177
1 2752 2607 178
1 4563 2607 175
1 2753 2610 180
1 3005 2610 180
1 3006 2611 183
1 2609 2611 183
1 3546 2612 178
1 2800 2612 178
1 3240 2612 174
1 2343 2606 186
1 2230 2614 196
1 2231 2617 176
1 2344 2617 179
1 2610 2617 181
1 3357 2617 178
1 3008 2617 180
1 3548 2623 160
1 3183 2623 164
1 2754 2623 163
1 2487 2623 162
1 2802 2624 181
1 2254 2624 171
1 3009 2624 177
1 4089 2627 185
1 2551 2627 184
1 7130 2627 185
1 2611 2631 175
1 2345 2631 174
1 2322 2631 173
1 2552 2632 175
1 2297 2635 176
1 2365 2637 194
1 2612 2637 194
1 3359 2637 193
1 2183 2637 188
1 2136 2640 170
1 8257 2640 174
1 4476 2640 170
1 3506 2640 175
1 3241 2640 173
1 2810 2641 185
1 2446 2641 184
1 3010 2641 184
1 2158 2644 182
1 2547 2644 183
1 3753 2645 191
1 4031 2645 193
1 2294 2645 191
1 3011 2645 196
1 3007 2614 198
1 2302 2648 189
1 2298 2650 197
1 3012 2651 182
1 2613 2653 180
1 2232 2658 182
1 3013 2658 183
1 2346 2658 183
1 2614 2658 183
1 2553 2659 178
1 3899 2659 180
1 2299 2661 189
1 2858 2661 191
1 3014 2661 191
1 2479 2666 191
1 2159 2666 191
1 2488 2668 183
1 3897 2668 185
1 3508 2668 181
1 2755 2668 187
1 2316 2671 179
1 4576 2673 183
1 2347 2673 181
1 3825 2673 184
1 2317 2673 186
1 3356 2673 181
1 3015 2673 185
1 2615 2673 185
1 2137 2674 187
1 2138 2677 184
1 2278 2680 187
1 2919 2681 188
1 2139 2681 183
1 3547 2683 182
1 4419 2683 189
1 2270 2683 186
1 2857 2645 196
1 2874 2685 192
1 2404 2685 188
1 3017 2686 178
1 2876 2686 180
1 2246 2686 178
1 2413 2686 184
1 2457 2688 174
1 2710 2688 177
1 2255 2695 160
1 3153 2695 167
1 2740 2695 166
1 3355 2695 164
1 2444 2695 164
1 2430 2697 165
1 2757 2697 165
1 2247 2697 163
1 3184 2697 165
1 2758 2698 184
1 3752 2698 185
1 2482 2698 184
1 3018 2698 188
1 3509 2699 175
1 7768 2699 171
1 3898 2699 173
1 2831 2699 176
1 2537 2699 172
1 2295 2700 178
1 2546 2703 180
1 13462 2703 180
1 3507 2703 174
1 3844 2703 182
1 4477 2703 179
1 2300 2704 200
1 3754 2706 178
1 3358 2706 179
1 2197 2706 178
1 2348 2706 177
1 4421 2706 176
1 4032 2706 177
1 2616 2706 180
1 7596 2706 176
1 7124 2706 177
1 8190 2706 177
1 2266 2707 185
1 2368 2707 181
1 7193 2707 184
1 2617 2707 181
1 3019 2707 184
1 3360 2707 188
1 2234 2685 173
1 7592 2784 184
1 8182 2784 182
1 4557 2784 182
1 3034 2784 185
1 7121 2784 184
1 2679 2784 190
1 3348 2784 183
1 4027 2784 185
1 7593 2787 181
1 4559 2787 179
1 7122 2787 181
1 3430 2787 174
1 3749 2787 180
1 8184 2787 181
1 2379 2787 180
1 2658 2787 182
1 4029 2787 180
1 3823 2784 184
1 3156 2787 183
1 3020 2792 187
1 3021 2795 198
1 2443 2795 196
1 2883 2795 197
1 2493 2799 174
1 3427 2799 165
1 2566 2799 175
1 3185 2799 170
1 7711 2800 183
1 8187 2800 183
1 2567 2800 183
1 8971 2787 178
1 2469 2807 184
1 2868 2807 186
1 2869 2812 192
1 3022 2812 193
1 2438 2812 190
1 2399 2817 188
1 3023 2817 192
1 3426 2817 184
1 4137 2819 171
1 3024 2819 174
1 3025 2829 182
1 4620 2829 181
1 3750 2829 182
1 2429 2829 183
1 3503 2830 180
1 2539 2830 179
1 2900 2830 184
1 2398 2834 176
1 3352 2834 179
1 8183 2834 179
1 2653 2834 177
1 4558 2834 176
1 3026 2834 172
1 4028 2834 178
1 7766 2834 176
1 3746 2834 174
1 3186 2841 182
1 2467 2841 182
1 3842 2841 180
1 2424 2842 194
1 2780 2842 189
1 3027 2842 193
1 2569 2843 197
1 2359 2850 199
1 2568 2804 181
1 2360 2852 175
1 3349 2853 178
1 3748 2853 184
1 3028 2853 181
1 2361 2853 180
1 2654 2853 182
1 3187 2856 192
1 2516 2856 191
1 2781 2856 191
1 3543 2856 186
1 3029 2858 199
1 2495 2860 172
1 7767 2860 174
1 3504 2860 172
1 3895 2860 174
1 4622 2860 173
1 3188 2860 178
1 8186 2860 176
1 2903 2860 173
1 4621 2861 190
1 2496 2861 189
1 2570 2861 189
1 3542 2861 188
1 2362 2868 186
1 7191 2868 189
1 8972 2868 190
1 4030 2868 187
1 9150 2868 189
1 2655 2868 191
1 7591 2868 191
1 8188 2868 192
1 4418 2868 189
1 3824 2868 190
1 3350 2868 189
1 3030 2868 189
1 3154 2871 180
1 3431 2871 174
1 2870 2871 180
1 3841 2873 175
1 3189 2873 178
1 3500 2873 175
1 2450 2873 178
1 3545 2880 189
1 2439 2880 191
1 2782 2884 191
1 2513 2884 188
1 4136 2892 183
1 2783 2892 186
1 3843 2892 184
1 2543 2898 182
1 3190 2898 181
1 3191 2899 182
1 3505 2899 175
1 3243 2901 156
1 2904 2903 180
1 2497 2903 179
1 3499 2906 182
1 2534 2906 185
1 3192 2908 186
1 2451 2908 188
1 4562 2908 186
1 3745 2908 186
1 2452 2921 191
1 3155 2927 176
1 4575 2927 179
1 3428 2927 173
1 2656 2927 181
1 7192 2927 176
1 8185 2927 177
1 3822 2927 178
1 2481 2931 177
1 7007 2931 180
1 3544 2931 178
1 2784 2931 178
1 3031 2933 189
1 2886 2933 188
1 3747 2941 183
1 2682 2941 185
1 4026 2941 182
1 2390 2941 184
1 3032 2941 184
1 3432 2941 177
1 3033 2942 185
1 4561 2942 185
1 2657 2942 185
1 3351 2942 186
1 3850 2963 184
1 3429 2963 179
1 4560 2963 185
1 2659 2963 187
1 3035 2963 186
1 4088 2963 187
1 2374 2964 180
1 3036 2964 180
1 2660 2964 183
1 3353 2964 177
1 2419 2966 191
1 2902 2850 196
1 3193 3002 171
1 2778 3002 172
1 7190 3002 171
1 7765 3002 170
1 8180 3009 183
1 3424 3009 181
1 3893 3002 171
1 4614 3009 181
1 3194 3009 181
1 3894 3009 182
1 2565 3009 178
1 3195 3027 192
1 3497 3033 178
1 2649 3033 180
1 3796 3048 173
1 3037 3061 190
1 7265 3076 171
1 3541 3076 167
1 3196 3076 175
1 7710 3076 173
1 2650 3088 176
1 2779 3100 178
1 3038 3111 178
1 3496 3027 190
1 2686 3111 181
1 3744 3111 176
1 2651 3116 176
1 3244 3121 192
1 4615 3121 190
1 3498 3121 185
1 3347 3123 171
1 2652 3123 175
1 3743 3123 173
1 3039 3123 174
1 4025 3123 174
1 3245 3129 185
1 3840 3129 181
1 3425 3111 170
1 3040 3198 164
1 3736 3198 165
1 4555 3198 165
1 3197 3199 174
1 7708 3201 184
1 8179 3201 184
1 3889 3201 184
1 7269 3201 184
1 4086 3202 183
1 7587 3202 181
1 4618 3202 181
1 3729 3202 181
1 3041 3202 180
1 7120 3198 164
1 3042 3203 186
1 3730 3203 183
1 4617 3203 181
1 4019 3203 181
1 7583 3203 184
1 4085 3209 184
1 8170 3209 183
1 7271 3209 181
1 3888 3214 172
1 3494 3214 173
1 7268 3214 173
1 3246 3221 183
1 3422 3203 175
1 3734 3224 177
1 3043 3224 177
1 4619 3224 175
1 3417 3227 173
1 3157 3227 179
1 3839 3232 175
1 3199 3232 177
1 3795 3236 172
1 3492 3236 170
1 8255 3236 174
1 3886 3237 178
1 7266 3237 177
1 3044 3239 175
1 3338 3239 173
1 3892 3248 177
1 4616 3248 174
1 4087 3248 167
1 8967 3250 179
1 3045 3250 181
1 7585 3250 179
1 4024 3250 182
1 8173 3250 184
1 3821 3250 183
1 7117 3250 183
1 3339 3250 183
1 4415 3250 181
1 3410 3252 161
1 3046 3252 168
1 3411 3253 174
1 3047 3253 179
1 8968 3255 176
1 3048 3255 181
1 3740 3255 182
1 4414 3255 181
1 7116 3255 180
1 10158 3255 188
1 8177 3255 183
1 4023 3255 177
1 9147 3255 180
1 3198 3222 184
1 3419 3255 178
1 9680 3255 182
1 3890 3259 189
1 9679 3259 190
1 7764 3259 189
1 7270 3259 188
1 3049 3260 171
1 4551 3260 174
1 3346 3260 172
1 4081 3260 175
1 3200 3263 198
1 3247 3265 174
1 7273 3265 173
1 3838 3265 173
1 4473 3265 174
1 8256 3265 171
1 3050 3267 172
1 3248 3268 178
1 4022 3268 176
1 7118 3268 177
1 9146 3268 176
1 8966 3268 172
1 8172 3268 177
1 4417 3268 175
1 3345 3268 176
1 7588 3268 178
1 3735 3268 179
1 3249 3270 192
1 3416 3270 190
1 3340 3273 173
1 7189 3273 174
1 3737 3273 173
1 4554 3273 175
1 3051 3273 175
1 4550 3275 170
1 7187 3275 172
1 8241 3275 171
1 7621 3275 173
1 3052 3275 174
1 7584 3255 180
1 3053 3276 176
1 3418 3276 171
1 3238 3278 178
1 8174 3279 182
1 7586 3279 181
1 4574 3279 180
1 4082 3279 185
1 3849 3279 183
1 7185 3279 179
1 3054 3279 180
1 4084 3280 180
1 7119 3280 182
1 9681 3280 180
1 7589 3280 181
1 8178 3280 183
1 4552 3280 180
1 8969 3280 172
1 9149 3280 181
1 3055 3280 181
1 3342 3280 176
1 3819 3280 179
1 4630 3281 184
1 3728 3281 183
1 7272 3282 179
1 3493 3282 175
1 3250 3282 182
1 4416 3282 180
1 4412 3285 186
1 7113 3285 188
1 4017 3285 187
1 3415 3285 178
1 3056 3285 188
1 3732 3285 185
1 7112 3286 195
1 8240 3286 194
1 4411 3286 194
1 7581 3286 194
1 3057 3286 195
1 3731 3286 195
1 4016 3286 192
1 3414 3286 190
1 3058 3287 178
1 3420 3287 174
1 7114 3289 168
1 8168 3289 166
1 3412 3289 161
1 3739 3290 186
1 3741 3291 187
1 3343 3291 187
1 4413 3291 186
1 4018 3291 164
1 8175 3291 183
1 7582 3291 185
1 7115 3291 184
1 4100 3292 176
1 3059 3295 188
1 4102 3296 191
1 3060 3296 194
1 4133 3300 179
1 3887 3300 175
1 3251 3300 178
1 3495 3300 173
1 3252 3301 185
1 4135 3301 184
1 3344 3303 182
1 3061 3303 188
1 4079 3303 185
1 8176 3303 181
1 7590 3303 184
1 7188 3303 180
1 4553 3303 181
1 3742 3303 185
1 4021 3306 178
1 8171 3306 181
1 7622 3306 180
1 3738 3306 181
1 3062 3306 179
1 3421 3306 172
1 4629 3306 179
1 3820 3307 181
1 3423 3307 177
1 4080 3307 182
1 3063 3307 182
1 3158 3308 181
1 3064 3310 191
1 3794 3314 183
1 3891 3316 184
1 4474 3316 184
1 4134 3316 182
1 4101 3317 192
1 3065 3317 194
1 4099 3318 193
1 3253 3318 195
1 7709 3319 180
1 3558 3320 188
1 8169 3326 179
1 4083 3326 180
1 9148 3326 180
1 4549 3326 179
1 3413 3326 176
1 3159 3326 182
1 7186 3326 179
1 8970 3326 159
1 4020 3328 185
1 3733 3328 187
1 3818 3330 180
1 4556 3330 180
1 3341 3275 173
1 3882 3414 171
1 4611 3414 171
1 7763 3420 180
1 9190 3420 180
1 8965 3420 181
1 3793 3420 182
1 8167 3420 182
1 10093 3420 180
1 3556 3423 179
1 7263 3428 184
1 7707 3428 184
1 8162 3431 181
1 3536 3414 168
1 9779 3431 179
1 4078 3440 191
1 3789 3440 192
1 4098 3442 186
1 3836 3443 181
1 4472 3443 180
1 3885 3445 171
1 8161 3445 171
1 7108 3445 173
1 4131 3447 181
1 4148 3468 181
1 3817 3468 184
1 3726 3469 178
1 4077 3469 178
1 3330 3469 176
1 3337 3471 180
1 3725 3471 177
1 4015 3471 176
1 4409 3471 178
1 4547 3473 180
1 3837 3473 179
1 3537 3473 177
1 4128 3488 175
1 4471 3488 176
1 7761 3488 175
1 3538 3488 173
1 9145 3490 186
1 7579 3490 188
1 8961 3490 186
1 3727 3490 188
1 7006 3490 189
1 7111 3490 186
1 4012 3490 190
1 3331 3490 185
1 8163 3490 187
1 3408 3509 193
1 9246 3533 184
1 7762 3533 185
1 3487 3538 183
1 8254 3538 190
1 3883 3538 190
1 3488 3552 181
1 7264 3552 180
1 3884 3552 182
1 9245 3552 182
1 7575 3559 172
1 8960 3559 169
1 7181 3559 171
1 4546 3559 170
1 3332 3559 168
1 8160 3559 170
1 3722 3559 168
1 3333 3563 179
1 7576 3563 180
1 7182 3563 180
1 8165 3563 186
1 3723 3563 180
1 9143 3564 178
1 8962 3564 175
1 10092 3564 179
1 4013 3564 178
1 3334 3564 178
1 9678 3564 179
1 7580 3564 181
1 7109 3564 178
1 8239 3564 178
1 4408 3564 179
1 3724 3564 179
1 3335 3567 184
1 3847 3567 179
1 7578 3567 178
1 9144 3567 179
1 8963 3567 180
1 9873 3567 178
1 7110 3567 182
1 4410 3567 182
1 8166 3567 175
1 3792 3571 182
1 9009 3571 177
1 9814 3571 179
1 3409 3573 187
1 3539 3577 180
1 3489 3581 183
1 3848 3589 183
1 7183 3589 181
1 7577 3589 181
1 8164 3589 188
1 4014 3589 181
1 3336 3589 181
1 4132 3592 182
1 7256 3592 181
1 3490 3592 178
1 3491 3593 186
1 4612 3593 194
1 3540 3604 183
1 4407 3607 181
1 8986 3607 181
1 3790 3607 181
1 7106 3607 180
1 4129 3609 178
1 3557 3611 178
1 7107 4131 186
1 4613 4322 183
1 3791 4322 181
1 7139 3431 176
1 4130 4131 184
1 7760 3636 180
1 4405 3641 177
1 3785 3641 178
1 3878 3636 175
1 8155 3651 182
1 3881 3651 180
1 4628 3658 199
1 8985 3641 175
1 4073 3659 185
1 3786 3659 184
1 8159 3636 178
1 8238 3658 194
1 10091 3662 169
1 8157 3662 169
1 3787 3662 166
1 4470 3636 180
1 7259 3681 185
1 4545 3692 173
1 7620 3692 174
1 7105 3692 173
1 3720 3700 185
1 4404 3700 187
1 4011 3700 186
1 4406 3704 187
1 7104 3704 185
1 7572 3704 186
1 3721 3704 187
1 4609 3711 180
1 3879 3711 181
1 7102 3725 187
1 4076 3725 190
1 9007 3725 189
1 7138 3734 188
1 4147 3738 175
1 3816 3738 176
1 4544 3738 175
1 8158 3738 175
1 7184 3738 174
1 8959 3738 176
1 7573 3738 174
1 7704 3748 172
1 3880 3759 176
1 8302 3641 180
1 4126 3641 177
1 8237 3762 172
1 7101 3762 174
1 7261 3771 172
1 4610 3771 172
1 7706 3771 171
1 7705 3782 176
1 9813 3659 184
1 7258 3662 166
1 8253 3796 182
1 9008 3796 187
1 9778 3796 183
1 7260 4104 183
1 9777 3662 151
1 4074 3762 175
1 8304 4103 186
1 3788 3782 175
1 7257 4103 181
1 4075 3782 177
1 4127 3759 176
1 7757 3881 184
1 4608 3954 183
1 4402 3968 176
1 4071 3954 184
1 10660 4004 177
1 7254 4008 180
1 4010 3968 178
1 7703 4004 179
1 4146 4051 169
1 8236 4051 169
1 9189 4051 168
1 7758 3945 166
1 7569 4051 169
1 7759 4068 174
1 8154 4004 179
1 7100 4051 166
1 11374 4004 173
1 8301 4008 181
1 4072 4120 180
1 8958 4051 166
1 4403 4051 169
1 7571 3885 175
1 7255 4068 176
1 9244 4004 176
1 8298 4155 180
1 4601 4153 178
1 7750 4157 173
1 9006 4155 177
1 7093 4155 176
1 7094 4156 186
1 4463 4161 170
1 7697 4161 171
1 8299 4162 175
1 4381 4159 186
1 9005 4166 176
1 4383 4168 183
1 8232 4169 172
1 4529 4169 176
1 7751 4170 186
1 7244 4170 186
1 4384 4172 175
1 7698 4173 193
1 7245 4173 192
1 4602 4175 175
1 4385 4176 190
1 4530 4177 191
1 7565 4179 186
1 7095 4179 185
1 8148 4179 188
1 4386 4179 183
1 7699 4184 187
1 7246 4184 186
1 8149 4184 188
1 4387 4186 177
1 4531 4187 173
1 10745 4190 182
1 10282 4190 182
1 7753 4190 180
1 12533 4193 183
1 13439 4193 184
1 9142 4193 182
1 7096 4193 182
1 7566 4193 183
1 8150 4193 182
1 10659 4193 184
1 10090 4193 186
1 9677 4193 181
1 4388 4193 184
1 11741 4193 185
1 8954 4193 175
1 10984 4193 184
1 7700 4195 179
1 4603 4196 183
1 4382 4164 192
1 4390 4205 180
1 8153 4206 180
1 7619 4206 180
1 4532 4206 177
1 4391 4209 187
1 4392 4210 196
1 4533 4212 180
1 4604 4216 187
1 8955 4217 180
1 7097 4217 179
1 7567 4217 180
1 8235 4217 180
1 4393 4217 177
1 4534 4218 193
1 4464 4220 169
1 9188 4223 174
1 7247 4223 174
1 8984 4223 175
1 7755 4226 181
1 7248 4226 182
1 4535 4227 176
1 4394 4229 189
1 4465 4230 188
1 4466 4232 176
1 4607 4234 183
1 8233 4238 184
1 4536 4238 174
1 7098 4238 180
1 10658 4238 178
1 4537 4240 177
1 8300 4241 178
1 4467 4241 178
1 9776 4241 181
1 7249 4242 180
1 4468 4242 180
1 4395 4243 183
1 7754 4244 177
1 4396 4250 177
1 4397 4251 184
1 4538 4255 169
1 7251 4255 170
1 4539 4256 185
1 7701 4257 187
1 8956 4258 169
1 10157 4258 180
1 10572 4258 173
1 9675 4258 173
1 7178 4258 170
1 7625 4258 172
1 4540 4258 170
1 8152 4258 172
1 7756 4259 171
1 7252 4259 171
1 4401 4260 172
1 4398 4261 164
1 4541 4262 188
1 4605 4266 186
1 4543 4309 167
1 7099 4310 169
1 7253 4313 184
1 10574 4313 185
1 10088 4313 190
1 7702 4314 172
1 4606 4314 170
1 10089 4316 173
1 7179 4316 173
1 10573 4316 173
1 9676 4316 170
1 4542 4316 173
1 8151 4316 175
1 8957 4316 172
1 7180 4317 179
1 8234 4318 181
1 4469 4318 178
1 4528 4157 173
1 4462 4158 180
1 4389 4200 194
1 4400 4543 184
1 9665 4335 179
1 8130 4335 179
1 10566 4335 176
1 7686 4335 177
1 8131 4343 198
1 7050 4343 198
1 7687 4345 163
1 7231 4345 162
1 8983 4346 161
1 7746 4346 161
1 7232 4346 160
1 8147 4346 163
1 7051 4353 181
1 7688 4359 180
1 7233 4359 183
1 9186 4359 184
1 8297 4359 186
1 9674 4359 185
1 7613 4343 197
1 10446 4359 186
1 10084 4361 186
1 9774 4361 186
1 11740 4361 185
1 7563 4378 177
1 8142 4378 178
1 7234 4378 176
1 7689 4385 182
1 7136 4385 183
1 9133 4386 173
1 8944 4386 174
1 8227 4386 177
1 10087 4359 181
1 7551 4386 171
1 11319 4395 183
1 9672 4395 178
1 8953 4395 187
1 8132 4395 182
1 9141 4395 183
1 10086 4395 180
1 10570 4395 177
1 7053 4395 182
1 10080 4335 178
1 7235 4396 178
1 7690 4396 179
1 10654 4398 183
1 8228 4398 186
1 9666 4398 182
1 7747 4398 183
1 7236 4399 183
1 10280 4399 184
1 9773 4404 183
1 7134 4404 183
1 8945 4407 158
1 7054 4407 172
1 10081 4407 160
1 9135 4407 161
1 11317 4407 161
1 10567 4407 161
1 9667 4407 162
1 7554 4407 160
1 8133 4407 161
1 9809 4410 182
1 10082 4410 171
1 7691 4410 178
1 7237 4410 176
1 10568 4410 180
1 11065 4410 181
1 9241 4410 180
1 8134 4410 182
1 7692 4416 188
1 11320 4418 185
1 10156 4418 186
1 9673 4418 183
1 8946 4418 182
1 9136 4418 185
1 7055 4418 181
1 10571 4418 185
1 7555 4418 186
1 8135 4418 183
1 10085 4420 185
1 9243 4420 179
1 8136 4420 182
1 7748 4420 178
1 9003 4432 185
1 7695 4432 186
1 7239 4432 188
1 8229 4440 198
1 7614 4440 198
1 7073 4440 197
1 8948 4454 178
1 8140 4454 180
1 9668 4454 178
1 10154 4454 179
1 7561 4454 179
1 11318 4454 177
1 10569 4454 179
1 7056 4454 179
1 9137 4454 179
1 9775 4456 176
1 8947 4456 177
1 7693 4456 177
1 10657 4456 177
1 8949 4459 181
1 7562 4459 182
1 7057 4459 184
1 8141 4459 184
1 9138 4459 184
1 9004 4460 178
1 8252 4460 187
1 7059 4461 198
1 9817 4461 200
1 7694 4461 198
1 9187 4461 198
1 7087 4465 186
1 10983 4465 186
1 12532 4465 186
1 7556 4465 185
1 12800 4465 186
1 10655 4465 186
1 8145 4465 185
1 9670 4465 187
1 9140 4465 185
1 10083 4465 186
1 11739 4465 186
1 8952 4465 185
1 7088 4466 189
1 8310 4466 206
1 7557 4466 188
1 8143 4467 197
1 7089 4467 169
1 7558 4467 169
1 8950 4467 171
1 8951 4468 170
1 9669 4468 170
1 7074 4468 169
1 9139 4468 171
1 10155 4468 171
1 7559 4468 170
1 8144 4468 174
1 9811 4470 183
1 7240 4470 183
1 9812 4472 176
1 7241 4472 172
1 8146 4473 180
1 10656 4473 179
1 7091 4473 176
1 9671 4473 177
1 7616 4473 178
1 7242 4517 179
1 7564 4529 193
1 7075 4529 191
1 8231 4529 195
1 7052 4386 172
1 8138 4562 193
1 7617 4562 190
1 7092 4562 190
1 9242 5250 175
1 8139 4688 172
1 8137 4734 179
1 7552 4395 181
1 7243 4734 177
1 10281 5250 179
1 7749 5250 175
1 7238 5250 175
1 9810 5250 177
1 7560 4734 178
1 9131 4575 176
1 7548 4575 176
1 9661 4575 174
1 10563 4575 176
1 11315 4631 172
1 11738 4631 174
1 8940 4575 177
1 7550 4635 187
1 10078 4575 176
1 11314 4575 175
1 10564 4631 174
1 10079 4598 182
1 8982 4598 178
1 9240 4628 182
1 10279 4628 183
1 9662 4631 174
1 8127 4631 172
1 7549 4636 184
1 8942 4636 185
1 11316 4636 186
1 9663 4636 185
1 8129 4635 190
1 9132 4636 187
1 12711 4636 185
1 8128 4636 184
1 8126 4575 172
1 14074 4636 186
1 12482 4636 188
1 10153 4636 186
1 10565 4636 187
1 13354 4636 187
1 7684 5276 172
1 11103 5276 174
1 8296 5312 192
1 9664 5326 179
1 8943 5326 178
1 9239 5326 182
1 7685 5326 182
1 8289 5059 180
1 8981 5060 178
1 8098 5061 169
1 10077 5063 179
1 9202 5063 178
1 9002 5063 178
1 8099 5066 192
1 8210 5067 181
1 11307 5069 187
1 10650 5069 187
1 9643 5069 186
1 8211 5069 188
1 10069 5069 187
1 9125 5086 199
1 8100 5076 177
1 9767 5076 178
1 8212 5077 185
1 8213 5080 185
1 8102 5084 183
1 8929 5084 181
1 9644 5084 183
1 10148 5084 186
1 10651 5084 183
1 9124 5084 182
1 9236 5085 183
1 8103 5086 193
1 8214 5096 189
1 9126 5097 189
1 8105 5097 188
1 8932 5097 185
1 10274 5100 183
1 9646 5100 182
1 8106 5100 182
1 8292 5102 183
1 9001 5103 167
1 9772 5103 170
1 10445 5103 171
1 8107 5105 180
1 11737 5107 171
1 8939 5107 169
1 8290 5075 188
1 8108 5107 174
1 10560 5107 170
1 9657 5107 170
1 10073 5107 172
1 9130 5107 170
1 8215 5108 185
1 8109 5111 173
1 9647 5111 169
1 10652 5111 169
1 8216 5113 189
1 8293 5114 188
1 10562 5119 179
1 10070 5119 179
1 8217 5120 168
1 9649 5121 179
1 9183 5121 180
1 8110 5121 179
1 10071 5121 170
1 11308 5121 177
1 10275 5122 175
1 8111 5124 177
1 10072 5125 174
1 9650 5125 171
1 11309 5127 169
1 11734 5127 169
1 9651 5127 169
1 8218 5128 185
1 8112 5129 181
1 8113 5130 194
1 9769 5130 182
1 10653 5130 182
1 8114 5132 189
1 10558 5132 191
1 10742 5133 180
1 11857 5133 180
1 8115 5135 170
1 10559 5137 182
1 8116 5137 182
1 11735 5137 182
1 11313 5107 170
1 9652 5137 182
1 9127 5137 181
1 10150 5137 182
1 11311 5137 182
1 9185 5141 179
1 8219 5141 172
1 8934 5141 176
1 10074 5141 177
1 9658 5141 175
1 8117 5142 182
1 8251 5144 167
1 9807 5144 169
1 11063 5144 168
1 10444 5144 165
1 10276 5144 169
1 9237 5144 165
1 9653 5146 166
1 10151 5146 192
1 8220 5147 189
1 8935 5150 173
1 9128 5150 172
1 10075 5150 172
1 11312 5150 173
1 9659 5150 172
1 10561 5150 172
1 8119 5150 173
1 9808 5152 187
1 9238 5152 185
1 8294 5152 185
1 10277 5152 187
1 8221 5153 192
1 8222 5156 185
1 8223 5157 172
1 8120 5158 188
1 8122 5226 176
1 8936 5226 175
1 9184 5232 173
1 8123 5232 172
1 10743 5232 176
1 9654 5232 171
1 8124 5234 178
1 8937 5235 175
1 9129 5235 175
1 8125 5235 177
1 9655 5235 177
1 9770 5242 174
1 10744 5242 174
1 11102 5242 172
1 8226 5246 178
1 8295 5247 180
1 8938 5248 168
1 9656 5248 170
1 10152 5248 169
1 11310 5248 166
1 9645 5086 192
1 10149 5086 196
1 8930 5086 198
1 8104 5087 190
1 9182 5089 185
1 8931 5089 180
1 10076 5089 187
1 9660 5089 181
1 8291 5094 171
1 11733 5094 173
1 9768 5094 175
1 10199 5094 177
1 8224 5403 185
1 8225 5407 192
1 8933 5137 180
1 11856 5420 195
1 10982 5421 190
1 9638 5421 187
1 9802 5420 194
1 8903 5421 190
1 10145 5421 191
1 10739 5421 190
1 9181 5421 188
1 11852 5422 196
1 9803 5426 182
1 10977 5427 175
1 9227 5422 192
1 9196 5427 175
1 10548 5427 174
1 10266 5430 178
1 10738 5430 182
1 8904 5430 177
1 10741 5431 176
1 9614 5431 184
1 14182 5431 186
1 11730 5431 182
1 10271 5433 177
1 9764 5433 175
1 10734 5433 176
1 9228 5433 174
1 9633 5439 186
1 9178 5439 190
1 10644 5439 190
1 12527 5442 191
1 11288 5442 191
1 8905 5442 190
1 12706 5442 189
1 9112 5442 190
1 10049 5442 187
1 9615 5442 186
1 10542 5442 192
1 11289 5443 179
1 8906 5443 163
1 9616 5443 180
1 11723 5443 179
1 11718 5444 179
1 9113 5444 180
1 8907 5444 178
1 11295 5444 181
1 10050 5444 182
1 10549 5444 179
1 9617 5444 182
1 8908 5447 180
1 9618 5447 175
1 10735 5447 184
1 9765 5455 170
1 10058 5427 172
1 9754 5456 167
1 8997 5456 172
1 9229 5458 183
1 9755 5459 182
1 9766 5460 179
1 11290 5466 172
1 9619 5466 173
1 10139 5466 176
1 9114 5466 174
1 8909 5466 171
1 10543 5466 172
1 9230 5467 196
1 11853 5468 189
1 9756 5469 179
1 10060 5469 176
1 9231 5476 187
1 10443 5476 187
1 9115 5480 190
1 10544 5480 189
1 8927 5483 177
1 10545 5484 171
1 10730 5485 173
1 10200 5485 176
1 14191 5486 184
1 10976 5486 186
1 11725 5486 186
1 9632 5486 180
1 10270 5486 186
1 9179 5486 184
1 13351 5490 177
1 12479 5490 177
1 11296 5490 178
1 12708 5490 177
1 14564 5490 176
1 15073 5490 176
1 14072 5490 177
1 9620 5490 175
1 11721 5490 177
1 10051 5490 179
1 10550 5490 175
1 8910 5490 178
1 9180 5490 178
1 9232 5491 172
1 11717 5491 176
1 8911 5491 174
1 12531 5495 174
1 13352 5495 176
1 10064 5495 174
1 9621 5495 172
1 11304 5495 176
1 10649 5495 176
1 11729 5495 178
1 11719 5496 186
1 10737 5496 188
1 14181 5496 188
1 8912 5496 183
1 10979 5496 186
1 14563 5496 187
1 10052 5496 186
1 14073 5501 182
1 9116 5501 182
1 12709 5501 184
1 9622 5501 182
1 12480 5501 185
1 10556 5501 183
1 13353 5501 184
1 14974 5501 182
1 13409 5501 183
1 15672 5501 185
1 8913 5501 184
1 14565 5501 183
1 10066 5501 184
1 11305 5501 186
1 11731 5501 183
1 9804 5505 184
1 10272 5505 185
1 11061 5505 184
1 11855 5505 183
1 10978 5506 179
1 9757 5506 181
1 10059 5506 179
1 9639 5510 184
1 10146 5510 189
1 8914 5510 183
1 11722 5510 188
1 9122 5510 186
1 11297 5510 187
1 10552 5510 186
1 9233 5513 191
1 9758 5514 180
1 10057 5515 180
1 9197 5515 178
1 9198 5516 179
1 11291 5520 182
1 12707 5520 181
1 12478 5520 181
1 11716 5520 178
1 10053 5520 169
1 9623 5520 183
1 13350 5520 182
1 9117 5520 182
1 14071 5520 181
1 10546 5520 181
1 8915 5520 178
1 10061 5525 185
1 11726 5525 182
1 9118 5525 185
1 9642 5525 184
1 8916 5525 178
1 10555 5525 186
1 11300 5525 185
1 11292 5526 185
1 12799 5526 185
1 12528 5526 186
1 9624 5526 181
1 8917 5526 182
1 9625 5528 186
1 12710 5528 186
1 9119 5528 186
1 8918 5528 188
1 10067 5528 186
1 10557 5528 185
1 12481 5528 185
1 11732 5528 185
1 11306 5528 185
1 11303 5530 167
1 11728 5530 168
1 9626 5530 168
1 10063 5530 169
1 10740 5530 168
1 9636 5531 183
1 10647 5531 185
1 10142 5531 182
1 9120 5531 183
1 11302 5531 182
1 11727 5531 184
1 9000 5531 181
1 10147 5535 179
1 9640 5535 175
1 8919 5535 176
1 9123 5535 175
1 10553 5535 176
1 11298 5535 175
1 10442 5542 179
1 8920 5542 177
1 10054 5542 178
1 9627 5542 180
1 9635 5543 184
1 9199 5543 185
1 11294 5543 185
1 10062 5544 180
1 11299 5547 170
1 9641 5547 167
1 13570 5547 170
1 12530 5547 168
1 8921 5552 179
1 9805 5552 182
1 8928 5555 183
1 9121 5555 182
1 10551 5555 183
1 10143 5555 189
1 9637 5555 184
1 9806 5556 188
1 9234 5561 188
1 10267 5562 185
1 10731 5562 181
1 10981 5562 182
1 8922 5562 179
1 9763 5589 172
1 10733 5589 174
1 9759 5593 180
1 11854 5593 179
1 12854 5594 181
1 10268 5595 186
1 8999 5596 186
1 8998 5597 167
1 11101 5597 166
1 13459 5597 165
1 10732 5604 180
1 10141 5604 180
1 9235 5604 178
1 9762 5606 188
1 9201 5616 187
1 10056 5616 182
1 8925 5622 193
1 10645 5626 171
1 9634 5626 171
1 9200 5626 171
1 10646 5631 168
1 9631 5631 167
1 10269 5631 171
1 11062 5631 169
1 9629 5632 182
1 10643 5632 180
1 11293 5636 187
1 10547 5636 187
1 9628 5636 178
1 10140 5636 185
1 8924 5636 185
1 9761 5648 187
1 11060 5648 189
1 10273 5648 187
1 10736 5648 187
1 10648 5652 185
1 9630 5652 184
1 11301 5652 184
1 11720 5662 173
1 10055 5662 180
1 10980 5662 173
1 12529 5662 174
1 8923 5662 170
1 8926 5705 181
1 8980 5455 176
1 10729 5741 185
1 9610 5741 181
1 10975 5741 184
1 9174 5741 183
1 9175 5751 171
1 11287 5751 171
1 10138 5751 176
1 12525 5751 173
1 11715 5751 172
1 10728 5751 175
1 9752 5759 169
1 9753 5762 194
1 10136 5768 196
1 11714 5768 194
1 9611 5768 195
1 11284 5768 195
1 10048 5741 186
1 9111 5768 192
1 11285 5891 175
1 9612 5891 170
1 11064 5917 180
1 10540 5768 193
1 10541 6302 193
1 9613 6302 194
1 11286 6302 194
1 10137 6302 196
1 9740 6082 182
1 10041 6084 179
1 9744 6086 170
1 11850 6086 170
1 9799 6089 182
1 9743 6084 158
1 9745 6099 182
1 10133 6116 191
1 11273 6116 187
1 11058 6089 182
1 9592 6116 187
1 10534 6116 190
1 9593 6118 171
1 11706 6116 175
1 9594 6124 171
1 11713 6124 171
1 10042 6124 173
1 10263 6118 174
1 10535 6124 172
1 10197 6125 179
1 10724 6125 186
1 12853 6127 178
1 10047 6127 173
1 9746 6127 177
1 9748 6136 184
1 11059 6136 185
1 10725 6136 187
1 10727 6145 182
1 12524 6145 181
1 10265 6145 180
1 11283 6124 172
1 9749 6147 175
1 10198 6147 180
1 10641 6150 182
1 11274 6150 181
1 11707 6150 182
1 9596 6150 183
1 10134 6150 181
1 12477 6151 183
1 11275 6151 182
1 9597 6151 181
1 11712 6151 181
1 10043 6155 172
1 9595 6145 174
1 10974 6100 192
1 10723 6100 192
1 9591 6100 192
1 10536 6155 172
1 11279 6159 183
1 11710 6159 182
1 9599 6159 177
1 10044 6159 186
1 9601 6164 179
1 10642 6168 169
1 11278 6168 169
1 11709 6168 169
1 14562 6168 169
1 14118 6168 168
1 9602 6168 168
1 13349 6168 170
1 9606 6171 183
1 11277 6171 184
1 10537 6176 173
1 12476 6176 176
1 11282 6176 176
1 9607 6176 173
1 10726 6186 156
1 9750 6186 164
1 10045 6189 176
1 10538 6189 176
1 11280 6189 175
1 9608 6189 174
1 11711 6189 174
1 9800 6193 182
1 11851 6193 181
1 10264 6193 182
1 9751 6195 186
1 12475 6196 175
1 10135 6196 176
1 11281 6196 174
1 9609 6196 174
1 12798 6196 174
1 10539 6196 175
1 11276 6155 172
1 9598 6155 173
1 12474 6155 172
1 11708 6155 173
1 9801 6528 175
1 11100 6099 183
1 11098 6331 184
1 10525 6332 188
1 10032 6332 188
1 11261 6332 190
1 11699 6332 189
1 10526 6333 183
1 10129 6333 184
1 10720 6338 181
1 10257 6342 179
1 11262 6333 184
1 10527 6345 193
1 10194 6345 194
1 10528 6348 171
1 14561 6348 171
1 10033 6348 175
1 12470 6348 171
1 15111 6348 171
1 14069 6348 172
1 11263 6348 171
1 13347 6348 171
1 12704 6348 172
1 11700 6348 173
1 10634 6342 180
1 11099 6354 180
1 10258 6362 179
1 10635 6362 177
1 13655 6369 179
1 10259 6369 184
1 11326 6406 185
1 10034 6406 184
1 10640 6406 185
1 13348 6406 183
1 12473 6406 184
1 12797 6406 185
1 14070 6406 184
1 10195 6354 181
1 11056 6408 174
1 13569 6408 173
1 12882 6408 175
1 11701 6408 173
1 10130 6408 172
1 12796 6332 141
1 10035 6411 186
1 10529 6411 186
1 11264 6411 187
1 10036 6414 177
1 11265 6425 178
1 11057 6435 184
1 12552 6435 183
1 10721 6435 184
1 10260 6435 181
1 11266 6441 170
1 10636 6441 170
1 10037 6441 170
1 11704 6441 170
1 10530 6451 181
1 11267 6451 181
1 11702 6451 182
1 10131 6451 181
1 11849 6452 183
1 10038 6452 182
1 10637 6452 184
1 11848 6455 175
1 10722 6455 173
1 10261 6455 179
1 10638 6459 179
1 11780 6463 187
1 10531 6463 185
1 11268 6463 186
1 10039 6463 185
1 11270 6479 196
1 10040 6479 196
1 12705 6479 197
1 13568 6479 195
1 11703 6479 197
1 12472 6479 194
1 10639 6479 196
1 11781 6486 200
1 10132 6486 200
1 11271 6486 186
1 10532 6486 198
1 12471 6409 182
1 10196 6536 183
1 10533 6536 183
1 12523 6408 175
1 10262 6779 184
1 11233 6565 196
1 11679 6565 197
1 10621 6565 199
1 12788 6577 180
1 13561 6577 187
1 10623 6577 186
1 10622 6567 177
1 11772 6577 187
1 10624 6583 191
1 11235 6583 188
1 13562 6583 188
1 12516 6583 190
1 11838 6585 182
1 11695 6588 180
1 12787 6565 197
1 10626 6591 177
1 11839 6591 178
1 10712 6593 173
1 11049 6593 171
1 11234 6577 186
1 11773 6599 180
1 12458 6599 179
1 11236 6599 179
1 12698 6599 179
1 10510 6599 179
1 12522 6605 176
1 11238 6605 176
1 10625 6588 180
1 11778 6605 175
1 13458 6608 180
1 10714 6608 181
1 10970 6608 181
1 11840 6593 172
1 12702 6608 180
1 11841 6609 168
1 11050 6609 170
1 10715 6609 171
1 11239 6615 175
1 12459 6615 174
1 11680 6615 174
1 10511 6615 174
1 12699 6615 173
1 11681 6616 194
1 13406 6616 193
1 13342 6616 194
1 11240 6616 195
1 14062 6616 194
1 12460 6616 193
1 10512 6616 194
1 12700 6616 195
1 11241 6617 175
1 10513 6617 170
1 12701 6617 176
1 11682 6617 176
1 12461 6617 176
1 11242 6620 187
1 11683 6620 189
1 10627 6625 171
1 11243 6625 171
1 11698 6625 171
1 12792 6625 171
1 12468 6625 172
1 14063 6625 173
1 10514 6633 183
1 11244 6633 184
1 15671 6644 181
1 11245 6644 180
1 10713 6605 178
1 12469 6644 181
1 15110 6644 180
1 14064 6644 180
1 10628 6644 181
1 11779 6608 180
1 11684 6644 179
1 12793 6644 184
1 11685 6646 174
1 10629 6646 174
1 11051 6646 173
1 13456 6654 167
1 10971 6654 167
1 14117 6654 168
1 16032 6663 177
1 11696 6663 177
1 11246 6663 177
1 14114 6663 178
1 11052 6666 174
1 10716 6666 177
1 11053 6674 172
1 10717 6674 173
1 11842 6675 184
1 14066 6678 173
1 12463 6678 173
1 11247 6678 175
1 14559 6679 179
1 15072 6679 179
1 11686 6679 179
1 11248 6679 178
1 12464 6679 179
1 12794 6679 178
1 10515 6679 178
1 13345 6679 177
1 14065 6679 178
1 13407 6679 178
1 12517 6680 184
1 10972 6680 184
1 11774 6680 185
1 10718 6680 188
1 10516 6682 182
1 12466 6682 184
1 11260 6682 183
1 13346 6682 183
1 14067 6682 183
1 12703 6682 182
1 11694 6682 183
1 14115 6683 181
1 11249 6683 181
1 11687 6683 182
1 13344 6683 181
1 15727 6685 168
1 13563 6688 172
1 14180 6688 172
1 10440 6689 187
1 10630 6690 174
1 12518 6690 173
1 15124 6690 173
1 13564 6690 174
1 11250 6690 173
1 13502 6691 181
1 11843 6691 181
1 11097 6691 181
1 12881 6691 181
1 11844 6692 167
1 11251 6694 178
1 10517 6694 178
1 11775 6694 179
1 10518 6695 169
1 10519 6697 174
1 10441 6701 182
1 11845 6713 175
1 11252 6715 176
1 11846 6717 182
1 11688 6718 183
1 11253 6718 186
1 10520 6718 185
1 11254 6719 183
1 10521 6719 184
1 11689 6719 183
1 12789 6721 197
1 13565 6721 196
1 11255 6721 196
1 12519 6721 197
1 11690 6721 195
1 10631 6721 195
1 11256 6722 187
1 10522 6722 185
1 13566 6722 187
1 12790 6722 188
1 11691 6722 188
1 12791 6723 173
1 11697 6723 174
1 11257 6723 172
1 12520 6723 173
1 10632 6723 172
1 14068 6724 177
1 11258 6724 180
1 12795 6724 180
1 11692 6724 179
1 12465 6724 180
1 10523 6724 180
1 12521 6725 183
1 11259 6725 184
1 10633 6725 183
1 13408 6726 177
1 13343 6726 178
1 10973 6726 178
1 10524 6726 176
1 11054 6729 191
1 11693 6730 178
1 10719 6730 181
1 11777 6770 179
1 14116 6770 177
1 13457 6770 178
1 12852 6776 182
1 11055 6776 180
1 11847 6776 182
1 14560 6777 185
1 13567 6777 184
1 12851 6777 184
1 16018 6644 181
1 14558 6644 180
1 14640 6827 172
1 14113 6827 176
1 13338 6827 176
1 15145 6827 175
1 13404 6827 177
1 12844 6827 178
1 11828 6829 184
1 11092 6831 176
1 13556 6831 176
1 11837 6831 178
1 12848 6831 177
1 13550 6833 172
1 11829 6833 174
1 11764 6834 191
1 12696 6834 190
1 11198 6834 189
1 12513 6834 190
1 13551 6837 182
1 11039 6838 182
1 11093 6841 173
1 14111 6851 177
1 13402 6851 179
1 13329 6851 178
1 12549 6857 172
1 12845 6857 172
1 11656 6859 190
1 11040 6860 188
1 12847 6860 187
1 13559 6866 182
1 14179 6866 182
1 12850 6866 181
1 14639 6866 183
1 11094 6866 184
1 11830 6866 182
1 11831 6867 178
1 11657 6868 189
1 11199 6868 187
1 11200 6869 179
1 12777 6869 178
1 12505 6869 179
1 11658 6869 179
1 13552 6869 178
1 11832 6874 169
1 12846 6874 170
1 13553 6874 170
1 11833 6884 189
1 11201 6886 189
1 11659 6886 191
1 11041 6888 183
1 11042 6892 185
1 14671 6892 180
1 11660 6898 175
1 11202 6898 174
1 10967 6900 181
1 12849 6900 182
1 13455 6900 180
1 11043 6907 187
1 11661 6909 172
1 11203 6909 174
1 11204 6910 183
1 11662 6910 183
1 12550 6911 184
1 12879 6911 181
1 11205 6915 180
1 10968 6916 176
1 12693 6916 176
1 11676 6916 178
1 11834 6920 184
1 14552 6927 181
1 13333 6927 182
1 12455 6927 182
1 11206 6927 183
1 11663 6927 182
1 11664 6928 177
1 11207 6928 177
1 13403 6929 174
1 14055 6929 172
1 11208 6929 174
1 12781 6929 173
1 13334 6929 174
1 11665 6929 173
1 12456 6929 174
1 11666 6930 180
1 12447 6930 179
1 11209 6930 180
1 13452 6930 180
1 12691 6930 179
1 14548 6930 180
1 15070 6930 180
1 14051 6930 179
1 11044 6933 193
1 11765 6935 183
1 11210 6935 181
1 11766 6936 167
1 11211 6936 167
1 13330 6936 168
1 12506 6936 168
1 14112 6937 171
1 12695 6937 173
1 14551 6937 174
1 15109 6937 175
1 13336 6937 174
1 11213 6937 173
1 11667 6937 175
1 14557 6938 182
1 14060 6938 182
1 12785 6938 183
1 11214 6938 184
1 12448 6938 184
1 11668 6938 183
1 15123 6938 183
1 13453 6939 179
1 11767 6939 181
1 12507 6939 181
1 11215 6943 179
1 13555 6943 180
1 15611 6943 179
1 12880 6943 181
1 14588 6945 181
1 13341 6945 184
1 11217 6945 183
1 15686 6945 182
1 12784 6945 184
1 12449 6945 183
1 10966 6827 177
1 13405 6948 175
1 12450 6948 175
1 12783 6948 177
1 13340 6948 175
1 14058 6948 176
1 11669 6948 176
1 11218 6948 175
1 14555 6957 187
1 16066 6957 186
1 12515 6957 187
1 11768 6957 185
1 13337 6957 184
1 11219 6957 182
1 11220 6958 185
1 12452 6958 183
1 14054 6958 183
1 11835 6962 173
1 15219 6962 172
1 14549 6967 184
1 11670 6967 186
1 15108 6967 185
1 12508 6967 185
1 10969 6967 186
1 16031 6967 187
1 13331 6967 185
1 12778 6967 184
1 11671 6969 181
1 16017 6969 181
1 13335 6969 182
1 12457 6969 181
1 14056 6969 180
1 14553 6969 181
1 12694 6969 182
1 15670 6969 182
1 11221 6969 181
1 15071 6969 181
1 11675 6971 170
1 11222 6971 169
1 11224 6972 181
1 11672 6972 180
1 13500 6979 183
1 12551 6979 184
1 11836 6979 182
1 11045 6979 182
1 11095 6981 193
1 11225 6982 174
1 14554 6982 175
1 13557 6982 176
1 11769 6982 174
1 15039 6982 175
1 12453 6986 183
1 13339 6986 184
1 12782 6986 182
1 14057 6986 181
1 12697 6990 180
1 15612 6990 177
1 11226 6990 179
1 12509 6990 179
1 13560 6990 178
1 11046 7039 189
1 11673 7043 174
1 11227 7043 172
1 13454 7043 173
1 14053 7043 173
1 12692 7043 176
1 12451 7043 174
1 14550 7043 174
1 12510 7045 187
1 11770 7045 187
1 11228 7045 186
1 13558 7046 176
1 11677 7046 178
1 11229 7048 195
1 13554 7050 184
1 11674 7050 181
1 11230 7050 183
1 12779 7050 184
1 11231 7051 181
1 12786 7051 181
1 12454 7051 180
1 14178 7053 178
1 15246 7053 179
1 12884 7055 185
1 15178 7055 183
1 11096 7056 176
1 14638 7056 175
1 15175 7056 176
1 13501 7063 179
1 15245 7063 179
1 11048 7063 179
1 13332 7095 206
1 11771 7095 208
1 11232 7095 206
1 12511 7095 208
1 14059 6945 182
1 14052 8997 181
1 13320 7108 170
1 14173 7109 189
1 14107 7108 171
1 14139 7115 182
1 11818 7115 183
1 13321 7112 185
1 13398 7112 186
1 11819 7124 173
1 11820 7125 191
1 14140 7131 185
1 15192 7131 185
1 13397 7108 171
1 12878 7133 188
1 15037 7133 189
1 13549 7133 180
1 11636 7134 187
1 12436 7134 189
1 12682 7134 190
1 12546 7118 182
1 11759 7140 179
1 13449 7142 175
1 15610 7142 175
1 12547 7142 176
1 15038 7142 175
1 15609 7133 187
1 13545 7143 176
1 13547 7144 174
1 12502 7144 170
1 15036 7144 173
1 11637 7156 191
1 11638 7157 182
1 11821 7137 186
1 12772 7157 181
1 15693 7157 183
1 13322 7157 181
1 14045 7157 182
1 11760 7158 192
1 14637 7159 169
1 12690 7159 174
1 13451 7159 172
1 12548 7159 174
1 13324 7163 178
1 14108 7163 177
1 11649 7163 177
1 16078 7163 179
1 13325 7172 176
1 13544 7118 185
1 12685 7172 175
1 14544 7172 174
1 14048 7172 175
1 12442 7172 175
1 11650 7172 175
1 12686 7173 194
1 12443 7173 193
1 11651 7173 192
1 12681 7185 184
1 15668 7185 186
1 12434 7185 184
1 14543 7185 183
1 11826 7193 176
1 13328 7194 167
1 12773 7194 170
1 11639 7194 169
1 14110 7194 168
1 14546 7194 168
1 11640 7198 181
1 12438 7198 180
1 12683 7198 179
1 11761 7199 191
1 11641 7201 161
1 12503 7201 160
1 12437 7157 182
1 12439 7205 186
1 11642 7205 186
1 16016 7205 185
1 14046 7205 186
1 12774 7205 187
1 15669 7205 185
1 15069 7205 189
1 11643 7206 185
1 12440 7206 187
1 14174 7206 186
1 11644 7209 182
1 11762 7213 181
1 12775 7213 180
1 16139 7213 181
1 13548 7213 181
1 15608 7213 183
1 14175 7215 172
1 11645 7215 172
1 11763 7216 181
1 12504 7216 182
1 13323 7216 182
1 11822 7223 181
1 14670 7227 167
1 11823 7227 170
1 14635 7228 167
1 12684 7230 179
1 14973 7230 181
1 13401 7230 179
1 13327 7230 179
1 12441 7230 180
1 14050 7230 182
1 11646 7230 179
1 14545 7230 181
1 12771 7232 186
1 12435 7232 187
1 16140 7241 180
1 11647 7241 179
1 14047 7241 179
1 11824 7245 177
1 13497 7202 175
1 15142 7252 172
1 14109 7252 173
1 13400 7252 171
1 13326 7252 172
1 12776 7256 195
1 12444 7256 195
1 11827 7257 175
1 12843 7257 178
1 11652 7260 179
1 12445 7261 180
1 11653 7261 180
1 12688 7261 180
1 14177 7262 176
1 14547 7262 177
1 11654 7262 176
1 12446 7267 181
1 14049 7267 181
1 12687 7267 181
1 11655 7267 180
1 14636 7336 154
1 11825 7339 190
1 13499 7700 189
1 15174 7700 187
1 15173 7698 172
1 13498 7698 174
1 14669 7143 175
1 13399 7172 176
1 14176 7245 178
1 16015 7454 174
1 14541 7454 175
1 12424 7454 175
1 15035 7458 177
1 15607 7458 178
1 15068 7454 173
1 15950 7458 166
1 13542 7459 166
1 14042 7454 177
1 15667 7454 176
1 12680 7454 176
1 13317 7454 176
1 16326 7454 174
1 14041 7472 178
1 13395 7476 183
1 12544 7455 176
1 12426 7476 183
1 14043 7476 183
1 13318 7476 184
1 14542 7476 183
1 12501 7482 192
1 12877 7485 182
1 13543 7485 180
1 13447 7486 174
1 15034 7486 174
1 15949 7486 175
1 12766 7486 175
1 14534 7486 175
1 12769 7476 182
1 12427 7492 192
1 13311 7492 193
1 13396 7492 192
1 12675 7492 192
1 15663 7542 179
1 12428 7542 179
1 15106 7542 178
1 13448 7542 178
1 14036 7542 179
1 12676 7542 178
1 14536 7542 180
1 16012 7542 179
1 13391 7560 179
1 15664 7560 180
1 13312 7560 178
1 14037 7560 178
1 12677 7560 178
1 15066 7560 178
1 14537 7560 178
1 12765 7459 168
1 15107 7472 178
1 12425 7472 179
1 14540 7472 179
1 12768 7472 180
1 14044 7565 190
1 12430 7565 191
1 13392 7574 170
1 14039 7574 170
1 14538 7574 168
1 12678 7574 170
1 12432 7574 168
1 15067 7574 170
1 15665 7574 169
1 13314 7574 169
1 12431 7575 178
1 12767 7575 175
1 14883 7575 177
1 14038 7575 175
1 13313 7575 174
1 12433 7576 178
1 14972 7576 177
1 12679 7576 176
1 14040 7576 175
1 15666 7576 176
1 16014 7576 175
1 13393 7576 176
1 14539 7576 176
1 13316 7576 177
1 15726 7587 178
1 16388 7587 175
1 15143 7587 176
1 12545 7590 172
1 14172 7593 173
1 13541 7593 173
1 12842 7593 173
1 15144 7596 168
1 13495 7687 175
1 13496 7692 186
1 14634 7692 204
1 16013 7560 179
1 12429 7560 181
1 13319 7565 189
1 13394 7565 188
1 12770 7565 190
1 13315 8467 196
1 12500 8467 194
1 15606 7486 175
1 13540 7458 177
1 15105 8240 178
1 14531 8258 173
1 12763 8258 171
1 15685 8258 174
1 13390 8258 173
1 14033 8258 173
1 14586 8265 178
1 14529 8304 186
1 14028 8304 185
1 14035 8312 178
1 14034 8240 179
1 14533 8240 180
1 12762 8240 180
1 12673 8327 177
1 14032 8327 178
1 16065 8327 177
1 13308 8258 172
1 15209 8358 176
1 14171 8358 178
1 12827 8358 176
1 14667 8358 175
1 12764 8362 178
1 14029 8365 163
1 14633 8312 179
1 13494 8312 177
1 13446 8506 190
1 12828 8506 189
1 13310 8327 179
1 14106 8506 189
1 14030 8508 188
1 12674 8508 188
1 16064 8508 129
1 13309 8508 186
1 14530 8508 189
1 13389 8508 188
1 14587 8510 172
1 14668 8992 177
1 15692 8327 179
1 15761 8506 189
1 14031 8974 180
1 13539 8974 178
1 14629 8712 171
1 13437 8714 175
1 14582 8715 183
1 15208 8714 174
1 13490 8717 186
1 14630 8718 183
1 14168 8714 174
1 13441 8716 179
1 14511 8710 181
1 13489 8710 180
1 14014 8724 182
1 14631 8725 166
1 15217 8725 173
1 15029 8729 183
1 13536 8729 183
1 14100 8716 176
1 14512 8729 182
1 15604 8729 182
1 15659 8730 171
1 16338 8730 170
1 14015 8730 169
1 13294 8730 170
1 14513 8730 171
1 15061 8730 171
1 16007 8730 171
1 15218 8731 181
1 16062 8731 180
1 14169 8731 180
1 16426 8729 183
1 14515 8733 184
1 15030 8733 183
1 14016 8733 184
1 14101 8734 174
1 13295 8734 175
1 14516 8734 175
1 13491 8735 182
1 14517 8735 182
1 16063 8735 182
1 16138 8744 170
1 15031 8744 170
1 15603 8744 169
1 13442 8744 169
1 15207 8749 172
1 14632 8749 178
1 15759 8749 173
1 14017 8750 188
1 14518 8750 190
1 16146 8756 175
1 14664 8756 172
1 15605 8758 171
1 13443 8758 169
1 15063 8758 167
1 14102 8758 170
1 16011 8758 169
1 14583 8758 166
1 14665 8759 178
1 13537 8760 182
1 14103 8760 186
1 15244 8762 171
1 14170 8762 170
1 13538 8762 170
1 14514 8731 180
1 13492 8766 183
1 16009 8780 183
1 14020 8780 181
1 13297 8780 180
1 14522 8780 180
1 16337 8780 182
1 15661 8780 182
1 15064 8780 183
1 14523 8782 193
1 13298 8782 191
1 14021 8782 193
1 13384 8782 192
1 14524 8783 185
1 14022 8783 186
1 15171 8787 166
1 13493 8787 166
1 14023 8790 180
1 15682 8790 178
1 13300 8790 179
1 14584 8790 179
1 13386 8790 178
1 13301 8794 186
1 15684 8794 185
1 13387 8794 184
1 14024 8794 184
1 13302 8798 185
1 14027 8798 182
1 15683 8798 184
1 15033 8800 178
1 13444 8800 181
1 15172 8804 167
1 14138 8804 168
1 14666 8805 173
1 16077 8807 179
1 15760 8766 183
1 14528 8807 181
1 13303 8807 181
1 14104 8809 183
1 13445 8809 181
1 14525 8811 174
1 13304 8811 174
1 15065 8811 166
1 16010 8811 174
1 16336 8811 173
1 15662 8811 173
1 14025 8811 178
1 13305 8812 184
1 14105 8812 182
1 14526 8812 182
1 13306 8965 162
1 14026 8965 165
1 14527 8965 164
1 14663 8720 166
1 15028 8721 171
1 15621 8721 171
1 13535 8721 172
1 13307 9239 175
1 15104 8807 180
1 14184 10753 180
1 14674 10753 181
1 13388 9239 177
1 15758 9016 185
1 15100 9022 191
1 15242 9016 185
1 15658 9023 175
1 14502 9023 174
1 14969 9023 173
1 16004 9023 174
1 14628 9029 185
1 16061 9012 184
1 14098 9029 177
1 14503 9030 172
1 15027 9030 168
1 15600 9030 171
1 16096 9022 192
1 14009 9036 177
1 14508 9036 178
1 15948 9060 186
1 14008 9023 170
1 16330 9023 175
1 15601 9060 182
1 16060 9063 183
1 15757 9029 178
1 14010 9063 184
1 15026 9074 181
1 14509 9074 180
1 14099 9074 180
1 16006 9074 185
1 15602 9075 173
1 15060 9075 173
1 14135 9083 176
1 14618 9083 166
1 15943 9083 178
1 15947 9086 184
1 14971 9086 182
1 14504 9063 184
1 14501 9012 182
1 16145 9093 174
1 15206 9093 175
1 14661 9093 175
1 14619 9110 180
1 16108 9110 184
1 15944 9119 177
1 14136 9119 177
1 14620 9119 170
1 15170 9125 186
1 14011 9126 195
1 16095 9139 197
1 15101 9139 195
1 14505 9146 185
1 14581 9165 177
1 15025 9165 175
1 16005 9165 177
1 15597 9165 179
1 15103 9036 177
1 14621 9166 188
1 15945 9169 170
1 14622 9169 158
1 14137 9169 167
1 14013 9206 180
1 14507 9207 175
1 14012 9207 174
1 16093 9207 173
1 15599 9207 175
1 15243 9208 182
1 14623 9208 179
1 14166 9211 178
1 16462 9211 177
1 14167 9212 185
1 14662 9212 181
1 15756 9213 175
1 14625 9214 180
1 15205 9214 187
1 16097 9216 174
1 15620 9216 174
1 14165 9086 182
1 14510 9086 180
1 14624 9244 177
1 16107 9244 185
1 15946 9246 183
1 14970 9246 182
1 15598 9246 181
1 14506 9247 190
1 16144 9257 178
1 16421 11806 173
1 15732 11806 175
1 15024 9060 184
1 16423 9060 183
1 15102 10125 195
1 16094 10125 197
1 16109 10126 193
1 14626 10126 192
1 16110 10131 189
1 14627 10131 186
1 16106 9166 191
1 14492 9778 193
1 15941 9784 174
1 14614 9784 165
1 15241 9793 181
1 15725 9759 179
1 14578 9764 165
1 15216 9768 168
1 14489 9769 169
1 16424 9769 169
1 16076 9769 168
1 15098 9769 170
1 14490 9775 189
1 15655 9805 178
1 16121 9805 177
1 14496 9809 186
1 15724 9817 167
1 16440 9817 168
1 16122 9817 169
1 16104 9819 186
1 14493 9795 180
1 15023 9797 172
1 14494 9797 172
1 14495 9800 177
1 15117 9800 181
1 14579 9805 175
1 14498 9827 173
1 16331 9827 177
1 16002 9827 178
1 15059 9827 175
1 14968 9757 177
1 15010 9759 182
1 14616 9833 182
1 15754 9833 189
1 15236 9834 180
1 15022 9836 181
1 15596 9836 181
1 15238 9838 180
1 14499 9839 183
1 14500 9840 180
1 15595 9841 176
1 15942 9841 175
1 14659 9843 170
1 15239 9843 171
1 15755 9843 171
1 16059 9795 182
1 15679 9795 180
1 14660 9849 177
1 15753 9866 189
1 16105 9866 189
1 15240 9866 187
1 14617 9866 179
1 15169 9871 182
1 15680 9897 188
1 16057 9897 186
1 15122 9897 188
1 14580 9897 182
1 16058 9904 173
1 15099 9904 173
1 15681 9904 172
1 14615 9819 186
1 15058 9822 172
1 16332 9822 171
1 14497 9822 173
1 15656 9822 173
1 16003 9822 173
1 15657 9827 174
1 15204 9833 188
1 15116 9775 190
1 15168 9845 179
1 15184 9849 183
1 15653 10180 171
1 15723 10191 187
1 15588 10190 178
1 15057 10180 167
1 14965 10202 186
1 15015 10205 183
1 15654 10220 178
1 16333 10220 180
1 15097 10220 180
1 15999 10220 177
1 16001 10180 170
1 15589 10231 166
1 15938 10237 175
1 15590 10237 177
1 15017 10237 176
1 15191 10191 185
1 16054 10202 190
1 15593 10255 176
1 15939 10255 174
1 15021 10255 173
1 14966 10258 187
1 16055 10258 187
1 16469 10258 191
1 15233 10289 177
1 16092 10293 181
1 15594 10293 181
1 15018 10293 176
1 15619 10296 188
1 16056 10303 191
1 15121 10303 188
1 15678 10303 190
1 15166 10307 194
1 16075 10345 184
1 16120 10347 176
1 15722 10347 176
1 15009 10347 177
1 16392 10347 175
1 15234 10348 170
1 15167 10349 166
1 15752 10351 179
1 15235 10351 179
1 16137 10351 179
1 16490 10351 179
1 16334 10438 178
1 14967 10438 177
1 16000 10438 176
1 15652 10438 178
1 15019 10443 165
1 16425 10443 169
1 15591 10443 168
1 15016 10231 167
1 15020 10243 172
1 15592 10243 174
1 15721 11075 175
1 15940 10190 178
1 15014 10190 178
1 15141 11075 174
1 15646 10515 185
1 15647 10525 172
1 15718 10530 173
1 16027 10518 175
1 15562 10549 175
1 15937 10552 184
1 15618 10552 183
1 16422 10549 174
1 15648 10567 174
1 16329 10567 175
1 16050 10525 171
1 15995 10567 174
1 15649 10586 178
1 16051 10586 182
1 15650 10594 182
1 15996 10594 182
1 16327 10594 182
1 16103 10603 180
1 16437 10613 181
1 15749 10613 180
1 16119 10618 177
1 15997 10622 184
1 15676 10622 183
1 15563 10575 189
1 16102 10575 188
1 16052 10628 172
1 15677 10628 172
1 15564 10630 180
1 16028 10630 182
1 15750 10632 182
1 16438 10632 177
1 16135 10642 178
1 16029 10647 183
1 15751 10647 181
1 16461 10659 183
1 16053 10659 185
1 16030 10661 183
1 15565 10661 180
1 16328 10527 175
1 15936 10527 176
1 15561 10527 176
1 15717 10529 184
1 16147 11092 196
1 16136 11107 189
1 15719 11386 176
1 16439 11386 176
1 15651 10626 181
1 15998 10626 180
1 16389 11202 180
1 16026 11384 178
1 16390 11804 171
1 16460 11563 169
1 16412 11568 179
1 16413 11602 191
1 16446 11606 176
1 16363 11571 181
1 16445 11619 166
1 16364 11620 175
1 16416 11621 178
1 16436 11608 183
1 16435 11508 165
1 16411 11563 167
1 16375 11825 190
1 16415 11575 166
