1 1770 1
1 1923 1
1 691 1
1 1336 1
1 743 1
1 661 2
1 660 2
1 635 1
1 713 1
1 763 2
1 662 2
1 770 2
1 665 2
1 771 2
1 694 2
1 638 1
1 686 2
1 2113 1
1 2449 1
1 646 1
1 1699 1
1 2188 1
1 1174 1
1 1366 1
1 1664 1
1 4426 1
1 2147 1
1 1425 1
1 2514 1
1 2043 1
1 1367 1
1 1787 1
1 645 1
1 1100 1
1 2435 1
1 1720 1
1 2965 1
1 2209 1
1 1031 1
1 2437 1
1 1108 1
1 1385 1
1 2504 1
1 1025 2
1 1622 1
1 1173 1
1 1365 1
1 1698 1
1 2049 1
1 2697 1
1 2969 1
1 1482 1
1 1099 1
1 2306 1
1 1016 2
1 1218 2
1 1502 1
1 1205 1
1 2148 1
1 1039 1
1 1540 1
1 1193 1
1 2145 1
1 2966 1
1 1291 1
1 1718 1
1 1856 1
1 2387 1
1 2207 1
1 1270 1
1 1019 1
1 2967 1
1 1111 1
1 1719 1
1 2727 1
1 1293 1
1 1857 1
1 1048 1
1 2208 1
1 2378 1
1 1112 1
1 2111 1
1 1786 1
1 1023 2
1 2081 1
1 2814 1
1 1424 1
1 1127 1
1 1756 1
1 1035 1
1 2968 1
1 1646 1
1 1423 1
1 1022 2
1 1926 2
1 1875 1
1 1324 1
1 1757 1
1 2285 1
1 2187 1
1 1364 1
1 1041 1
1 1487 2
1 1876 2
1 2970 1
1 1110 1
1 1049 1
1 1292 1
1 2892 1
1 1988 1
1 2112 1
1 1703 1
1 1390 1
1 2284 2
1 1161 2
1 1644 1
1 2053 1
1 2803 1
1 1696 1
1 1363 1
1 1972 1
1 3797 1
1 3519 1
1 1676 1
1 1126 1
1 1323 1
1 2590 1
1 2146 1
1 1191 1
1 1532 1
1 1998 1
1 2891 1
1 1716 1
1 2122 1
1 2460 1
1 1383 1
1 1446 1
1 1659 1
1 1774 1
1 2412 1
1 2323 1
1 2971 1
1 3377 1
1 1645 1
1 2972 1
1 3378 1
1 1422 1
1 1192 1
1 2367 1
1 3379 1
1 2973 1
1 1697 1
1 1848 1
1 1269 1
1 1172 1
1 2205 1
1 2206 1
1 2389 1
1 1717 1
1 1858 1
1 2877 1
1 2844 1
1 2510 1
1 1941 1
1 1621 1
1 3173 1
1 1384 1
1 1472 1
1 1751 2
1 2974 2
1 1419 2
1 2879 2
1 2175 2
1 1878 2
1 1752 2
1 1320 2
1 1501 1
1 1766 2
1 2177 2
1 1333 2
1 1877 2
1 1443 1
1 1322 2
1 1879 2
1 1754 2
1 1420 2
1 1346 2
1 1780 2
1 1471 2
1 1486 2
1 1334 2
1 1495 2
1 1918 2
1 1421 1
1 2594 1
1 2064 1
1 2283 2
1 2975 1
1 1694 1
1 2052 1
1 1361 1
1 2787 1
1 2176 2
1 1321 2
1 2400 2
1 1643 1
1 2871 2
1 2976 2
1 1753 2
1 2726 1
1 1849 1
1 2203 1
1 1695 1
1 2363 1
1 2977 1
1 1266 1
1 3373 1
1 1715 1
1 1381 1
1 1940 1
1 2268 1
1 1611 1
1 1514 1
1 1620 1
1 2121 1
1 1995 1
1 3174 1
1 1382 1
1 2508 1
1 3518 1
1 1993 1
1 1543 1
1 2303 1
1 1335 1
1 2097 1
1 3151 1
1 2408 1
1 2691 1
1 1812 1
1 3374 1
1 1340 1
1 2089 1
1 2713 1
1 3375 1
1 2248 1
1 1880 2
1 2186 1
1 2980 1
1 2890 1
1 2048 1
1 1265 1
1 2978 1
1 2243 1
1 2805 1
1 1445 1
1 1960 1
1 1347 2
1 2785 1
1 1362 1
1 3760 1
1 2042 1
1 1755 1
1 1267 1
1 1444 1
1 1658 1
1 2596 1
1 1962 1
1 2480 1
1 2149 1
1 1507 1
1 1663 1
1 3239 1
1 2981 1
1 1714 1
1 2382 1
1 2732 1
1 3376 1
1 1290 1
1 2204 1
1 1859 1
1 1268 1
1 1704 1
1 1835 1
1 2862 1
1 2369 1
1 3148 1
1 2189 1
1 2979 1
1 2045 1
1 2626 1
1 4034 1
1 2448 1
1 4424 1
1 3756 1
1 2202 1
1 3436 1
1 2990 1
1 1796 1
1 3512 1
1 2056 1
1 2142 1
1 3552 2
1 2824 2
1 3178 2
1 2512 2
1 1976 1
1 3553 1
1 2489 1
1 4624 1
1 1672 1
1 3175 1
1 2556 1
1 2011 1
1 1784 1
1 1989 1
1 3516 1
1 1948 1
1 2762 1
1 1639 1
1 3515 1
1 2087 1
1 3755 1
1 2423 1
1 1640 2
1 1674 2
1 1638 1
1 2447 1
1 2982 1
1 1818 2
1 2041 1
1 1819 2
1 1777 2
1 1744 2
1 1795 2
1 2172 2
1 1881 2
1 1745 2
1 1778 1
1 1927 1
1 2983 1
1 3372 1
1 1675 2
1 2327 2
1 1641 2
1 2491 2
1 2763 2
1 3176 2
1 1883 2
1 1747 2
1 1884 2
1 2173 2
1 2873 2
1 1748 2
1 2391 2
1 1820 2
1 1885 2
1 1749 2
1 1750 1
1 2428 1
1 3758 1
1 3177 1
1 1886 1
1 2236 1
1 2764 1
1 2822 1
1 1742 2
1 2517 1
1 1642 1
1 1651 1
1 7769 1
1 1693 1
1 2623 1
1 7623 1
1 7194 1
1 2312 1
1 2984 1
1 1850 1
1 2351 1
1 4564 1
1 4565 1
1 2060 1
1 1806 1
1 4094 1
1 2985 1
1 2200 1
1 3826 1
1 2859 1
1 1814 1
1 2091 1
1 1817 2
1 2502 2
1 2823 2
1 1761 1
1 1838 1
1 2170 2
1 1690 2
1 1839 2
1 1887 1
1 1740 1
1 2174 2
1 1689 2
1 2986 2
1 2872 2
1 1851 2
1 2364 2
1 3435 2
1 1852 1
1 2624 1
1 1691 1
1 2987 1
1 3368 1
1 2352 1
1 1928 2
1 1779 2
1 1765 1
1 2242 1
1 1919 1
1 2185 1
1 1938 1
1 3370 1
1 2324 1
1 1813 1
1 2988 1
1 2088 1
1 2860 1
1 2119 1
1 1788 1
1 2000 1
1 2160 1
1 1800 1
1 4139 1
1 4478 1
1 3513 1
1 2483 1
1 2166 1
1 2110 1
1 2544 1
1 2465 1
1 2017 1
1 1741 1
1 2143 1
1 2848 1
1 3554 1
1 2010 1
1 2466 1
1 2144 1
1 1789 1
1 1996 1
1 2603 1
1 2509 1
1 2120 1
1 1853 1
1 2989 1
1 2353 1
1 1692 1
1 2625 1
1 2201 1
1 2025 1
1 2239 1
1 2627 1
1 2406 1
1 2991 1
1 1764 1
1 4093 1
1 2291 1
1 2540 1
1 1974 1
1 1673 1
1 3514 1
1 2826 1
1 2292 2
1 1803 2
1 1713 1
1 1860 1
1 2271 1
1 2281 2
1 1743 2
1 2718 1
1 1882 1
1 2282 1
1 1746 1
1 2272 1
1 2002 1
1 2499 1
1 2765 1
1 2267 1
1 1954 1
1 2527 1
1 1657 1
1 3179 1
1 2286 1
1 3517 1
1 2766 1
1 2305 1
1 2373 1
1 4423 1
1 7597 1
1 2992 1
1 2050 1
1 3757 1
1 4033 1
1 7125 1
1 2628 1
1 3369 1
1 3152 1
1 4425 1
1 3371 1
1 2861 1
1 2066 1
1 2319 1
1 3759 1
1 4035 1
1 2993 1
1 4623 1
1 2490 1
1 2047 1
1 1785 1
1 2751 1
1 1610 1
1 1891 2
1 4091 1
1 3001 1
1 2618 1
1 1861 1
1 2031 1
1 2349 1
1 2994 1
1 3364 1
1 2198 1
1 2392 1
1 2318 1
1 2887 1
1 2079 1
1 3434 1
1 3365 1
1 2199 1
1 1862 1
1 2996 1
1 2619 1
1 2350 1
1 2029 1
1 2152 1
1 2574 1
1 2464 1
1 2140 1
1 2007 1
1 2500 2
1 3551 2
1 2530 1
1 3511 1
1 1964 1
1 3180 1
1 2554 1
1 4422 1
1 3901 1
1 1888 1
1 1982 1
1 4092 1
1 7274 1
1 2555 1
1 3433 1
1 2759 1
1 2420 1
1 3549 1
1 2528 1
1 1980 1
1 2576 1
1 3900 1
1 2995 1
1 2830 2
1 2520 2
1 3181 2
1 3550 2
1 2760 2
1 2519 2
1 4138 1
1 2109 1
1 2604 1
1 2545 1
1 1889 2
1 2280 2
1 2107 1
1 2620 1
1 2095 1
1 2761 1
1 2997 1
1 2621 1
1 3367 1
1 2301 1
1 2082 1
1 2733 1
1 2998 1
1 2393 1
1 3362 1
1 1890 1
1 2235 1
1 2141 2
1 2875 2
1 2999 2
1 2065 2
1 3000 1
1 3366 1
1 2311 1
1 2371 1
1 2061 1
1 2622 1
1 4090 1
1 2293 1
1 2290 2
1 2153 1
1 2549 1
1 2030 1
1 2599 1
1 2372 1
1 3363 1
1 2708 1
1 1840 1
1 3002 1
1 2184 1
1 3510 1
1 2233 1
1 3016 1
1 3354 1
1 2884 1
1 7123 1
1 7595 1
1 4420 1
1 2279 2
1 3003 1
1 3361 1
1 2195 1
1 2608 1
1 2377 1
1 2253 2
1 2856 2
1 3004 2
1 3751 1
1 2182 2
1 3182 1
1 2432 1
1 2752 1
1 4563 1
1 2753 1
1 3005 1
1 3006 1
1 2609 1
1 3546 1
1 2800 1
1 3240 1
1 2343 2
1 2230 2
1 2231 1
1 2344 1
1 2610 1
1 3357 1
1 3008 1
1 3548 1
1 3183 1
1 2754 1
1 2487 1
1 2802 2
1 2254 2
1 3009 2
1 4089 1
1 2551 1
1 7130 1
1 2611 1
1 2345 1
1 2322 1
1 2552 1
1 2297 2
1 2365 1
1 2612 1
1 3359 1
1 2183 1
1 2136 1
1 8257 1
1 4476 1
1 3506 1
1 3241 1
1 2810 1
1 2446 1
1 3010 1
1 2158 1
1 2547 1
1 3753 2
1 4031 2
1 2294 2
1 3011 2
1 3007 2
1 2302 2
1 2298 2
1 3012 1
1 2613 1
1 2232 1
1 3013 1
1 2346 1
1 2614 1
1 2553 1
1 3899 1
1 2299 2
1 2858 2
1 3014 2
1 2479 1
1 2159 1
1 2488 1
1 3897 1
1 3508 1
1 2755 1
1 2316 1
1 4576 1
1 2347 1
1 3825 1
1 2317 1
1 3356 1
1 3015 1
1 2615 1
1 2137 2
1 2138 2
1 2278 2
1 2919 2
1 2139 2
1 3547 1
1 4419 1
1 2270 1
1 2857 2
1 2874 2
1 2404 2
1 3017 1
1 2876 1
1 2246 1
1 2413 1
1 2457 1
1 2710 1
1 2255 1
1 3153 1
1 2740 1
1 3355 1
1 2444 1
1 2430 1
1 2757 1
1 2247 1
1 3184 1
1 2758 1
1 3752 1
1 2482 1
1 3018 1
1 3509 1
1 7768 1
1 3898 1
1 2831 1
1 2537 1
1 2295 2
1 2546 1
1 13462 1
1 3507 1
1 3844 1
1 4477 1
1 2300 2
1 3754 1
1 3358 1
1 2197 1
1 2348 1
1 4421 1
1 4032 1
1 2616 1
1 7596 1
1 7124 1
1 8190 1
1 2266 1
1 2368 1
1 7193 1
1 2617 1
1 3019 1
1 3360 1
1 2234 2
1 7592 1
1 8182 1
1 4557 1
1 3034 1
1 7121 1
1 2679 1
1 3348 1
1 4027 1
1 7593 1
1 4559 1
1 7122 1
1 3430 1
1 3749 1
1 8184 1
1 2379 1
1 2658 1
1 4029 1
1 3823 1
1 3156 1
1 3020 1
1 3021 2
1 2443 2
1 2883 2
1 2493 1
1 3427 1
1 2566 1
1 3185 1
1 7711 1
1 8187 1
1 2567 1
1 8971 1
1 2469 1
1 2868 1
1 2869 2
1 3022 2
1 2438 2
1 2399 2
1 3023 2
1 3426 2
1 4137 1
1 3024 1
1 3025 1
1 4620 1
1 3750 1
1 2429 1
1 3503 1
1 2539 1
1 2900 1
1 2398 1
1 3352 1
1 8183 1
1 2653 1
1 4558 1
1 3026 1
1 4028 1
1 7766 1
1 3746 1
1 3186 1
1 2467 1
1 3842 1
1 2424 1
1 2780 1
1 3027 1
1 2569 1
1 2359 2
1 2568 1
1 2360 2
1 3349 1
1 3748 1
1 3028 1
1 2361 1
1 2654 1
1 3187 2
1 2516 2
1 2781 2
1 3543 2
1 3029 2
1 2495 1
1 7767 1
1 3504 1
1 3895 1
1 4622 1
1 3188 1
1 8186 1
1 2903 1
1 4621 1
1 2496 1
1 2570 1
1 3542 1
1 2362 1
1 7191 1
1 8972 1
1 4030 1
1 9150 1
1 2655 1
1 7591 1
1 8188 1
1 4418 1
1 3824 1
1 3350 1
1 3030 1
1 3154 1
1 3431 1
1 2870 1
1 3841 1
1 3189 1
1 3500 1
1 2450 1
1 3545 2
1 2439 2
1 2782 2
1 2513 2
1 4136 1
1 2783 1
1 3843 1
1 2543 1
1 3190 1
1 3191 1
1 3505 1
1 3243 1
1 2904 1
1 2497 1
1 3499 1
1 2534 1
1 3192 1
1 2451 1
1 4562 1
1 3745 1
1 2452 1
1 3155 1
1 4575 1
1 3428 1
1 2656 1
1 7192 1
1 8185 1
1 3822 1
1 2481 1
1 7007 1
1 3544 1
1 2784 1
1 3031 2
1 2886 2
1 3747 1
1 2682 1
1 4026 1
1 2390 1
1 3032 1
1 3432 1
1 3033 1
1 4561 1
1 2657 1
1 3351 1
1 3850 1
1 3429 1
1 4560 1
1 2659 1
1 3035 1
1 4088 1
1 2374 1
1 3036 1
1 2660 1
1 3353 1
1 2419 1
1 2902 2
1 3193 1
1 2778 1
1 7190 1
1 7765 1
1 8180 1
1 3424 1
1 3893 1
1 4614 1
1 3194 1
1 3894 1
1 2565 1
1 3195 1
1 3497 1
1 2649 1
1 3796 1
1 3037 2
1 7265 1
1 3541 1
1 3196 1
1 7710 1
1 2650 1
1 2779 1
1 3038 1
1 3496 1
1 2686 1
1 3744 1
1 2651 1
1 3244 1
1 4615 1
1 3498 1
1 3347 1
1 2652 1
1 3743 1
1 3039 1
1 4025 1
1 3245 1
1 3840 1
1 3425 1
1 3040 1
1 3736 1
1 4555 1
1 3197 1
1 7708 1
1 8179 1
1 3889 1
1 7269 1
1 4086 1
1 7587 1
1 4618 1
1 3729 1
1 3041 1
1 7120 1
1 3042 1
1 3730 1
1 4617 1
1 4019 1
1 7583 1
1 4085 1
1 8170 1
1 7271 1
1 3888 1
1 3494 1
1 7268 1
1 3246 1
1 3422 1
1 3734 1
1 3043 1
1 4619 1
1 3417 2
1 3157 2
1 3839 1
1 3199 1
1 3795 1
1 3492 1
1 8255 1
1 3886 1
1 7266 1
1 3044 1
1 3338 1
1 3892 1
1 4616 1
1 4087 1
1 8967 1
1 3045 1
1 7585 1
1 4024 1
1 8173 1
1 3821 1
1 7117 1
1 3339 1
1 4415 1
1 3410 2
1 3046 2
1 3411 2
1 3047 2
1 8968 1
1 3048 1
1 3740 1
1 4414 1
1 7116 1
1 10158 1
1 8177 1
1 4023 1
1 9147 1
1 3198 1
1 3419 1
1 9680 1
1 3890 1
1 9679 1
1 7764 1
1 7270 1
1 3049 1
1 4551 1
1 3346 1
1 4081 1
1 3200 1
1 3247 1
1 7273 1
1 3838 1
1 4473 1
1 8256 1
1 3050 2
1 3248 1
1 4022 1
1 7118 1
1 9146 1
1 8966 1
1 8172 1
1 4417 1
1 3345 1
1 7588 1
1 3735 1
1 3249 2
1 3416 2
1 3340 1
1 7189 1
1 3737 1
1 4554 1
1 3051 1
1 4550 1
1 7187 1
1 8241 1
1 7621 1
1 3052 1
1 7584 1
1 3053 1
1 3418 1
1 3238 2
1 8174 1
1 7586 1
1 4574 1
1 4082 1
1 3849 1
1 7185 1
1 3054 1
1 4084 1
1 7119 1
1 9681 1
1 7589 1
1 8178 1
1 4552 1
1 8969 1
1 9149 1
1 3055 1
1 3342 1
1 3819 1
1 4630 2
1 3728 2
1 7272 1
1 3493 1
1 3250 1
1 4416 1
1 4412 2
1 7113 2
1 4017 2
1 3415 2
1 3056 2
1 3732 2
1 7112 2
1 8240 2
1 4411 2
1 7581 2
1 3057 2
1 3731 2
1 4016 2
1 3414 2
1 3058 2
1 3420 2
1 7114 1
1 8168 1
1 3412 1
1 3739 2
1 3741 1
1 3343 1
1 4413 1
1 4018 1
1 8175 1
1 7582 1
1 7115 1
1 4100 2
1 3059 2
1 4102 2
1 3060 2
1 4133 1
1 3887 1
1 3251 1
1 3495 1
1 3252 1
1 4135 1
1 3344 1
1 3061 1
1 4079 1
1 8176 1
1 7590 1
1 7188 1
1 4553 1
1 3742 1
1 4021 2
1 8171 2
1 7622 2
1 3738 2
1 3062 2
1 3421 2
1 4629 2
1 3820 1
1 3423 1
1 4080 1
1 3063 1
1 3158 2
1 3064 2
1 3794 1
1 3891 1
1 4474 1
1 4134 1
1 4101 2
1 3065 2
1 4099 2
1 3253 2
1 7709 1
1 3558 2
1 8169 1
1 4083 1
1 9148 1
1 4549 1
1 3413 1
1 3159 1
1 7186 1
1 8970 1
1 4020 1
1 3733 1
1 3818 1
1 4556 1
1 3341 1
1 3882 1
1 4611 1
1 7763 1
1 9190 1
1 8965 1
1 3793 1
1 8167 1
1 10093 1
1 3556 2
1 7263 1
1 7707 1
1 8162 1
1 3536 1
1 9779 1
1 4078 1
1 3789 1
1 4098 2
1 3836 1
1 4472 1
1 3885 1
1 8161 1
1 7108 1
1 4131 2
1 4148 1
1 3817 1
1 3726 1
1 4077 1
1 3330 1
1 3337 1
1 3725 1
1 4015 1
1 4409 1
1 4547 1
1 3837 1
1 3537 1
1 4128 1
1 4471 1
1 7761 1
1 3538 1
1 9145 1
1 7579 1
1 8961 1
1 3727 1
1 7006 1
1 7111 1
1 4012 1
1 3331 1
1 8163 1
1 3408 2
1 9246 1
1 7762 1
1 3487 1
1 8254 1
1 3883 1
1 3488 1
1 7264 1
1 3884 1
1 9245 1
1 7575 1
1 8960 1
1 7181 1
1 4546 1
1 3332 1
1 8160 1
1 3722 1
1 3333 1
1 7576 1
1 7182 1
1 8165 1
1 3723 1
1 9143 1
1 8962 1
1 10092 1
1 4013 1
1 3334 1
1 9678 1
1 7580 1
1 7109 1
1 8239 1
1 4408 1
1 3724 1
1 3335 1
1 3847 1
1 7578 1
1 9144 1
1 8963 1
1 9873 1
1 7110 1
1 4410 1
1 8166 1
1 3792 1
1 9009 1
1 9814 1
1 3409 2
1 3539 1
1 3489 2
1 3848 1
1 7183 1
1 7577 1
1 8164 1
1 4014 1
1 3336 1
1 4132 1
1 7256 1
1 3490 1
1 3491 2
1 4612 2
1 3540 2
1 4407 1
1 8986 1
1 3790 1
1 7106 1
1 4129 1
1 3557 2
1 7107 2
1 4613 1
1 3791 1
1 7139 1
1 4130 2
1 7760 1
1 4405 1
1 3785 1
1 3878 1
1 8155 1
1 3881 1
1 4628 2
1 8985 1
1 4073 1
1 3786 1
1 8159 1
1 8238 2
1 10091 1
1 8157 1
1 3787 1
1 4470 1
1 7259 1
1 4545 1
1 7620 1
1 7105 1
1 3720 2
1 4404 2
1 4011 2
1 4406 1
1 7104 1
1 7572 1
1 3721 1
1 4609 2
1 3879 2
1 7102 1
1 4076 1
1 9007 1
1 7138 1
1 4147 1
1 3816 1
1 4544 1
1 8158 1
1 7184 1
1 8959 1
1 7573 1
1 7704 1
1 3880 1
1 8302 1
1 4126 1
1 8237 1
1 7101 1
1 7261 1
1 4610 1
1 7706 1
1 7705 1
1 9813 1
1 7258 1
1 8253 1
1 9008 1
1 9778 1
1 7260 1
1 9777 1
1 4074 1
1 8304 1
1 3788 1
1 7257 1
1 4075 1
1 4127 1
1 7757 1
1 4608 1
1 4402 1
1 4071 1
1 10660 1
1 7254 1
1 4010 1
1 7703 1
1 4146 1
1 8236 1
1 9189 1
1 7758 1
1 7569 1
1 7759 1
1 8154 1
1 7100 1
1 11374 1
1 8301 1
1 4072 1
1 8958 1
1 4403 1
1 7571 1
1 7255 1
1 9244 1
1 8298 1
1 4601 1
1 7750 1
1 9006 1
1 7093 1
1 7094 2
1 4463 1
1 7697 1
1 8299 1
1 4381 2
1 9005 1
1 4383 2
1 8232 1
1 4529 1
1 7751 1
1 7244 1
1 4384 2
1 7698 2
1 7245 2
1 4602 2
1 4385 2
1 4530 2
1 7565 2
1 7095 2
1 8148 2
1 4386 2
1 7699 1
1 7246 1
1 8149 1
1 4387 2
1 4531 1
1 10745 1
1 10282 1
1 7753 1
1 12533 1
1 13439 1
1 9142 1
1 7096 1
1 7566 1
1 8150 1
1 10659 1
1 10090 1
1 9677 1
1 4388 1
1 11741 1
1 8954 1
1 10984 1
1 7700 1
1 4603 2
1 4382 2
1 4390 2
1 8153 2
1 7619 2
1 4532 2
1 4391 2
1 4392 2
1 4533 1
1 4604 2
1 8955 1
1 7097 1
1 7567 1
1 8235 1
1 4393 1
1 4534 2
1 4464 1
1 9188 1
1 7247 1
1 8984 1
1 7755 1
1 7248 1
1 4535 1
1 4394 2
1 4465 2
1 4466 1
1 4607 2
1 8233 1
1 4536 1
1 7098 1
1 10658 1
1 4537 1
1 8300 1
1 4467 1
1 9776 1
1 7249 1
1 4468 1
1 4395 1
1 7754 1
1 4396 1
1 4397 2
1 4538 1
1 7251 1
1 4539 1
1 7701 1
1 8956 1
1 10157 1
1 10572 1
1 9675 1
1 7178 1
1 7625 1
1 4540 1
1 8152 1
1 7756 1
1 7252 1
1 4401 2
1 4398 1
1 4541 2
1 4605 1
1 4543 1
1 7099 1
1 7253 1
1 10574 1
1 10088 1
1 7702 1
1 4606 1
1 10089 1
1 7179 1
1 10573 1
1 9676 1
1 4542 1
1 8151 1
1 8957 1
1 7180 1
1 8234 2
1 4469 2
1 4528 1
1 4462 1
1 4389 2
1 4400 2
1 9665 1
1 8130 1
1 10566 1
1 7686 1
1 8131 2
1 7050 2
1 7687 2
1 7231 2
1 8983 1
1 7746 1
1 7232 1
1 8147 1
1 7051 2
1 7688 1
1 7233 1
1 9186 1
1 8297 1
1 9674 1
1 7613 2
1 10446 1
1 10084 1
1 9774 1
1 11740 1
1 7563 1
1 8142 1
1 7234 1
1 7689 1
1 7136 1
1 9133 1
1 8944 1
1 8227 1
1 10087 1
1 7551 1
1 11319 1
1 9672 1
1 8953 1
1 8132 1
1 9141 1
1 10086 1
1 10570 1
1 7053 1
1 10080 1
1 7235 1
1 7690 1
1 10654 1
1 8228 1
1 9666 1
1 7747 1
1 7236 1
1 10280 1
1 9773 1
1 7134 1
1 8945 1
1 7054 1
1 10081 1
1 9135 1
1 11317 1
1 10567 1
1 9667 1
1 7554 1
1 8133 1
1 9809 1
1 10082 1
1 7691 1
1 7237 1
1 10568 1
1 11065 1
1 9241 1
1 8134 1
1 7692 1
1 11320 2
1 10156 2
1 9673 2
1 8946 2
1 9136 2
1 7055 2
1 10571 2
1 7555 2
1 8135 2
1 10085 1
1 9243 1
1 8136 1
1 7748 1
1 9003 1
1 7695 1
1 7239 1
1 8229 2
1 7614 2
1 7073 2
1 8948 1
1 8140 1
1 9668 1
1 10154 1
1 7561 1
1 11318 1
1 10569 1
1 7056 1
1 9137 1
1 9775 1
1 8947 1
1 7693 1
1 10657 1
1 8949 1
1 7562 1
1 7057 1
1 8141 1
1 9138 1
1 9004 1
1 8252 1
1 7059 2
1 9817 2
1 7694 2
1 9187 2
1 7087 1
1 10983 1
1 12532 1
1 7556 1
1 12800 1
1 10655 1
1 8145 1
1 9670 1
1 9140 1
1 10083 1
1 11739 1
1 8952 1
1 7088 2
1 8310 2
1 7557 2
1 8143 1
1 7089 1
1 7558 1
1 8950 1
1 8951 1
1 9669 1
1 7074 1
1 9139 1
1 10155 1
1 7559 1
1 8144 1
1 9811 1
1 7240 1
1 9812 1
1 7241 1
1 8146 1
1 10656 1
1 7091 1
1 9671 1
1 7616 1
1 7242 1
1 7564 1
1 7075 1
1 8231 1
1 7052 1
1 8138 2
1 7617 2
1 7092 2
1 9242 1
1 8139 1
1 8137 1
1 7552 1
1 7243 1
1 10281 1
1 7749 1
1 7238 1
1 9810 1
1 7560 1
1 9131 1
1 7548 1
1 9661 1
1 10563 1
1 11315 1
1 11738 1
1 8940 1
1 7550 1
1 10078 1
1 11314 1
1 10564 1
1 10079 1
1 8982 1
1 9240 1
1 10279 1
1 9662 1
1 8127 1
1 7549 1
1 8942 1
1 11316 1
1 9663 1
1 8129 1
1 9132 1
1 12711 1
1 8128 1
1 8126 1
1 14074 1
1 12482 1
1 10153 1
1 10565 1
1 13354 1
1 7684 1
1 11103 1
1 8296 2
1 9664 1
1 8943 1
1 9239 1
1 7685 1
1 8289 2
1 8981 1
1 8098 1
1 10077 1
1 9202 1
1 9002 1
1 8099 2
1 8210 2
1 11307 2
1 10650 2
1 9643 2
1 8211 2
1 10069 2
1 9125 2
1 8100 1
1 9767 1
1 8212 2
1 8213 2
1 8102 1
1 8929 1
1 9644 1
1 10148 1
1 10651 1
1 9124 1
1 9236 2
1 8103 2
1 8214 2
1 9126 2
1 8105 2
1 8932 2
1 10274 1
1 9646 1
1 8106 1
1 8292 2
1 9001 1
1 9772 1
1 10445 1
1 8107 2
1 11737 1
1 8939 1
1 8290 2
1 8108 1
1 10560 1
1 9657 1
1 10073 1
1 9130 1
1 8215 2
1 8109 1
1 9647 1
1 10652 1
1 8216 2
1 8293 2
1 10562 1
1 10070 1
1 8217 1
1 9649 1
1 9183 1
1 8110 1
1 10071 1
1 11308 1
1 10275 1
1 8111 2
1 10072 1
1 9650 1
1 11309 1
1 11734 1
1 9651 1
1 8218 2
1 8112 2
1 8113 1
1 9769 1
1 10653 1
1 8114 2
1 10558 2
1 10742 1
1 11857 1
1 8115 1
1 10559 1
1 8116 1
1 11735 1
1 11313 1
1 9652 1
1 9127 1
1 10150 1
1 11311 1
1 9185 1
1 8219 1
1 8934 1
1 10074 1
1 9658 1
1 8117 2
1 8251 1
1 9807 1
1 11063 1
1 10444 1
1 10276 1
1 9237 1
1 9653 1
1 10151 1
1 8220 2
1 8935 1
1 9128 1
1 10075 1
1 11312 1
1 9659 1
1 10561 1
1 8119 1
1 9808 1
1 9238 1
1 8294 1
1 10277 1
1 8221 2
1 8222 2
1 8223 2
1 8120 2
1 8122 1
1 8936 1
1 9184 1
1 8123 1
1 10743 1
1 9654 1
1 8124 2
1 8937 1
1 9129 1
1 8125 1
1 9655 1
1 9770 1
1 10744 1
1 11102 1
1 8226 2
1 8295 2
1 8938 1
1 9656 1
1 10152 1
1 11310 1
1 9645 2
1 10149 2
1 8930 2
1 8104 2
1 9182 1
1 8931 1
1 10076 1
1 9660 1
1 8291 1
1 11733 1
1 9768 1
1 10199 1
1 8224 2
1 8225 2
1 8933 1
1 11856 2
1 10982 1
1 9638 1
1 9802 2
1 8903 1
1 10145 1
1 10739 1
1 9181 1
1 11852 2
1 9803 2
1 10977 1
1 9227 2
1 9196 1
1 10548 1
1 10266 1
1 10738 1
1 8904 1
1 10741 1
1 9614 1
1 14182 1
1 11730 1
1 10271 1
1 9764 1
1 10734 1
1 9228 1
1 9633 1
1 9178 1
1 10644 1
1 12527 2
1 11288 2
1 8905 2
1 12706 2
1 9112 2
1 10049 2
1 9615 2
1 10542 2
1 11289 1
1 8906 1
1 9616 1
1 11723 1
1 11718 1
1 9113 1
1 8907 1
1 11295 1
1 10050 1
1 10549 1
1 9617 1
1 8908 1
1 9618 1
1 10735 1
1 9765 1
1 10058 1
1 9754 1
1 8997 1
1 9229 2
1 9755 1
1 9766 1
1 11290 1
1 9619 1
1 10139 1
1 9114 1
1 8909 1
1 10543 1
1 9230 2
1 11853 2
1 9756 1
1 10060 1
1 9231 2
1 10443 2
1 9115 2
1 10544 2
1 8927 1
1 10545 2
1 10730 1
1 10200 1
1 14191 1
1 10976 1
1 11725 1
1 9632 1
1 10270 1
1 9179 1
1 13351 1
1 12479 1
1 11296 1
1 12708 1
1 14564 1
1 15073 1
1 14072 1
1 9620 1
1 11721 1
1 10051 1
1 10550 1
1 8910 1
1 9180 1
1 9232 1
1 11717 1
1 8911 1
1 12531 1
1 13352 1
1 10064 1
1 9621 1
1 11304 1
1 10649 1
1 11729 1
1 11719 1
1 10737 1
1 14181 1
1 8912 1
1 10979 1
1 14563 1
1 10052 1
1 14073 1
1 9116 1
1 12709 1
1 9622 1
1 12480 1
1 10556 1
1 13353 1
1 14974 1
1 13409 1
1 15672 1
1 8913 1
1 14565 1
1 10066 1
1 11305 1
1 11731 1
1 9804 1
1 10272 1
1 11061 1
1 11855 1
1 10978 1
1 9757 1
1 10059 1
1 9639 1
1 10146 1
1 8914 1
1 11722 1
1 9122 1
1 11297 1
1 10552 1
1 9233 2
1 9758 1
1 10057 2
1 9197 2
1 9198 2
1 11291 1
1 12707 1
1 12478 1
1 11716 1
1 10053 1
1 9623 1
1 13350 1
1 9117 1
1 14071 1
1 10546 1
1 8915 1
1 10061 1
1 11726 1
1 9118 1
1 9642 1
1 8916 1
1 10555 1
1 11300 1
1 11292 1
1 12799 1
1 12528 1
1 9624 1
1 8917 1
1 9625 1
1 12710 1
1 9119 1
1 8918 1
1 10067 1
1 10557 1
1 12481 1
1 11732 1
1 11306 1
1 11303 1
1 11728 1
1 9626 1
1 10063 1
1 10740 1
1 9636 1
1 10647 1
1 10142 1
1 9120 1
1 11302 1
1 11727 1
1 9000 1
1 10147 1
1 9640 1
1 8919 1
1 9123 1
1 10553 1
1 11298 1
1 10442 1
1 8920 1
1 10054 1
1 9627 1
1 9635 1
1 9199 1
1 11294 1
1 10062 2
1 11299 1
1 9641 1
1 13570 1
1 12530 1
1 8921 1
1 9805 1
1 8928 1
1 9121 1
1 10551 1
1 10143 1
1 9637 1
1 9806 2
1 9234 2
1 10267 1
1 10731 1
1 10981 1
1 8922 1
1 9763 1
1 10733 1
1 9759 1
1 11854 1
1 12854 1
1 10268 1
1 8999 1
1 8998 1
1 11101 1
1 13459 1
1 10732 1
1 10141 1
1 9235 1
1 9762 1
1 9201 2
1 10056 2
1 8925 2
1 10645 1
1 9634 1
1 9200 1
1 10646 1
1 9631 1
1 10269 1
1 11062 1
1 9629 1
1 10643 1
1 11293 2
1 10547 2
1 9628 2
1 10140 2
1 8924 2
1 9761 1
1 11060 1
1 10273 1
1 10736 1
1 10648 1
1 9630 1
1 11301 1
1 11720 1
1 10055 1
1 10980 1
1 12529 1
1 8923 1
1 8926 2
1 8980 1
1 10729 1
1 9610 1
1 10975 1
1 9174 1
1 9175 1
1 11287 1
1 10138 1
1 12525 1
1 11715 1
1 10728 1
1 9752 1
1 9753 1
1 10136 2
1 11714 2
1 9611 2
1 11284 2
1 10048 1
1 9111 2
1 11285 1
1 9612 1
1 11064 1
1 10540 2
1 10541 2
1 9613 2
1 11286 2
1 10137 2
1 9740 1
1 10041 1
1 9744 1
1 11850 1
1 9799 1
1 9743 1
1 9745 1
1 10133 2
1 11273 2
1 11058 1
1 9592 2
1 10534 2
1 9593 1
1 11706 2
1 9594 1
1 11713 1
1 10042 1
1 10263 1
1 10535 1
1 10197 1
1 10724 1
1 12853 1
1 10047 1
1 9746 1
1 9748 1
1 11059 1
1 10725 1
1 10727 1
1 12524 1
1 10265 1
1 11283 1
1 9749 1
1 10198 1
1 10641 1
1 11274 1
1 11707 1
1 9596 1
1 10134 1
1 12477 1
1 11275 1
1 9597 1
1 11712 1
1 10043 1
1 9595 1
1 10974 1
1 10723 1
1 9591 1
1 10536 1
1 11279 1
1 11710 1
1 9599 1
1 10044 1
1 9601 1
1 10642 1
1 11278 1
1 11709 1
1 14562 1
1 14118 1
1 9602 1
1 13349 1
1 9606 1
1 11277 1
1 10537 1
1 12476 1
1 11282 1
1 9607 1
1 10726 1
1 9750 1
1 10045 1
1 10538 1
1 11280 1
1 9608 1
1 11711 1
1 9800 1
1 11851 1
1 10264 1
1 9751 2
1 12475 1
1 10135 1
1 11281 1
1 9609 1
1 12798 1
1 10539 1
1 11276 1
1 9598 1
1 12474 1
1 11708 1
1 9801 1
1 11100 1
1 11098 1
1 10525 2
1 10032 2
1 11261 2
1 11699 2
1 10526 2
1 10129 2
1 10720 1
1 10257 1
1 11262 2
1 10527 2
1 10194 2
1 10528 1
1 14561 1
1 10033 1
1 12470 1
1 15111 1
1 14069 1
1 11263 1
1 13347 1
1 12704 1
1 11700 1
1 10634 1
1 11099 1
1 10258 1
1 10635 1
1 13655 1
1 10259 1
1 11326 1
1 10034 1
1 10640 1
1 13348 1
1 12473 1
1 12797 1
1 14070 1
1 10195 1
1 11056 1
1 13569 1
1 12882 1
1 11701 1
1 10130 1
1 12796 2
1 10035 2
1 10529 2
1 11264 2
1 10036 1
1 11265 1
1 11057 1
1 12552 1
1 10721 1
1 10260 1
1 11266 1
1 10636 1
1 10037 1
1 11704 1
1 10530 2
1 11267 2
1 11702 2
1 10131 2
1 11849 1
1 10038 1
1 10637 1
1 11848 1
1 10722 1
1 10261 1
1 10638 1
1 11780 2
1 10531 2
1 11268 2
1 10039 2
1 11270 2
1 10040 2
1 12705 2
1 13568 2
1 11703 2
1 12472 2
1 10639 2
1 11781 2
1 10132 2
1 11271 2
1 10532 2
1 12471 1
1 10196 2
1 10533 2
1 12523 1
1 10262 1
1 11233 2
1 11679 2
1 10621 2
1 12788 2
1 13561 2
1 10623 2
1 10622 2
1 11772 2
1 10624 1
1 11235 1
1 13562 1
1 12516 1
1 11838 1
1 11695 1
1 12787 2
1 10626 2
1 11839 2
1 10712 1
1 11049 1
1 11234 2
1 11773 2
1 12458 2
1 11236 2
1 12698 2
1 10510 2
1 12522 1
1 11238 1
1 10625 1
1 11778 1
1 13458 1
1 10714 1
1 10970 1
1 11840 1
1 12702 1
1 11841 1
1 11050 1
1 10715 1
1 11239 1
1 12459 1
1 11680 1
1 10511 1
1 12699 1
1 11681 2
1 13406 2
1 13342 2
1 11240 2
1 14062 2
1 12460 2
1 10512 2
1 12700 2
1 11241 1
1 10513 1
1 12701 1
1 11682 1
1 12461 1
1 11242 2
1 11683 2
1 10627 1
1 11243 1
1 11698 1
1 12792 1
1 12468 1
1 14063 1
1 10514 2
1 11244 2
1 15671 1
1 11245 1
1 10713 1
1 12469 1
1 15110 1
1 14064 1
1 10628 1
1 11779 1
1 11684 1
1 12793 1
1 11685 1
1 10629 1
1 11051 1
1 13456 1
1 10971 1
1 14117 1
1 16032 1
1 11696 1
1 11246 1
1 14114 1
1 11052 1
1 10716 1
1 11053 1
1 10717 1
1 11842 2
1 14066 1
1 12463 1
1 11247 1
1 14559 1
1 15072 1
1 11686 1
1 11248 1
1 12464 1
1 12794 1
1 10515 1
1 13345 1
1 14065 1
1 13407 1
1 12517 1
1 10972 1
1 11774 1
1 10718 1
1 10516 1
1 12466 1
1 11260 1
1 13346 1
1 14067 1
1 12703 1
1 11694 1
1 14115 1
1 11249 1
1 11687 1
1 13344 1
1 15727 1
1 13563 1
1 14180 1
1 10440 2
1 10630 1
1 12518 1
1 15124 1
1 13564 1
1 11250 1
1 13502 1
1 11843 1
1 11097 1
1 12881 1
1 11844 1
1 11251 2
1 10517 2
1 11775 2
1 10518 1
1 10519 1
1 10441 2
1 11845 1
1 11252 1
1 11846 1
1 11688 1
1 11253 1
1 10520 1
1 11254 2
1 10521 2
1 11689 2
1 12789 2
1 13565 2
1 11255 2
1 12519 2
1 11690 2
1 10631 2
1 11256 2
1 10522 2
1 13566 2
1 12790 2
1 11691 2
1 12791 1
1 11697 1
1 11257 1
1 12520 1
1 10632 1
1 14068 1
1 11258 1
1 12795 1
1 11692 1
1 12465 1
1 10523 1
1 12521 1
1 11259 1
1 10633 1
1 13408 1
1 13343 1
1 10973 1
1 10524 1
1 11054 2
1 11693 1
1 10719 1
1 11777 1
1 14116 1
1 13457 1
1 12852 1
1 11055 1
1 11847 1
1 14560 1
1 13567 1
1 12851 1
1 16018 1
1 14558 1
1 14640 1
1 14113 1
1 13338 1
1 15145 1
1 13404 1
1 12844 1
1 11828 1
1 11092 1
1 13556 1
1 11837 1
1 12848 1
1 13550 1
1 11829 1
1 11764 1
1 12696 1
1 11198 1
1 12513 1
1 13551 1
1 11039 1
1 11093 1
1 14111 1
1 13402 1
1 13329 1
1 12549 1
1 12845 1
1 11656 1
1 11040 1
1 12847 1
1 13559 1
1 14179 1
1 12850 1
1 14639 1
1 11094 1
1 11830 1
1 11831 1
1 11657 2
1 11199 2
1 11200 2
1 12777 2
1 12505 2
1 11658 2
1 13552 2
1 11832 1
1 12846 1
1 13553 1
1 11833 2
1 11201 2
1 11659 2
1 11041 2
1 11042 1
1 14671 1
1 11660 2
1 11202 2
1 10967 1
1 12849 1
1 13455 1
1 11043 1
1 11661 1
1 11203 1
1 11204 1
1 11662 1
1 12550 1
1 12879 1
1 11205 2
1 10968 1
1 12693 1
1 11676 1
1 11834 1
1 14552 1
1 13333 1
1 12455 1
1 11206 1
1 11663 1
1 11664 1
1 11207 1
1 13403 1
1 14055 1
1 11208 1
1 12781 1
1 13334 1
1 11665 1
1 12456 1
1 11666 1
1 12447 1
1 11209 1
1 13452 1
1 12691 1
1 14548 1
1 15070 1
1 14051 1
1 11044 2
1 11765 2
1 11210 2
1 11766 2
1 11211 2
1 13330 2
1 12506 2
1 14112 1
1 12695 1
1 14551 1
1 15109 1
1 13336 1
1 11213 1
1 11667 1
1 14557 1
1 14060 1
1 12785 1
1 11214 1
1 12448 1
1 11668 1
1 15123 1
1 13453 1
1 11767 1
1 12507 1
1 11215 1
1 13555 1
1 15611 1
1 12880 1
1 14588 1
1 13341 1
1 11217 1
1 15686 1
1 12784 1
1 12449 1
1 10966 1
1 13405 1
1 12450 1
1 12783 1
1 13340 1
1 14058 1
1 11669 1
1 11218 1
1 14555 2
1 16066 2
1 12515 2
1 11768 2
1 13337 2
1 11219 2
1 11220 1
1 12452 1
1 14054 1
1 11835 1
1 15219 1
1 14549 1
1 11670 1
1 15108 1
1 12508 1
1 10969 1
1 16031 1
1 13331 1
1 12778 1
1 11671 1
1 16017 1
1 13335 1
1 12457 1
1 14056 1
1 14553 1
1 12694 1
1 15670 1
1 11221 1
1 15071 1
1 11675 1
1 11222 1
1 11224 1
1 11672 1
1 13500 1
1 12551 1
1 11836 1
1 11045 1
1 11095 2
1 11225 1
1 14554 1
1 13557 1
1 11769 1
1 15039 1
1 12453 1
1 13339 1
1 12782 1
1 14057 1
1 12697 1
1 15612 1
1 11226 1
1 12509 1
1 13560 1
1 11046 1
1 11673 1
1 11227 1
1 13454 1
1 14053 1
1 12692 1
1 12451 1
1 14550 1
1 12510 2
1 11770 2
1 11228 2
1 13558 1
1 11677 1
1 11229 2
1 13554 2
1 11674 2
1 11230 2
1 12779 2
1 11231 1
1 12786 1
1 12454 1
1 14178 1
1 15246 1
1 12884 1
1 15178 1
1 11096 1
1 14638 1
1 15175 1
1 13501 1
1 15245 1
1 11048 1
1 13332 2
1 11771 2
1 11232 2
1 12511 2
1 14059 1
1 14052 2
1 13320 1
1 14173 1
1 14107 1
1 14139 1
1 11818 1
1 13321 2
1 13398 2
1 11819 1
1 11820 2
1 14140 1
1 15192 1
1 13397 1
1 12878 1
1 15037 1
1 13549 1
1 11636 2
1 12436 2
1 12682 2
1 12546 1
1 11759 1
1 13449 1
1 15610 1
1 12547 1
1 15038 1
1 15609 1
1 13545 1
1 13547 1
1 12502 1
1 15036 1
1 11637 2
1 11638 1
1 11821 2
1 12772 1
1 15693 1
1 13322 1
1 14045 1
1 11760 2
1 14637 1
1 12690 1
1 13451 1
1 12548 1
1 13324 1
1 14108 1
1 11649 1
1 16078 1
1 13325 1
1 13544 1
1 12685 1
1 14544 1
1 14048 1
1 12442 1
1 11650 1
1 12686 2
1 12443 2
1 11651 2
1 12681 1
1 15668 1
1 12434 1
1 14543 1
1 11826 2
1 13328 1
1 12773 1
1 11639 1
1 14110 1
1 14546 1
1 11640 1
1 12438 1
1 12683 1
1 11761 2
1 11641 1
1 12503 1
1 12437 1
1 12439 1
1 11642 1
1 16016 1
1 14046 1
1 12774 1
1 15669 1
1 15069 1
1 11643 1
1 12440 1
1 14174 1
1 11644 2
1 11762 1
1 12775 1
1 16139 1
1 13548 1
1 15608 1
1 14175 1
1 11645 1
1 11763 2
1 12504 2
1 13323 2
1 11822 1
1 14670 1
1 11823 1
1 14635 1
1 12684 1
1 14973 1
1 13401 1
1 13327 1
1 12441 1
1 14050 1
1 11646 1
1 14545 1
1 12771 1
1 12435 1
1 16140 1
1 11647 1
1 14047 1
1 11824 1
1 13497 1
1 15142 1
1 14109 1
1 13400 1
1 13326 1
1 12776 2
1 12444 2
1 11827 1
1 12843 1
1 11652 2
1 12445 1
1 11653 1
1 12688 1
1 14177 1
1 14547 1
1 11654 1
1 12446 1
1 14049 1
1 12687 1
1 11655 1
1 14636 1
1 11825 2
1 13499 1
1 15174 1
1 15173 1
1 13498 1
1 14669 1
1 13399 1
1 14176 1
1 16015 1
1 14541 1
1 12424 1
1 15035 1
1 15607 1
1 15068 1
1 15950 1
1 13542 1
1 14042 1
1 15667 1
1 12680 1
1 13317 1
1 16326 1
1 14041 1
1 13395 1
1 12544 1
1 12426 1
1 14043 1
1 13318 1
1 14542 1
1 12501 2
1 12877 1
1 13543 1
1 13447 1
1 15034 1
1 15949 1
1 12766 1
1 14534 1
1 12769 1
1 12427 2
1 13311 2
1 13396 2
1 12675 2
1 15663 1
1 12428 1
1 15106 1
1 13448 1
1 14036 1
1 12676 1
1 14536 1
1 16012 1
1 13391 1
1 15664 1
1 13312 1
1 14037 1
1 12677 1
1 15066 1
1 14537 1
1 12765 1
1 15107 1
1 12425 1
1 14540 1
1 12768 1
1 14044 1
1 12430 1
1 13392 1
1 14039 1
1 14538 1
1 12678 1
1 12432 1
1 15067 1
1 15665 1
1 13314 1
1 12431 1
1 12767 1
1 14883 1
1 14038 1
1 13313 1
1 12433 1
1 14972 1
1 12679 1
1 14040 1
1 15666 1
1 16014 1
1 13393 1
1 14539 1
1 13316 1
1 15726 1
1 16388 1
1 15143 1
1 12545 1
1 14172 1
1 13541 1
1 12842 1
1 15144 1
1 13495 1
1 13496 1
1 14634 1
1 16013 1
1 12429 1
1 13319 1
1 13394 1
1 12770 1
1 13315 2
1 12500 2
1 15606 1
1 13540 1
1 15105 1
1 14531 1
1 12763 1
1 15685 1
1 13390 1
1 14033 1
1 14586 1
1 14529 2
1 14028 2
1 14035 1
1 14034 1
1 14533 1
1 12762 1
1 12673 1
1 14032 1
1 16065 1
1 13308 1
1 15209 1
1 14171 1
1 12827 1
1 14667 1
1 12764 1
1 14029 1
1 14633 1
1 13494 1
1 13446 1
1 12828 1
1 13310 1
1 14106 1
1 14030 2
1 12674 2
1 16064 2
1 13309 2
1 14530 2
1 13389 2
1 14587 1
1 14668 2
1 15692 1
1 15761 1
1 14031 1
1 13539 1
1 14629 1
1 13437 1
1 14582 1
1 15208 1
1 13490 1
1 14630 1
1 14168 1
1 13441 1
1 14511 2
1 13489 2
1 14014 2
1 14631 1
1 15217 1
1 15029 1
1 13536 1
1 14100 1
1 14512 1
1 15604 1
1 15659 1
1 16338 1
1 14015 1
1 13294 1
1 14513 1
1 15061 1
1 16007 1
1 15218 1
1 16062 1
1 14169 1
1 16426 1
1 14515 2
1 15030 2
1 14016 2
1 14101 1
1 13295 1
1 14516 1
1 13491 2
1 14517 2
1 16063 2
1 16138 1
1 15031 1
1 15603 1
1 13442 1
1 15207 1
1 14632 1
1 15759 1
1 14017 2
1 14518 2
1 16146 1
1 14664 1
1 15605 1
1 13443 1
1 15063 1
1 14102 1
1 16011 1
1 14583 1
1 14665 1
1 13537 2
1 14103 2
1 15244 1
1 14170 1
1 13538 1
1 14514 1
1 13492 1
1 16009 1
1 14020 1
1 13297 1
1 14522 1
1 16337 1
1 15661 1
1 15064 1
1 14523 2
1 13298 2
1 14021 2
1 13384 2
1 14524 1
1 14022 1
1 15171 1
1 13493 1
1 14023 1
1 15682 1
1 13300 1
1 14584 1
1 13386 1
1 13301 1
1 15684 1
1 13387 1
1 14024 1
1 13302 1
1 14027 1
1 15683 1
1 15033 1
1 13444 1
1 15172 1
1 14138 1
1 14666 2
1 16077 1
1 15760 1
1 14528 1
1 13303 1
1 14104 2
1 13445 2
1 14525 1
1 13304 1
1 15065 1
1 16010 1
1 16336 1
1 15662 1
1 14025 1
1 13305 1
1 14105 1
1 14526 1
1 13306 1
1 14026 1
1 14527 1
1 14663 1
1 15028 1
1 15621 1
1 13535 1
1 13307 1
1 15104 1
1 14184 1
1 14674 1
1 13388 1
1 15758 1
1 15100 2
1 15242 1
1 15658 1
1 14502 1
1 14969 1
1 16004 1
1 14628 1
1 16061 2
1 14098 1
1 14503 1
1 15027 1
1 15600 1
1 16096 2
1 14009 1
1 14508 1
1 15948 1
1 14008 1
1 16330 1
1 15601 1
1 16060 2
1 15757 1
1 14010 2
1 15026 1
1 14509 1
1 14099 1
1 16006 1
1 15602 1
1 15060 1
1 14135 1
1 14618 1
1 15943 1
1 15947 1
1 14971 1
1 14504 2
1 14501 2
1 16145 1
1 15206 1
1 14661 1
1 14619 2
1 16108 2
1 15944 1
1 14136 1
1 14620 1
1 15170 1
1 14011 2
1 16095 2
1 15101 2
1 14505 2
1 14581 1
1 15025 1
1 16005 1
1 15597 1
1 15103 1
1 14621 2
1 15945 1
1 14622 1
1 14137 1
1 14013 2
1 14507 1
1 14012 1
1 16093 1
1 15599 1
1 15243 1
1 14623 1
1 14166 1
1 16462 1
1 14167 1
1 14662 1
1 15756 1
1 14625 1
1 15205 1
1 16097 1
1 15620 1
1 14165 1
1 14510 1
1 14624 2
1 16107 2
1 15946 1
1 14970 1
1 15598 1
1 14506 2
1 16144 1
1 16421 1
1 15732 1
1 15024 1
1 16423 1
1 15102 2
1 16094 2
1 16109 2
1 14626 2
1 16110 2
1 14627 2
1 16106 2
1 14492 2
1 15941 1
1 14614 1
1 15241 1
1 15725 1
1 14578 1
1 15216 1
1 14489 1
1 16424 1
1 16076 1
1 15098 1
1 14490 2
1 15655 1
1 16121 1
1 14496 2
1 15724 1
1 16440 1
1 16122 1
1 16104 2
1 14493 1
1 15023 1
1 14494 1
1 14495 2
1 15117 2
1 14579 1
1 14498 1
1 16331 1
1 16002 1
1 15059 1
1 14968 2
1 15010 1
1 14616 1
1 15754 1
1 15236 1
1 15022 1
1 15596 1
1 15238 1
1 14499 2
1 14500 2
1 15595 1
1 15942 1
1 14659 1
1 15239 1
1 15755 1
1 16059 1
1 15679 1
1 14660 1
1 15753 2
1 16105 2
1 15240 2
1 14617 2
1 15169 2
1 15680 2
1 16057 2
1 15122 2
1 14580 2
1 16058 1
1 15099 1
1 15681 1
1 14615 2
1 15058 1
1 16332 1
1 14497 1
1 15656 1
1 16003 1
1 15657 1
1 15204 1
1 15116 2
1 15168 1
1 15184 1
1 15653 1
1 15723 1
1 15588 1
1 15057 1
1 14965 2
1 15015 1
1 15654 1
1 16333 1
1 15097 1
1 15999 1
1 16001 1
1 15589 1
1 15938 1
1 15590 1
1 15017 1
1 15191 1
1 16054 2
1 15593 1
1 15939 1
1 15021 1
1 14966 2
1 16055 2
1 16469 2
1 15233 1
1 16092 1
1 15594 1
1 15018 1
1 15619 1
1 16056 2
1 15121 2
1 15678 2
1 15166 2
1 16075 1
1 16120 1
1 15722 1
1 15009 1
1 16392 1
1 15234 1
1 15167 1
1 15752 1
1 15235 1
1 16137 1
1 16490 1
1 16334 1
1 14967 1
1 16000 1
1 15652 1
1 15019 1
1 16425 1
1 15591 1
1 15016 1
1 15020 1
1 15592 1
1 15721 1
1 15940 1
1 15014 1
1 15141 1
1 15646 1
1 15647 2
1 15718 1
1 16027 1
1 15562 1
1 15937 2
1 15618 2
1 16422 1
1 15648 1
1 16329 1
1 16050 2
1 15995 1
1 15649 2
1 16051 2
1 15650 1
1 15996 1
1 16327 1
1 16103 2
1 16437 1
1 15749 1
1 16119 1
1 15997 1
1 15676 1
1 15563 1
1 16102 1
1 16052 1
1 15677 1
1 15564 2
1 16028 2
1 15750 1
1 16438 1
1 16135 1
1 16029 2
1 15751 2
1 16461 2
1 16053 2
1 16030 2
1 15565 2
1 16328 1
1 15936 1
1 15561 1
1 15717 1
1 16147 2
1 16136 2
1 15719 1
1 16439 1
1 15651 1
1 15998 1
1 16389 1
1 16026 2
1 16390 1
1 16460 2
1 16412 1
1 16413 2
1 16446 1
1 16363 1
1 16445 1
1 16364 1
1 16416 1
1 16436 2
1 16435 1
1 16411 2
1 16375 2
1 16415 1
