1 7486 -0.0948699708995141
1 7485 -0.19667726934513
1 7492 0.535184759304279
1 7048 0.993948288015531
1 7213 0.104669813802366
1 7260 -1.79176535064727
1 7261 -0.124031514006579
1 7262 0.0647729649276319
1 6688 -0.776706939173053
1 7232 0.81949867389956
1 7267 -0.08829296652344
1 7256 0.940778981053228
1 6910 0.440963865284417
1 7454 0.0286338263954475
1 7173 0.41416020911899
1 7198 0.249433704780595
1 7199 1.3755173504706
1 7458 -0.476098011108839
1 7482 0.93087000878441
1 7459 -1.5946185681759
1 7115 0.521098491873303
1 7140 -0.142843845086873
1 7692 2.02639140339751
1 7209 -0.106648947628884
1 7245 0.00941631322747583
1 7257 0.125786225252767
1 7063 -0.0946816169037656
1 7051 0.521181938385581
1 7112 -0.579892182443302
1 7124 -2.0272219002768
1 7137 0.0430328190625175
1 7043 -0.103008587992783
1 7053 -0.395254771568318
1 7193 -1.71731848269962
1 7205 0.183865886296725
1 7223 0.811432719747302
1 7050 0.0115179056322603
1 7596 -1.53431645784869
1 7476 0.0817763398168031
1 7157 0.150385448254852
1 7158 0.638844123757764
1 7108 -0.714404940254061
1 7185 0.314081983000719
1 7133 0.0318049943897734
1 7109 1.92915361970671
1 7159 -0.0492732785708299
1 7134 0.352053240508534
1 7172 -0.10532066645231
1 7472 0.0279549458783663
1 7095 1.10503912743334
1 7056 -0.343676449551178
1 7055 0.33921512743774
1 7215 -0.525282604939761
1 7227 -1.19028775344371
1 7216 -0.436449239152372
1 7228 -2.06372365601729
1 7252 -0.36594989331779
1 7587 -0.106689060282198
1 7576 -0.0740240018580209
1 7593 -0.306255722311846
1 7590 -1.08980260540631
1 7206 0.599162903960936
1 7230 0.148734619469806
1 7046 -0.147116999698156
1 7045 -0.0999821927656039
1 6155 -0.249507899277916
1 6722 0.0736645200029386
1 7194 -0.158050946519023
1 7142 -0.339471785886097
1 7118 0.440083492741621
1 7156 0.895595522922576
1 7131 0.803110823494649
1 7143 0.211077072726766
1 7687 -0.347252738700405
1 6663 0.199888351102466
1 7163 0.101058974049849
1 7201 -1.74169298729039
1 7125 1.49715326498634
1 7202 -1.04871903726072
1 7565 0.158578463985543
1 7575 0.0275859689582887
1 7574 -0.258752108415749
1 7560 -0.118634108832951
1 7455 -0.316336740097626
1 7542 0.0134330164607235
1 6831 -0.0894405180105338
1 6866 0.0606538867071909
1 6884 0.823909754470549
1 6860 0.859246238081411
1 6869 -0.110725761984963
1 6892 0.607483684548626
1 6857 -0.731230581990175
1 6833 -0.838476358383943
1 6900 0.184019842044743
1 6886 0.185012098098625
1 6851 0.0833897477165616
1 6874 -0.585879680937855
1 6723 -0.108152179508005
1 6721 0.328890042924778
1 6729 0.169462890267567
1 6715 -0.745234672128362
1 6927 0.189594419308321
1 6986 0.183192065621782
1 6915 -0.279952253136628
1 6962 -0.322787210292631
1 6939 0.0776812005444848
1 6713 -0.750551383617818
1 6725 0.374047833537863
1 6841 -0.812358949205333
1 6829 0.19210976259032
1 6888 0.00484554015852723
1 6719 -0.0828352520968375
1 6718 0.424775259599926
1 6724 -0.027124102108805
1 6777 0.417844396093945
1 6776 0.11981973150561
1 6834 0.413329093904153
1 6730 0.226448586477375
1 6717 0.601525414804996
1 6779 0.891838374734135
1 6929 -0.25139396564569
1 6928 -0.270599436365401
1 6916 0.180350620023773
1 6909 -0.810461282132863
1 6957 -0.0541981560178518
1 6979 0.162050556461558
1 6945 0.088920744835357
1 6967 0.111245923092902
1 6933 0.738000994175763
1 6972 0.193562930240418
1 6938 0.124246113168218
1 6937 -0.246839427483674
1 6943 -0.055347232241111
1 6990 -0.0256014959571701
1 6969 0.0278203798850171
1 6935 -0.309397545723797
1 6958 0.200066289962782
1 6911 0.217034469789169
1 6981 0.567534165676562
1 7241 0.384362423735193
1 6971 -0.749873045767615
1 6982 0.00189466831409391
1 6948 -0.1168880778315
1 6936 -1.20492081061941
1 6930 0.093028702355884
1 6838 0.715703060366167
1 6827 -0.133822895611311
1 6837 -0.42574022965141
1 6898 -1.2657875769488
1 1649 -0.264856449332811
1 1554 0.278549097204852
1 1592 -1.24412628993426
1 1597 0.985635166362243
1 1598 -1.40139460362715
1 1604 1.39980884382226
1 1605 -1.26426700489856
1 1610 -0.457642534982597
1 1614 -0.00445277159229818
1 1617 0.2891624309365
1 1621 -0.475055951084443
1 1625 -1.29610952021474
1 1629 -0.140894870411188
1 1632 -1.73941827398377
1 1648 1.19470546100024
1 1660 0.0703666280530456
1 1666 0.378628218413047
1 1741 0.106728545780804
1 1746 -1.22841489498228
1 1664 0.311065948948259
1 1820 -0.251587016993994
1 1834 -0.200452411150967
1 1835 -0.118178933332004
1 1803 0.305583041213637
1 1876 0.0231143018969786
1 1877 1.07185887911406
1 1880 -0.183268809140827
1 1882 1.58168842563504
1 1883 -1.26503945209009
1 1884 0.513523045786798
1 1887 0.194033770430072
1 1825 0.156995157714128
1 1890 -0.339272418488207
1 1891 0.271685198452451
1 1899 0.594602111702855
1 1960 0.656083867504123
1 1981 1.19267141272329
1 2064 0.439217660327415
1 2066 0.00878875510312582
1 2067 0.0710322983428568
1 2068 0.237191338560867
1 2069 0.151272937098323
1 2070 0.822836574093699
1 2071 0.440647219016051
1 2072 0.166529512031803
1 2073 0.404742822669974
1 2075 0.337015827536641
1 2076 -0.107151187135202
1 2096 0.497326021044518
1 2099 -0.26902877280795
1 2110 -2.7513765978934
1 2115 0.727170768306742
1 2120 2.85168160031159
1 2123 1.76671677745969
1 2126 -0.0860975523886888
1 2133 -2.75248600372265
1 2135 0.698224586899343
1 2138 0.51880721316931
1 2141 1.29776129665808
1 2142 1.89495233058778
1 2143 -0.364762272745888
1 2146 0.0521778465453053
1 2149 2.88852233795015
1 2154 -0.354624913486049
1 2159 0.342713287525207
1 2163 0.0211572487513045
1 2164 -0.456183460496746
1 2167 -0.0484267543378678
1 2168 -0.411836798488636
1 2169 0.039456169955214
1 2170 0.273708874315929
1 2171 0.463185396550165
1 2173 1.20636501339095
1 2174 0.214896981168391
1 2175 -0.692018400577581
1 2176 0.42193411394927
1 2177 0.0458251460236454
1 2178 0.258441824871451
1 2180 -0.783308361335202
1 2214 -0.105317735988966
1 2245 0.189878297947639
1 2252 0.420622476671241
1 2260 0.32717305050064
1 2275 1.30069635618079
1 2276 1.09963419819982
1 2278 0.176657855510172
1 2282 0.97513602423146
1 2285 -0.581550760529808
1 2287 -0.697771393290793
1 2292 0.213989014814651
1 2296 -0.797601561206932
1 2300 0.353369484191461
1 2303 0.608446659355201
1 2312 0.400184094998906
1 2219 1.49391361596639
1 2321 1.28831152214403
1 2323 0.423006618205412
1 2218 -1.31734321540694
1 2337 0.330268970794378
1 2236 0.494906213116799
1 2339 0.474806121057516
1 2340 0.15531872820182
1 2341 0.0983045566602022
1 2342 0.0292734354335309
1 2343 0.80104489127973
1 2344 0.934372721814933
1 2239 0.235262277272071
1 2349 0.134693782445652
1 2350 0.745397577771939
1 2351 -0.790265868825458
1 2353 0.0378436167703266
1 2355 -0.113662182374924
1 2356 1.49556849148269
1 2359 -0.0791683751045961
1 2361 0.366145673265891
1 2362 0.478233507967943
1 2363 -0.186815245877807
1 2364 0.0532261734028339
1 2365 0.0963346118633979
1 2366 -0.0809477334204634
1 2223 0.0165186683336707
1 2368 -0.0203960498470955
1 2369 0.0377253315479228
1 2370 -1.78155924545251
1 2371 -0.380940274355889
1 2372 -0.259246061287229
1 2373 0.834561782715213
1 2374 0.105628352955819
1 2375 0.770004206243222
1 2377 0.249108428250085
1 2378 0.340604092571273
1 2379 0.135005617199564
1 2409 0.088183698160653
1 2417 -0.116784339113716
1 2421 -0.143357149835775
1 2431 0.0769469410261365
1 2443 -2.17690658878888
1 2447 0.280714494618792
1 2459 1.29063379639658
1 2460 0.118296396706366
1 2462 -0.810777845088779
1 2465 -0.237843993757679
1 2475 0.00382145658065269
1 2479 -0.106650201202012
1 2487 1.18804297633349
1 2488 0.963496963918899
1 2494 0.370247445307868
1 2505 -0.299733686679467
1 2517 0.609121878300499
1 2520 1.2356870948326
1 2523 0.277614156093165
1 2532 -1.76914233854075
1 2534 0.201610617851242
1 2536 -0.0151228525572833
1 2393 -0.428456032221419
1 2540 -0.198516677896563
1 2545 0.242066726729007
1 2549 -1.14552846263877
1 2569 2.05830156244016
1 2401 0.112173534904789
1 2571 -0.0330344539465557
1 2572 0.487799981568372
1 2601 -0.280850235914158
1 2605 -2.6166393102196
1 2606 -0.187238673325794
1 2607 -0.229324719310277
1 2610 -0.236111456454083
1 2611 -0.26111962630479
1 2612 -0.175014271668668
1 2614 0.654420726116257
1 2617 -0.0237416448132763
1 2623 -0.655903471247882
1 2624 -0.745690105757215
1 2627 0.142200147666112
1 2631 -0.0990789330152495
1 2632 -1.00430857621251
1 2635 -1.0966812094878
1 2637 0.433272026796146
1 2640 -0.259912969079232
1 2641 0.530670072922807
1 2644 0.297483451480758
1 2648 0.729880193383536
1 2650 1.39062086999405
1 2653 -0.179471354573678
1 2661 0.172194695145511
1 2666 0.935237570700735
1 2668 0.147852030364092
1 2671 -0.243066252587482
1 2673 0.112572421648504
1 2674 0.0266826726266913
1 2677 -0.528077826737388
1 2681 -0.152295164583165
1 2683 0.441109922542997
1 2597 -0.0470309455184257
1 2685 -0.564662209972643
1 2600 0.912921398149052
1 2688 -0.431610416278062
1 2695 -0.701737744199204
1 2697 -0.469428353219108
1 2698 0.175804335209783
1 2699 -0.348815393315306
1 2700 -2.35542226597727
1 2703 -0.0595220444804056
1 2704 2.49235633318531
1 2706 -0.0123563009083938
1 2707 -0.034459266833134
1 2792 0.560909469251584
1 2795 0.261626039237816
1 2799 -0.422266019727502
1 2800 0.180530083290591
1 2804 0.318842559801993
1 2812 0.25080047700672
1 2817 0.267700692134838
1 2819 -0.531491884679582
1 2829 0.183305329378193
1 2830 0.352655485227397
1 2834 0.024073244415348
1 2841 0.0917621197332418
1 2842 0.648918805901322
1 2843 1.79944277746316
1 2850 0.712388508977497
1 2852 -2.82492982570918
1 2853 -0.0410951259959745
1 2856 0.00415895959402235
1 2858 1.32921887742555
1 2860 0.0555913040811298
1 2861 0.270917866340021
1 2868 0.197597160231626
1 2871 -0.280562258173717
1 2873 -0.0067034780230486
1 2880 0.514715546311407
1 2884 -0.136390028607181
1 2892 0.272810762082296
1 2898 0.0678540146299582
1 2899 -0.16606830055504
1 2901 -5.68845263983434
1 2903 -0.204617136784961
1 2906 0.451627009203946
1 2908 0.23585532047543
1 2921 1.79813641638202
1 2927 -0.134628178464388
1 2931 0.00205716261520905
1 2933 1.21168180882927
1 2941 0.185366461637922
1 2942 0.268373041884828
1 2784 -0.0490906322755128
1 2787 0.0380056009755508
1 2963 0.0611536894083381
1 2964 -0.192844876034101
1 3002 -0.400131237468128
1 3009 0.0292353125377692
1 3027 0.812779891767448
1 3033 0.0167098963428316
1 3048 -0.747403218810177
1 3061 0.223426001521943
1 3076 -0.139976111877694
1 3088 -0.723001453593099
1 3100 -1.08284055137668
1 3111 -0.0586317291457235
1 3116 -0.8033133917817
1 3121 0.655715451925782
1 3123 -0.16380254935022
1 3129 0.0236551919167738
1 3198 -0.95588898107026
1 3199 -1.30521149269765
1 3201 0.342065636842321
1 3202 -0.0173009392959614
1 3203 -0.0167468301128366
1 3209 0.118508887696085
1 3214 -0.666569378556725
1 3221 0.196796705702013
1 3222 1.0581624660305
1 3224 -0.206289776994235
1 3227 -1.37448515439256
1 3232 -1.08372438042043
1 3236 -0.20566575713363
1 3237 -0.454687647638153
1 3239 -0.39616373711327
1 3248 -0.772808502158928
1 3250 -0.0155098266499718
1 3252 -2.4497514629267
1 3253 -1.83186993514447
1 3255 -0.0222711672223426
1 3259 0.23523371785685
1 3260 -0.364322582781611
1 3263 1.99395793642503
1 3265 -0.608539084777823
1 3267 -2.05102903856096
1 3268 -0.0595549374658162
1 3270 0.513343197217679
1 3273 -0.131970122501997
1 3275 -0.409976087858198
1 3276 -0.856593965180352
1 3278 -2.86247933370558
1 3279 0.121183650118537
1 3280 0.03185144276707
1 3281 -0.898986724215405
1 3282 0.112357215646668
1 3285 -0.145510904919088
1 3286 0.246357700355489
1 3287 -0.952468266018585
1 3289 -1.06228997634591
1 3290 -0.349679286779207
1 3291 -0.195294432616001
1 3292 -1.70843750113067
1 3295 -0.583791381849124
1 3296 0.266910893297052
1 3300 -0.3126978759785
1 3301 0.131370252066972
1 3303 0.0663111015690987
1 3306 -0.194128222735368
1 3307 -0.036079814435908
1 3308 -1.50931412614779
1 3310 0.803211358651907
1 3314 -0.415141235388006
1 3316 0.336472955861315
1 3318 0.100693428048515
1 3319 0.207591289957719
1 3320 0.472685214572209
1 3326 -0.168768090197776
1 3328 0.781882779099007
1 3330 0.156893358587297
1 3440 0.994639434703018
1 3445 -0.478153940824797
1 3468 0.561591287753245
1 3469 0.106027071917557
1 3471 0.121181657553798
1 3473 0.0853311673207315
1 3538 0.241592783415124
1 3552 0.430917226670516
1 3559 -0.232011293618496
1 3563 0.144206703470275
1 3567 0.14375137085692
1 3571 0.277574794988491
1 3577 0.144153616860024
1 3423 -1.12949820209838
1 3581 -0.396344838826138
1 3592 0.121262107537992
1 3593 0.425811050591591
1 3604 -0.818002068621581
1 3607 0.309981793026679
1 3611 -2.29485769536717
1 3636 -0.26722232651715
1 3641 -0.109411690370501
1 3651 0.198737357016171
1 3658 0.710291853005245
1 3659 0.688343505010645
1 3662 -0.655394416882353
1 3681 0.595623698427175
1 3692 -0.548467975846724
1 3700 -0.521678919161047
1 3704 0.213919316714382
1 3711 -0.826060857107677
1 3725 0.564948519004986
1 3734 0.873991127701316
1 3738 -0.0477168192807613
1 3748 -0.53710863679396
1 3759 -0.0188985134356727
1 3762 -0.319984804693471
1 3782 -0.0253404116960212
1 3796 0.352455537657751
1 3885 -0.259484124093717
1 3945 -1.24300258250716
1 4004 -0.169406767343344
1 4008 0.276956608066641
1 4104 0.857084988026656
1 4155 0.0740229385623176
1 4157 -0.670329315329994
1 4158 0.119206972829716
1 4159 -0.235342386711665
1 4161 -1.15998335178769
1 4162 -0.95842106860951
1 4164 1.63225056877425
1 4168 -1.42850953347707
1 4169 -0.359274236204499
1 4170 0.998282263251042
1 4172 -2.28079466165272
1 4173 0.310933599466125
1 4175 -2.15041957168989
1 4176 0.304324912060054
1 4177 0.203834708427678
1 4179 0.213508057785504
1 4184 0.389136878843914
1 4186 -1.44312610225097
1 4187 -1.07157935646663
1 4190 -0.0586478387602938
1 4193 0.00559688966249785
1 4195 -0.54521217270289
1 4196 -0.177011304356142
1 4200 1.98575153623804
1 4205 -0.742717233157208
1 4206 -0.12483251407419
1 4209 0.3924083249359
1 4210 1.8925996057273
1 4212 0.475284158362655
1 4217 0.0807075498732331
1 4218 0.97343099221041
1 4226 0.183983253478061
1 4227 0.00183764981113654
1 4229 0.238612241860238
1 4230 0.146453071358138
1 4232 -0.324640875015973
1 4234 -0.366459285801511
1 4238 -0.153484512201452
1 4240 0.197850936257822
1 4241 0.077628970007576
1 4242 0.283903610676802
1 4243 -0.0860215885929279
1 4244 -0.460826690105392
1 4250 0.214329601604618
1 4251 0.354029303274359
1 4255 -0.713348944673683
1 4256 0.717039496335872
1 4257 1.52822973266004
1 4258 0.0425828427621688
1 4259 -0.682642419639308
1 4260 -2.89995029775014
1 4262 0.213705584979266
1 4266 1.36792976604684
1 4309 -2.02856814203057
1 4310 -1.88981950660241
1 4313 0.282551738565833
1 4314 -0.734356365748184
1 4317 -0.0683935334370744
1 4322 0.0489540951041079
1 4335 0.118003955679217
1 4343 0.54682211751584
1 4345 -2.18537623591399
1 4346 -1.02026307604202
1 4353 -0.761320892027157
1 4359 -0.0353772198543132
1 4378 -0.0526436626950328
1 4385 0.800322622685997
1 4386 -0.174388003249555
1 4395 0.0455801537017888
1 4396 0.142897857973026
1 4398 0.451229979677805
1 4404 0.709077467893451
1 4407 -0.511926222033806
1 4410 -0.0340316776503613
1 4416 2.94376376070267
1 4418 -0.0263396881128604
1 4420 -0.0218322706448433
1 4432 0.441687993317241
1 4440 1.00976294067372
1 4454 -0.00472135013030576
1 4456 0.0609755104781087
1 4460 0.251540599866459
1 4461 0.82625334046395
1 4465 0.0413617400224192
1 4466 0.424822825718697
1 4467 0.0237861175126639
1 4468 -0.295660377187253
1 4472 -0.41120203684136
1 4473 0.142075712665616
1 4517 -0.11912660533585
1 4529 0.85655219415878
1 4543 -0.0623381613991967
1 4562 0.208111849157461
1 4575 -0.212649085127865
1 4598 0.357624898244325
1 4628 0.300100930139166
1 4631 -0.236607901062007
1 4635 0.804267465768831
1 4636 0.0460775402996442
1 4688 -0.47981397012677
1 5059 -1.91910899803781
1 5060 -0.241504982606557
1 5061 -1.46089073415359
1 5067 -1.61579517629264
1 5069 0.0906440046120906
1 5075 0.149529208580617
1 5076 -0.0722583238855776
1 5077 0.912488784507104
1 5080 -0.673209593808849
1 5084 0.103207471533475
1 5085 -0.0386908995660065
1 5086 0.585003929891872
1 5087 0.848761443915549
1 5096 0.548236003326934
1 5097 -0.0204692997000677
1 5100 -0.00157543677112434
1 5103 -0.882741967394603
1 5105 -0.818366855857818
1 5108 -0.760543364283336
1 5111 -0.246528869130003
1 5113 0.186372773114954
1 5114 -0.77679713284374
1 5119 -0.380832446063877
1 5120 -1.23473334997792
1 5122 -1.0181141230355
1 5124 -1.69138427700059
1 5125 -0.538663198085032
1 5127 -0.708896153668348
1 5128 -0.38862260938248
1 5129 -1.57560314605661
1 5130 0.315756766875684
1 5132 0.429101830646061
1 5133 1.08428992993947
1 5135 -1.37610475009498
1 5137 0.155379919087647
1 5141 -0.113720599949289
1 5142 -0.681813240639599
1 5144 -0.360681864351307
1 5146 -0.160971448418508
1 5150 -0.116542134398169
1 5152 0.417558296991537
1 5153 0.0734186405778132
1 5156 -0.911583013263964
1 5157 -2.88505563398328
1 5158 -0.449671229647379
1 5226 0.102426781281551
1 5276 -0.141399411583365
1 5232 -0.216117338261967
1 5234 -1.69486319985947
1 5235 -0.363802198352396
1 5242 -0.234092622684803
1 5247 -1.63673443926689
1 5248 -0.477966445097664
1 5250 0.00433893842365478
1 5312 0.425842052676529
1 5326 0.0478589549909714
1 5403 0.193026575965717
1 5407 1.56269336176203
1 5420 0.826962340305869
1 5421 0.335489456731551
1 5422 0.978620389944894
1 5426 -1.94793269455531
1 5427 -0.198168679121395
1 5430 0.267647146292669
1 5431 0.383271958658966
1 5433 -0.162530443667258
1 5439 0.407137306167111
1 5442 0.300811578475685
1 5443 -0.419142308545204
1 5444 0.0341590689185125
1 5447 0.110174559190151
1 5456 -0.434791059391728
1 5458 -1.05994017189141
1 5459 0.922518004651266
1 5466 -0.289997660583443
1 5468 0.85991922896352
1 5469 -0.761684473654952
1 5476 -0.461077292767328
1 5480 1.209818862416
1 5483 0.294393024092415
1 5484 -3.58073596913667
1 5485 0.314463944885048
1 5486 0.206313288954438
1 5490 -0.029082318646667
1 5491 -0.517482184706002
1 5495 -0.0501963296853286
1 5496 0.321952017035845
1 5501 0.0258606978600767
1 5505 0.308140529541689
1 5506 -0.067260127855036
1 5510 0.0715994324772851
1 5513 -0.426792275650342
1 5514 0.102626263493988
1 5515 -0.743741555128537
1 5516 -1.52313891269836
1 5520 0.149365535699518
1 5525 0.203574063835914
1 5526 0.120251948465847
1 5528 0.0417059391488976
1 5530 -0.464176311482061
1 5531 0.142572557793536
1 5535 -0.297784860699911
1 5542 0.177020950661493
1 5543 0.491926549059476
1 5544 -2.20180938439293
1 5547 -0.845946633309957
1 5555 0.33324093614587
1 5556 0.863310085501439
1 5562 0.182806041409094
1 5593 0.0978491622922348
1 5594 0.330214045152502
1 5636 0.091416890628102
1 5662 0.0525739363222272
1 5616 -0.615984609823698
1 5705 -1.06695267054806
1 5741 0.0150188034742484
1 5751 -0.111281427486621
1 5759 -2.29093918312017
1 5762 2.79707545726694
1 5768 0.180120960971919
1 5891 -1.04850547355491
1 5917 -0.496532978094478
1 5596 1.16094899487845
1 5589 -0.321879522087514
1 6082 1.0410189187877
1 6084 -0.93687517973558
1 6086 -0.413877926577541
1 6089 0.86991159396041
1 6099 0.547685346382707
1 6100 0.773393217107345
1 6116 0.103662823641014
1 6118 0.0772758943178644
1 6124 -0.209860226545743
1 6125 0.07247002945563
1 6127 -0.221669773515742
1 6136 0.763618119080756
1 6145 0.0964573245916469
1 6147 -0.234974989563227
1 6150 0.211511685245722
1 6151 0.159031182906794
1 6159 0.0665644696146259
1 6164 0.353451716834599
1 6168 -0.142103070391938
1 6171 0.19380401976855
1 6176 -0.124710123520281
1 6186 -1.90419539635896
1 6189 -0.170962684857051
1 6193 0.0769643217484486
1 6195 -0.522225936859456
1 6196 -0.0810290751157273
1 6302 0.229511541240988
1 6331 1.06795241277138
1 6332 -0.302740048852752
1 6333 -0.0800443827331397
1 6338 1.20896652469864
1 6342 -0.271088100990923
1 6345 0.395493370884694
1 6348 -0.111899996629421
1 6354 0.413138827090819
1 6362 -0.596530096530429
1 6369 0.148693979752835
1 6406 0.236655211906801
1 6408 -0.0153438454049706
1 6409 1.01720463783755
1 6414 -0.413260246740066
1 6425 0.653642699166312
1 6435 0.14588978229785
1 6441 -0.440656500902676
1 6451 -0.284367144803994
1 6452 0.321290204573434
1 6455 0.166653710469963
1 6463 -0.097091220215404
1 6479 0.192369712959334
1 6486 0.45635720127261
1 6528 -0.761372166205206
1 6536 -0.481872598971862
1 6565 0.493617378190244
1 6567 -1.47951513541287
1 6577 0.104220306948292
1 6585 0.547289560596255
1 6591 -1.07158155439808
1 6593 0.0479527576018484
1 6605 -0.2250646475472
1 6608 0.0869285741902843
1 6609 -0.86006845503015
1 6615 -0.239527113651786
1 6616 0.342123847810818
1 6617 -0.184069318421996
1 6625 -0.319594965544364
1 6644 0.0397987755992489
1 6646 -0.218832558581444
1 6654 -0.849302471631015
1 6666 -0.141296620301844
1 6674 -0.871896137366988
1 6675 0.32276887211961
1 6678 -0.184002523858548
1 6679 0.102536566813174
1 6680 0.556623676464213
1 6682 0.0318158780410564
1 6683 0.243598527354649
1 6685 -1.88479802040908
1 6689 -0.706214575947712
1 6690 0.0321893282863528
1 6691 0.190996584584653
1 6692 -1.82768193056853
1 6695 -1.60806032442196
1 6697 -0.0120003674074383
1 6770 -0.322310705175208
1 7336 -4.11493863670233
1 7339 1.1246451394903
1 7039 0.910190710789294
1 7698 -0.110131911965908
1 7700 1.51285597817346
1 8240 0.0455210289769212
1 8258 -0.306988459362808
1 8265 0.65999537556857
1 8304 0.0241733005059928
1 8312 -0.0273558749436707
1 8327 -0.103723804296146
1 8358 -0.272104815982701
1 8362 0.258509639805027
1 8365 -2.64605250233751
1 8467 1.09634588168529
1 3564 -0.0377436564418887
1 3589 0.12454417004453
1 4051 -0.271887390710702
1 4068 -0.176987370413514
1 4103 0.586196368101994
1 4120 0.861107921518453
1 4131 -0.0419279109188722
1 4153 0.50483828844466
1 4156 -0.249300447821071
1 4166 0.00653735309728631
1 4216 0.741304353846687
1 4220 -1.27464892125323
1 4223 -0.0843408897649643
1 4261 -2.24038959368397
1 4316 -0.186792290353192
1 4318 -0.912062354274951
1 4361 0.420312334709479
1 4399 0.735959143431273
1 4459 0.165399774870548
1 4470 0.46192356113437
1 4734 -0.121304964632742
1 5063 -0.185703424626183
1 5066 0.803405540971937
1 5089 0.0972553952318407
1 5102 -0.820425987083951
1 5107 -0.182133467086704
1 5121 -0.0170941079835472
1 5147 -0.0667246170080489
1 5246 -2.13362624967266
1 5455 -0.580734863816787
1 5467 2.56478753245366
1 5552 0.364873976016469
1 5561 -0.0447079551878744
1 6411 -0.243504837152083
1 6459 0.401985075027966
1 6583 0.58054765844637
1 6599 -0.0502257616177246
1 6620 0.261017242827123
1 6633 -0.454553588191757
1 6694 -0.740735533470181
1 6726 -0.361994918618556
1 6859 1.05510573922538
1 6867 -0.0492154803046958
1 6868 0.45956866225562
1 6907 1.8706741339364
1 6920 1.60010470850159
1 8710 -0.0542922021116539
1 8712 -1.1076486822829
1 8714 -0.0545441824266675
1 8715 0.548183017114638
1 8716 -0.447404878055877
1 8717 0.525941664143062
1 8729 0.109075566166138
1 8787 -1.07125941999273
1 8718 0.667918039775685
1 8730 -0.179942272067815
1 8800 0.182971211660188
1 8731 -0.0630845480292592
1 8720 -1.38323419432547
1 8766 0.331836599427675
1 8790 0.066396976978632
1 8721 0.0457267550184876
1 8733 0.0187270661991666
1 8744 -0.182162564221734
1 8756 -0.684043483933195
1 8734 0.0473538662775089
1 8780 0.216161548553694
1 8804 -1.02444894252017
1 8758 -0.27483199081433
1 8805 -1.63887346322775
1 8724 -0.850169515896596
1 8735 0.00538985802943633
1 8759 -0.295974859885519
1 8782 0.546698515473039
1 8794 0.314792203155129
1 8725 -0.428964392688073
1 8760 -0.374671457105691
1 8783 0.890419380638917
1 8807 0.127351895303946
1 8749 -0.121026438628509
1 8750 0.520174036592493
1 8762 -0.54047594134164
1 8809 -0.0954152601701566
1 8798 0.233852352920062
1 8811 -0.234787256974447
1 2162 0.269580236220138
1 8812 0.0645260125500234
1 1663 0.0209254770780944
1 1769 0.579182552761267
1 1784 -0.797779966031949
1 2966 2.37235984688368
1 3443 0.0374620520415192
1 3881 0.877936449942098
1 2297 -0.0555094611144611
1 1662 0.318361776417163
1 2262 -0.257039145431868
1 2645 0.111697444796761
1 3488 -0.0161658701479865
1 3954 0.441378450251264
1 2651 0.228227191409644
1 3490 0.100453589515376
1 3573 0.24662999692822
1 3968 -0.198349325918045
1 2265 0.12047445524243
1 2352 0.00117618578016326
1 2658 0.285684771094971
1 3509 0.846917164500525
1 2270 -0.630948219373948
1 2354 0.545196986347207
1 1885 0.494939736793711
1 2271 1.09759450556726
1 2358 0.109166941775641
1 2686 0.0450706912878118
1 5595 1.74458636061698
1 2172 -0.107615184287727
1 2279 0.056704752727768
1 5604 -0.12423285050005
1 2248 0.242772222945149
1 2280 0.361661606909877
1 3533 0.612718344597852
1 5606 1.500449929989
1 3442 -0.336168944193275
1 8965 -1.13024713789842
1 5648 0.736847441817616
1 5652 0.330603343475029
1 7144 -0.236359792487984
1 5622 1.09135236162859
1 5626 -0.314703414545932
1 5631 -0.230781212803066
1 8510 -0.367588688457118
1 5632 0.770865100633742
1 8974 0.224538229664276
1 6701 -0.84567680500237
1 8508 -0.389740114034742
1 9023 -0.0298030776461976
1 9012 0.00605771494117846
1 9036 -0.146026637083651
1 9060 0.611354184384943
1 8992 -1.21972910198843
1 9016 0.507528589380584
1 9063 0.0522449745616124
1 9029 0.308803679005706
1 9030 -0.58437123419346
1 8997 -0.976181345589993
1 9022 0.669034279936042
1 9093 -0.398103023373437
1 9119 0.174953702339119
1 9074 0.255695327312303
1 9075 -0.477581023025962
1 9086 0.503152776940105
1 9110 -0.796120002408102
1 9146 1.23373234908269
1 9125 0.926779228184273
1 9126 1.08146604238613
1 9139 1.13476641449599
1 8506 0.510332722703737
1 9165 -0.135430635444337
1 9239 -0.569938844554059
1 10753 -0.00292817786305477
1 9166 0.29119950651112
1 9207 -0.054425240190227
1 9257 0.065199941281719
1 9213 -0.582510953326619
1 9169 -0.878064607355697
1 9214 0.445916374149533
1 9244 -0.0251446729205753
1 9208 0.458937908004287
1 9246 0.479300615313614
1 9247 1.852386912274
1 9206 -0.350145407415937
1 9211 0.0578400284015999
1 9212 0.505599782644282
1 9775 0.208715944432925
1 9764 -2.37900554172822
1 9800 -0.439400378514989
1 9778 1.02293466550003
1 9768 -1.86980657756675
1 9757 -2.66229550904566
1 9769 -0.14942842983514
1 9793 0.72026605938845
1 9805 -0.0273946766062447
1 9817 -0.530875548313153
1 9759 -0.105661149969208
1 9795 0.120306527743556
1 9819 0.493575182333799
1 9784 -0.76132504564039
1 9797 -0.521347111226561
1 9809 0.347537053215177
1 9822 -0.30212069520793
1 9834 0.569473781240049
1 9836 0.428423504401891
1 9871 -0.453161088470978
1 9849 0.420974759311918
1 9838 -0.131213630463606
1 9897 0.0930094887328181
1 9827 0.0511044129482912
1 9839 -0.409538313653968
1 9840 -1.31872931957267
1 9841 -0.206915650208344
1 9843 -0.574442419544965
1 9866 -0.0704932376148264
1 9833 0.458962505739218
1 9845 0.210532729111435
1 9904 -0.39838310950294
1 10131 0.0753733177657097
1 10126 0.829614358038498
1 9216 -0.127450169544005
1 10125 0.579268391183192
1 2165 0.0567343165582557
1 5460 0.312283234987632
1 3317 0.462441240542546
1 3414 -0.494762432213501
1 3420 0.10850041901197
1 2360 0.121412585349852
1 3428 0.537523143328343
1 5597 -0.502706907841002
1 2376 0.177835979526568
1 3431 0.0577090797558052
1 2476 0.20374498255949
1 3447 -1.53688770882752
1 1821 1.24392473684173
1 2659 -0.000283096789758019
1 3609 -0.0603924107224429
1 6588 0.62797047715182
1 1878 0.0347190248116647
1 2680 0.154336026050856
1 3771 -0.399235657246805
1 2807 0.63571306506195
1 5094 -0.27353658714685
1 10190 0.138383939406462
1 10202 0.563414074733373
1 10237 -0.183049273558472
1 10180 -0.540313768140663
1 10191 0.818446584792852
1 10205 0.1385693826264
1 10220 0.0622121011079528
1 10231 -0.951543204034991
1 10243 -0.292770504210736
1 10255 -0.0475990838400264
1 10303 0.296589134463015
1 10258 0.149187783311646
1 10293 0.0610924307505343
1 10307 1.39077459474851
1 10296 1.67059912719492
1 10345 1.28516858683369
1 10347 0.0460528924423969
1 10289 -0.459546872097661
1 10348 -2.11663230763423
1 10349 -1.99134894172141
1 10351 0.0428058440457804
1 9083 -0.593696300833026
1 10438 -0.111680075267309
1 10443 -0.560060443871341
1 10515 1.14621793818546
1 10527 -0.0774459823834188
1 10529 1.58243431314474
1 10518 -0.345299664717146
1 10530 -0.816917808363883
1 10525 -1.1567261030942
1 10586 -0.396326755984745
1 10552 -0.259462586361337
1 10575 0.74429807126225
1 10613 0.425859674859169
1 10626 0.421478209696915
1 10628 -0.299978766476357
1 10567 -0.284611225313483
1 10603 -0.519312175361847
1 10618 -0.424566814592055
1 10594 0.349768893680003
1 10630 -0.285453438958939
1 10549 -0.0264947924814862
1 10632 -0.103201886077784
1 10622 0.611798394603085
1 11075 0.219643761439826
1 10647 -0.147754164149546
1 10659 0.283888681015412
1 10661 -0.335969376795049
1 10642 0.0886119968266712
1 11092 1.3828680343907
1 11107 0.497216732448777
1 11202 0.707070827309991
1 11384 -0.736419734337318
1 11386 0.313135604765023
1 11508 -2.57899776201469
1 11563 -1.40857195883697
1 11568 0.20738851047895
1 11571 1.15318081037529
1 11575 -2.17208586203964
1 11602 0.650551149674072
1 11606 -0.739092688494253
1 11608 -0.432500225825862
1 11619 -1.1871236871813
1 11620 0.148356233822028
1 11621 -0.225964607014618
1 11804 -0.482469221530664
1 11806 0.0770830455334988
1 11825 1.04458236106333
